year,Driver,DriverStrength
1958,Adrian  Sutil ,0.11337581276893616
1959,Adrian  Sutil ,0.11132758855819702
1960,Adrian  Sutil ,0.11172254383563995
1961,Adrian  Sutil ,0.11313843727111816
1962,Adrian  Sutil ,0.11504709720611572
1963,Adrian  Sutil ,0.1170269250869751
1964,Adrian  Sutil ,0.11880812048912048
1965,Adrian  Sutil ,0.12027361989021301
1966,Adrian  Sutil ,0.12140923738479614
1967,Adrian  Sutil ,0.12225291132926941
1968,Adrian  Sutil ,0.12286052107810974
1969,Adrian  Sutil ,0.12328802049160004
1970,Adrian  Sutil ,0.12358337640762329
1971,Adrian  Sutil ,0.12378457188606262
1972,Adrian  Sutil ,0.12392018735408783
1973,Adrian  Sutil ,0.12401092052459717
1974,Adrian  Sutil ,0.12407147884368896
1975,Adrian  Sutil ,0.1241120994091034
1976,Adrian  Sutil ,0.12413966655731201
1977,Adrian  Sutil ,0.12415894865989685
1978,Adrian  Sutil ,0.12417317926883698
1979,Adrian  Sutil ,0.1241844892501831
1980,Adrian  Sutil ,0.12419436872005463
1981,Adrian  Sutil ,0.12420390546321869
1982,Adrian  Sutil ,0.12421393394470215
1983,Adrian  Sutil ,0.12422516942024231
1984,Adrian  Sutil ,0.12423813343048096
1985,Adrian  Sutil ,0.12425355613231659
1986,Adrian  Sutil ,0.12427215278148651
1987,Adrian  Sutil ,0.12429478764533997
1988,Adrian  Sutil ,0.12432242929935455
1989,Adrian  Sutil ,0.12435632944107056
1990,Adrian  Sutil ,0.12439797818660736
1991,Adrian  Sutil ,0.12444919347763062
1992,Adrian  Sutil ,0.12451210618019104
1993,Adrian  Sutil ,0.12458918988704681
1994,Adrian  Sutil ,0.12468311190605164
1995,Adrian  Sutil ,0.12479624152183533
1996,Adrian  Sutil ,0.12493011355400085
1997,Adrian  Sutil ,0.12508371472358704
1998,Adrian  Sutil ,0.12525005638599396
1999,Adrian  Sutil ,0.1254100203514099
2000,Adrian  Sutil ,0.12552085518836975
2001,Adrian  Sutil ,0.12549874186515808
2002,Adrian  Sutil ,0.125202476978302
2003,Adrian  Sutil ,0.12445329129695892
2004,Adrian  Sutil ,0.12321643531322479
2005,Adrian  Sutil ,0.12214426696300507
2006,Adrian  Sutil ,0.12569878995418549
2007,Adrian  Sutil ,0.11965975165367126
2008,Adrian  Sutil ,0.1114092767238617
2009,Adrian  Sutil ,0.14556074142456055
2010,Adrian  Sutil ,0.23133787512779236
2011,Adrian  Sutil ,0.25488874316215515
2012,Adrian  Sutil ,0.1390472948551178
2013,Adrian  Sutil ,0.21030202507972717
2014,Adrian  Sutil ,0.1440008282661438
2015,Adrian  Sutil ,0.13265188038349152
2016,Adrian  Sutil ,0.1312263309955597
2017,Adrian  Sutil ,0.13331446051597595
2018,Adrian  Sutil ,0.1340813934803009
2019,Adrian  Sutil ,0.13327422738075256
2020,Adrian  Sutil ,0.13097137212753296
2021,Adrian  Sutil ,0.1268807053565979
2022,Adrian  Sutil ,0.11995761096477509
2023,Adrian  Sutil ,0.10723808407783508
2024,Adrian  Sutil ,0.08222076296806335
2025,Adrian  Sutil ,0.039903052151203156
2026,Adrian  Sutil ,-0.06969387829303741
2027,Adrian  Sutil ,-0.07349970936775208
2028,Adrian  Sutil ,-0.07349970936775208
2029,Adrian  Sutil ,-0.07349970936775208
2030,Adrian  Sutil ,-0.07349970936775208
1958,Aguri  Suzuki ,0.11337694525718689
1959,Aguri  Suzuki ,0.11133085191249847
1960,Aguri  Suzuki ,0.11172743141651154
1961,Aguri  Suzuki ,0.11314496397972107
1962,Aguri  Suzuki ,0.11505550146102905
1963,Aguri  Suzuki ,0.11703747510910034
1964,Aguri  Suzuki ,0.11882123351097107
1965,Aguri  Suzuki ,0.12028990685939789
1966,Aguri  Suzuki ,0.12142932415008545
1967,Aguri  Suzuki ,0.12227752804756165
1968,Aguri  Suzuki ,0.12289071083068848
1969,Aguri  Suzuki ,0.12332506477832794
1970,Aguri  Suzuki ,0.12362879514694214
1971,Aguri  Suzuki ,0.12384027242660522
1972,Aguri  Suzuki ,0.1239885687828064
1973,Aguri  Suzuki ,0.12409499287605286
1974,Aguri  Suzuki ,0.12417493760585785
1975,Aguri  Suzuki ,0.12423929572105408
1976,Aguri  Suzuki ,0.12429589033126831
1977,Aguri  Suzuki ,0.12435013055801392
1978,Aguri  Suzuki ,0.12440566718578339
1979,Aguri  Suzuki ,0.12446409463882446
1980,Aguri  Suzuki ,0.12452396750450134
1981,Aguri  Suzuki ,0.12457865476608276
1982,Aguri  Suzuki ,0.12461043894290924
1983,Aguri  Suzuki ,0.1245802640914917
1984,Aguri  Suzuki ,0.12441051006317139
1985,Aguri  Suzuki ,0.12397032976150513
1986,Aguri  Suzuki ,0.12310796976089478
1987,Aguri  Suzuki ,0.12189699709415436
1988,Aguri  Suzuki ,0.12153148651123047
1989,Aguri  Suzuki ,0.12744751572608948
1990,Aguri  Suzuki ,0.18387886881828308
1991,Aguri  Suzuki ,0.13161703944206238
1992,Aguri  Suzuki ,0.12112978100776672
1993,Aguri  Suzuki ,0.11957362294197083
1994,Aguri  Suzuki ,0.12615031003952026
1995,Aguri  Suzuki ,0.1502751260995865
1996,Aguri  Suzuki ,0.12701135873794556
1997,Aguri  Suzuki ,0.12411467730998993
1998,Aguri  Suzuki ,0.1248757541179657
1999,Aguri  Suzuki ,0.1255968064069748
2000,Aguri  Suzuki ,0.12580178678035736
2001,Aguri  Suzuki ,0.12569069862365723
2002,Aguri  Suzuki ,0.1254805624485016
2003,Aguri  Suzuki ,0.12529107928276062
2004,Aguri  Suzuki ,0.12516868114471436
2005,Aguri  Suzuki ,0.1251230239868164
2006,Aguri  Suzuki ,0.12515011429786682
2007,Aguri  Suzuki ,0.12524384260177612
2008,Aguri  Suzuki ,0.12540030479431152
2009,Aguri  Suzuki ,0.1256190836429596
2010,Aguri  Suzuki ,0.12590326368808746
2011,Aguri  Suzuki ,0.12625828385353088
2012,Aguri  Suzuki ,0.1266903579235077
2013,Aguri  Suzuki ,0.12720325589179993
2014,Aguri  Suzuki ,0.1277928650379181
2015,Aguri  Suzuki ,0.12843717634677887
2016,Aguri  Suzuki ,0.12908053398132324
2017,Aguri  Suzuki ,0.1296093761920929
2018,Aguri  Suzuki ,0.1298217922449112
2019,Aguri  Suzuki ,0.12939651310443878
2020,Aguri  Suzuki ,0.12786981463432312
2021,Aguri  Suzuki ,0.12457975745201111
2022,Aguri  Suzuki ,0.11832523345947266
2023,Aguri  Suzuki ,0.10611216723918915
2024,Aguri  Suzuki ,0.0814698338508606
2025,Aguri  Suzuki ,0.039903052151203156
2026,Aguri  Suzuki ,-0.06969387829303741
2027,Aguri  Suzuki ,-0.07349970936775208
2028,Aguri  Suzuki ,-0.07349970936775208
2029,Aguri  Suzuki ,-0.07349970936775208
2030,Aguri  Suzuki ,-0.07349970936775208
1958,Alain  Prost ,0.1134045273065567
1959,Alain  Prost ,0.1114080548286438
1960,Alain  Prost ,0.11184266209602356
1961,Alain  Prost ,0.11329910159111023
1962,Alain  Prost ,0.11525426805019379
1963,Alain  Prost ,0.11728924512863159
1964,Alain  Prost ,0.11913645267486572
1965,Alain  Prost ,0.1206812709569931
1966,Alain  Prost ,0.12191203236579895
1967,Alain  Prost ,0.12286925315856934
1968,Alain  Prost ,0.12361133098602295
1969,Alain  Prost ,0.12419557571411133
1970,Alain  Prost ,0.12466895580291748
1971,Alain  Prost ,0.12506280839443207
1972,Alain  Prost ,0.1253860592842102
1973,Alain  Prost ,0.12561222910881042
1974,Alain  Prost ,0.12565359473228455
1975,Alain  Prost ,0.12532451748847961
1976,Alain  Prost ,0.12433433532714844
1977,Alain  Prost ,0.12248697876930237
1978,Alain  Prost ,0.12059453129768372
1979,Alain  Prost ,0.1242711991071701
1980,Alain  Prost ,0.15879827737808228
1981,Alain  Prost ,0.2951601445674896
1982,Alain  Prost ,0.31182244420051575
1983,Alain  Prost ,0.3434266448020935
1984,Alain  Prost ,0.36090850830078125
1985,Alain  Prost ,0.37795206904411316
1986,Alain  Prost ,0.37348371744155884
1987,Alain  Prost ,0.3125084340572357
1988,Alain  Prost ,0.3737580478191376
1989,Alain  Prost ,0.3952004611492157
1990,Alain  Prost ,0.36159977316856384
1991,Alain  Prost ,0.299224317073822
1992,Alain  Prost ,0.1243632584810257
1993,Alain  Prost ,0.38924524188041687
1994,Alain  Prost ,0.1389564573764801
1995,Alain  Prost ,0.12794528901576996
1996,Alain  Prost ,0.12752863764762878
1997,Alain  Prost ,0.12892836332321167
1998,Alain  Prost ,0.12914156913757324
1999,Alain  Prost ,0.12853536009788513
2000,Alain  Prost ,0.12765845656394958
2001,Alain  Prost ,0.12683391571044922
2002,Alain  Prost ,0.12618528306484222
2003,Alain  Prost ,0.1257306933403015
2004,Alain  Prost ,0.12544676661491394
2005,Alain  Prost ,0.12530110776424408
2006,Alain  Prost ,0.1252652406692505
2007,Alain  Prost ,0.12531882524490356
2008,Alain  Prost ,0.12544941902160645
2009,Alain  Prost ,0.12565144896507263
2010,Alain  Prost ,0.12592466175556183
2011,Alain  Prost ,0.12627249956130981
2012,Alain  Prost ,0.1266998052597046
2013,Alain  Prost ,0.12720957398414612
2014,Alain  Prost ,0.12779709696769714
2015,Alain  Prost ,0.1284400224685669
2016,Alain  Prost ,0.12908244132995605
2017,Alain  Prost ,0.12961065769195557
2018,Alain  Prost ,0.12982262670993805
2019,Alain  Prost ,0.12939712405204773
2020,Alain  Prost ,0.12787021696567535
2021,Alain  Prost ,0.12458004057407379
2022,Alain  Prost ,0.11832541227340698
2023,Alain  Prost ,0.10611230134963989
2024,Alain  Prost ,0.08146992325782776
2025,Alain  Prost ,0.039903052151203156
2026,Alain  Prost ,-0.06969387829303741
2027,Alain  Prost ,-0.07349970936775208
2028,Alain  Prost ,-0.07349970936775208
2029,Alain  Prost ,-0.07349970936775208
2030,Alain  Prost ,-0.07349970936775208
1958,Alan Jones ,0.11344000697135925
1959,Alan Jones ,0.11149145662784576
1960,Alan Jones ,0.11196453869342804
1961,Alan Jones ,0.11346122622489929
1962,Alan Jones ,0.1154620349407196
1963,Alan Jones ,0.11754901707172394
1964,Alan Jones ,0.11945338547229767
1965,Alan Jones ,0.12105613946914673
1966,Alan Jones ,0.1223350465297699
1967,Alan Jones ,0.1233077347278595
1968,Alan Jones ,0.12398549914360046
1969,Alan Jones ,0.12433528900146484
1970,Alan Jones ,0.12424883246421814
1971,Alan Jones ,0.12355038523674011
1972,Alan Jones ,0.12217740714550018
1973,Alan Jones ,0.1208263486623764
1974,Alan Jones ,0.12440742552280426
1975,Alan Jones ,0.13294708728790283
1976,Alan Jones ,0.15982258319854736
1977,Alan Jones ,0.23914557695388794
1978,Alan Jones ,0.20592552423477173
1979,Alan Jones ,0.32299140095710754
1980,Alan Jones ,0.38286468386650085
1981,Alan Jones ,0.3410683572292328
1982,Alan Jones ,0.12201115489006042
1983,Alan Jones ,0.11673711240291595
1984,Alan Jones ,0.12155094742774963
1985,Alan Jones ,0.13080747425556183
1986,Alan Jones ,0.19155055284500122
1987,Alan Jones ,0.1321975588798523
1988,Alan Jones ,0.12604191899299622
1989,Alan Jones ,0.12559492886066437
1990,Alan Jones ,0.12598054111003876
1991,Alan Jones ,0.12602901458740234
1992,Alan Jones ,0.1257886439561844
1993,Alan Jones ,0.12544846534729004
1994,Alan Jones ,0.12512800097465515
1995,Alan Jones ,0.1248740553855896
1996,Alan Jones ,0.12469327449798584
1997,Alan Jones ,0.12457594275474548
1998,Alan Jones ,0.12450887262821198
1999,Alan Jones ,0.12448015809059143
2000,Alan Jones ,0.12448117136955261
2001,Alan Jones ,0.12450617551803589
2002,Alan Jones ,0.12455201148986816
2003,Alan Jones ,0.12461772561073303
2004,Alan Jones ,0.12470406293869019
2005,Alan Jones ,0.12481319904327393
2006,Alan Jones ,0.12494874000549316
2007,Alan Jones ,0.12511563301086426
2008,Alan Jones ,0.12532010674476624
2009,Alan Jones ,0.12556976079940796
2010,Alan Jones ,0.1258734166622162
2011,Alan Jones ,0.12624052166938782
2012,Alan Jones ,0.1266799420118332
2013,Alan Jones ,0.127197265625
2014,Alan Jones ,0.12778949737548828
2015,Alan Jones ,0.12843534350395203
2016,Alan Jones ,0.12907955050468445
2017,Alan Jones ,0.1296088695526123
2018,Alan Jones ,0.1298215240240097
2019,Alan Jones ,0.12939642369747162
2020,Alan Jones ,0.12786978483200073
2021,Alan Jones ,0.12457975745201111
2022,Alan Jones ,0.11832526326179504
2023,Alan Jones ,0.10611216723918915
2024,Alan Jones ,0.08146986365318298
2025,Alan Jones ,0.039903052151203156
2026,Alan Jones ,-0.06969387829303741
2027,Alan Jones ,-0.07349970936775208
2028,Alan Jones ,-0.07349970936775208
2029,Alan Jones ,-0.07349970936775208
2030,Alan Jones ,-0.07349970936775208
1958,Alessandro  Nannini ,0.11337797343730927
1959,Alessandro  Nannini ,0.11133378744125366
1960,Alessandro  Nannini ,0.11173179745674133
1961,Alessandro  Nannini ,0.11315077543258667
1962,Alessandro  Nannini ,0.11506298184394836
1963,Alessandro  Nannini ,0.11704695224761963
1964,Alessandro  Nannini ,0.11883306503295898
1965,Alessandro  Nannini ,0.12030458450317383
1966,Alessandro  Nannini ,0.12144750356674194
1967,Alessandro  Nannini ,0.1222999095916748
1968,Alessandro  Nannini ,0.12291821837425232
1969,Alessandro  Nannini ,0.123358815908432
1970,Alessandro  Nannini ,0.12367013096809387
1971,Alessandro  Nannini ,0.12389084696769714
1972,Alessandro  Nannini ,0.12405019998550415
1973,Alessandro  Nannini ,0.12416972219944
1974,Alessandro  Nannini ,0.12426473200321198
1975,Alessandro  Nannini ,0.12434588372707367
1976,Alessandro  Nannini ,0.1244201809167862
1977,Alessandro  Nannini ,0.12449108064174652
1978,Alessandro  Nannini ,0.12455803155899048
1979,Alessandro  Nannini ,0.12461364269256592
1980,Alessandro  Nannini ,0.12463685870170593
1981,Alessandro  Nannini ,0.12457768619060516
1982,Alessandro  Nannini ,0.12432830035686493
1983,Alessandro  Nannini ,0.12368379533290863
1984,Alessandro  Nannini ,0.12234282493591309
1985,Alessandro  Nannini ,0.12016747891902924
1986,Alessandro  Nannini ,0.11841517686843872
1987,Alessandro  Nannini ,0.12252683937549591
1988,Alessandro  Nannini ,0.22160875797271729
1989,Alessandro  Nannini ,0.2857092320919037
1990,Alessandro  Nannini ,0.2585422098636627
1991,Alessandro  Nannini ,0.12162655591964722
1992,Alessandro  Nannini ,0.11732178926467896
1993,Alessandro  Nannini ,0.12149560451507568
1994,Alessandro  Nannini ,0.12503528594970703
1995,Alessandro  Nannini ,0.12651649117469788
1996,Alessandro  Nannini ,0.1267191767692566
1997,Alessandro  Nannini ,0.1263810694217682
1998,Alessandro  Nannini ,0.12591663002967834
1999,Alessandro  Nannini ,0.1255028247833252
2000,Alessandro  Nannini ,0.1251927763223648
2001,Alessandro  Nannini ,0.12498739361763
2002,Alessandro  Nannini ,0.12487074732780457
2003,Alessandro  Nannini ,0.12482547760009766
2004,Alessandro  Nannini ,0.12483763694763184
2005,Alessandro  Nannini ,0.12489812076091766
2006,Alessandro  Nannini ,0.1250021904706955
2007,Alessandro  Nannini ,0.1251489222049713
2008,Alessandro  Nannini ,0.12534070014953613
2009,Alessandro  Nannini ,0.12558242678642273
2010,Alessandro  Nannini ,0.1258811056613922
2011,Alessandro  Nannini ,0.1262451857328415
2012,Alessandro  Nannini ,0.12668275833129883
2013,Alessandro  Nannini ,0.1271989792585373
2014,Alessandro  Nannini ,0.12779051065444946
2015,Alessandro  Nannini ,0.12843593955039978
2016,Alessandro  Nannini ,0.1290799081325531
2017,Alessandro  Nannini ,0.12960907816886902
2018,Alessandro  Nannini ,0.12982165813446045
2019,Alessandro  Nannini ,0.12939651310443878
2020,Alessandro  Nannini ,0.12786982953548431
2021,Alessandro  Nannini ,0.1245797872543335
2022,Alessandro  Nannini ,0.11832527816295624
2023,Alessandro  Nannini ,0.10611218214035034
2024,Alessandro  Nannini ,0.08146986365318298
2025,Alessandro  Nannini ,0.039903052151203156
2026,Alessandro  Nannini ,-0.06969387829303741
2027,Alessandro  Nannini ,-0.07349970936775208
2028,Alessandro  Nannini ,-0.07349970936775208
2029,Alessandro  Nannini ,-0.07349970936775208
2030,Alessandro  Nannini ,-0.07349970936775208
1958,Alessandro  Zanardi ,0.11337602138519287
1959,Alessandro  Zanardi ,0.11132818460464478
1960,Alessandro  Zanardi ,0.11172345280647278
1961,Alessandro  Zanardi ,0.11313964426517487
1962,Alessandro  Zanardi ,0.11504866182804108
1963,Alessandro  Zanardi ,0.11702889204025269
1964,Alessandro  Zanardi ,0.11881053447723389
1965,Alessandro  Zanardi ,0.12027665972709656
1966,Alessandro  Zanardi ,0.12141299247741699
1967,Alessandro  Zanardi ,0.12225747108459473
1968,Alessandro  Zanardi ,0.12286615371704102
1969,Alessandro  Zanardi ,0.1232948899269104
1970,Alessandro  Zanardi ,0.12359178066253662
1971,Alessandro  Zanardi ,0.12379492819309235
1972,Alessandro  Zanardi ,0.12393291294574738
1973,Alessandro  Zanardi ,0.12402661144733429
1974,Alessandro  Zanardi ,0.12409090995788574
1975,Alessandro  Zanardi ,0.12413614988327026
1976,Alessandro  Zanardi ,0.12416958808898926
1977,Alessandro  Zanardi ,0.12419620156288147
1978,Alessandro  Zanardi ,0.12421952188014984
1979,Alessandro  Zanardi ,0.12424203753471375
1980,Alessandro  Zanardi ,0.1242653876543045
1981,Alessandro  Zanardi ,0.12429066002368927
1982,Alessandro  Zanardi ,0.12431779503822327
1983,Alessandro  Zanardi ,0.12434501945972443
1984,Alessandro  Zanardi ,0.12436705827713013
1985,Alessandro  Zanardi ,0.1243714988231659
1986,Alessandro  Zanardi ,0.12433217465877533
1987,Alessandro  Zanardi ,0.1241992861032486
1988,Alessandro  Zanardi ,0.12389110028743744
1989,Alessandro  Zanardi ,0.12331290543079376
1990,Alessandro  Zanardi ,0.12249620258808136
1991,Alessandro  Zanardi ,0.1219835877418518
1992,Alessandro  Zanardi ,0.12538248300552368
1993,Alessandro  Zanardi ,0.12420478463172913
1994,Alessandro  Zanardi ,0.12310600280761719
1995,Alessandro  Zanardi ,0.12222327291965485
1996,Alessandro  Zanardi ,0.12378741800785065
1997,Alessandro  Zanardi ,0.12480476498603821
1998,Alessandro  Zanardi ,0.12518423795700073
1999,Alessandro  Zanardi ,0.12520131468772888
2000,Alessandro  Zanardi ,0.12508593499660492
2001,Alessandro  Zanardi ,0.12495934963226318
2002,Alessandro  Zanardi ,0.12487035989761353
2003,Alessandro  Zanardi ,0.12483218312263489
2004,Alessandro  Zanardi ,0.12484420835971832
2005,Alessandro  Zanardi ,0.12490260601043701
2006,Alessandro  Zanardi ,0.1250045895576477
2007,Alessandro  Zanardi ,0.12514981627464294
2008,Alessandro  Zanardi ,0.12534062564373016
2009,Alessandro  Zanardi ,0.12558181583881378
2010,Alessandro  Zanardi ,0.12588033080101013
2011,Alessandro  Zanardi ,0.12624439597129822
2012,Alessandro  Zanardi ,0.12668201327323914
2013,Alessandro  Zanardi ,0.12719835340976715
2014,Alessandro  Zanardi ,0.12779000401496887
2015,Alessandro  Zanardi ,0.12843558192253113
2016,Alessandro  Zanardi ,0.12907961010932922
2017,Alessandro  Zanardi ,0.1296088844537735
2018,Alessandro  Zanardi ,0.12982149422168732
2019,Alessandro  Zanardi ,0.12939637899398804
2020,Alessandro  Zanardi ,0.12786975502967834
2021,Alessandro  Zanardi ,0.12457974255084991
2022,Alessandro  Zanardi ,0.11832523345947266
2023,Alessandro  Zanardi ,0.10611215233802795
2024,Alessandro  Zanardi ,0.0814698338508606
2025,Alessandro  Zanardi ,0.039903052151203156
2026,Alessandro  Zanardi ,-0.06969387829303741
2027,Alessandro  Zanardi ,-0.07349970936775208
2028,Alessandro  Zanardi ,-0.07349970936775208
2029,Alessandro  Zanardi ,-0.07349970936775208
2030,Alessandro  Zanardi ,-0.07349970936775208
1958,Alex  Caffi ,0.11337700486183167
1959,Alex  Caffi ,0.11133098602294922
1960,Alex  Caffi ,0.11172758042812347
1961,Alex  Caffi ,0.11314518749713898
1962,Alex  Caffi ,0.11505576968193054
1963,Alex  Caffi ,0.11703786253929138
1964,Alex  Caffi ,0.11882174015045166
1965,Alex  Caffi ,0.12029053270816803
1966,Alex  Caffi ,0.12143012881278992
1967,Alex  Caffi ,0.12227863073348999
1968,Alex  Caffi ,0.12289215624332428
1969,Alex  Caffi ,0.12332692742347717
1970,Alex  Caffi ,0.12363123893737793
1971,Alex  Caffi ,0.12384353578090668
1972,Alex  Caffi ,0.12399286031723022
1973,Alex  Caffi ,0.12410062551498413
1974,Alex  Caffi ,0.12418219447135925
1975,Alex  Caffi ,0.12424850463867188
1976,Alex  Caffi ,0.12430714070796967
1977,Alex  Caffi ,0.12436312437057495
1978,Alex  Caffi ,0.1244189441204071
1979,Alex  Caffi ,0.12447372078895569
1980,Alex  Caffi ,0.12452113628387451
1981,Alex  Caffi ,0.12454432249069214
1982,Alex  Caffi ,0.12450632452964783
1983,Alex  Caffi ,0.1243351548910141
1984,Alex  Caffi ,0.12390846014022827
1985,Alex  Caffi ,0.12307080626487732
1986,Alex  Caffi ,0.12180545926094055
1987,Alex  Caffi ,0.12076985836029053
1988,Alex  Caffi ,0.12462100386619568
1989,Alex  Caffi ,0.12613560259342194
1990,Alex  Caffi ,0.1543857306241989
1991,Alex  Caffi ,0.12463489174842834
1992,Alex  Caffi ,0.1223505437374115
1993,Alex  Caffi ,0.1241515576839447
1994,Alex  Caffi ,0.1254701018333435
1995,Alex  Caffi ,0.12588846683502197
1996,Alex  Caffi ,0.12578529119491577
1997,Alex  Caffi ,0.1254974603652954
1998,Alex  Caffi ,0.12520316243171692
1999,Alex  Caffi ,0.12497054040431976
2000,Alex  Caffi ,0.12481334805488586
2001,Alex  Caffi ,0.1247246116399765
2002,Alex  Caffi ,0.12469238042831421
2003,Alex  Caffi ,0.12470614910125732
2004,Alex  Caffi ,0.12475872039794922
2005,Alex  Caffi ,0.1248464286327362
2006,Alex  Caffi ,0.12496858835220337
2007,Alex  Caffi ,0.12512722611427307
2008,Alex  Caffi ,0.1253267526626587
2009,Alex  Caffi ,0.12557348608970642
2010,Alex  Caffi ,0.12587542831897736
2011,Alex  Caffi ,0.1262415647506714
2012,Alex  Caffi ,0.12668046355247498
2013,Alex  Caffi ,0.1271975040435791
2014,Alex  Caffi ,0.12778957188129425
2015,Alex  Caffi ,0.12843535840511322
2016,Alex  Caffi ,0.12907952070236206
2017,Alex  Caffi ,0.1296088695526123
2018,Alex  Caffi ,0.12982147932052612
2019,Alex  Caffi ,0.12939640879631042
2020,Alex  Caffi ,0.12786976993083954
2021,Alex  Caffi ,0.12457975745201111
2022,Alex  Caffi ,0.11832524836063385
2023,Alex  Caffi ,0.10611215233802795
2024,Alex  Caffi ,0.0814698338508606
2025,Alex  Caffi ,0.039903052151203156
2026,Alex  Caffi ,-0.06969387829303741
2027,Alex  Caffi ,-0.07349970936775208
2028,Alex  Caffi ,-0.07349970936775208
2029,Alex  Caffi ,-0.07349970936775208
2030,Alex  Caffi ,-0.07349970936775208
1958,Alex  Yoong ,0.11337578296661377
1959,Alex  Yoong ,0.11132746934890747
1960,Alex  Yoong ,0.11172235012054443
1961,Alex  Yoong ,0.11313818395137787
1962,Alex  Yoong ,0.11504676938056946
1963,Alex  Yoong ,0.11702650785446167
1964,Alex  Yoong ,0.11880756914615631
1965,Alex  Yoong ,0.12027297914028168
1966,Alex  Yoong ,0.12140846252441406
1967,Alex  Yoong ,0.12225192785263062
1968,Alex  Yoong ,0.12285934388637543
1969,Alex  Yoong ,0.12328660488128662
1970,Alex  Yoong ,0.12358161807060242
1971,Alex  Yoong ,0.1237824559211731
1972,Alex  Yoong ,0.1239175945520401
1973,Alex  Yoong ,0.12400782108306885
1974,Alex  Yoong ,0.12406773865222931
1975,Alex  Yoong ,0.12410753965377808
1976,Alex  Yoong ,0.12413415312767029
1977,Alex  Yoong ,0.12415236234664917
1978,Alex  Yoong ,0.12416520714759827
1979,Alex  Yoong ,0.12417487800121307
1980,Alex  Yoong ,0.1241828054189682
1981,Alex  Yoong ,0.1241900622844696
1982,Alex  Yoong ,0.1241973340511322
1983,Alex  Yoong ,0.12420526146888733
1984,Alex  Yoong ,0.12421438097953796
1985,Alex  Yoong ,0.1242251992225647
1986,Alex  Yoong ,0.12423831224441528
1987,Alex  Yoong ,0.12425431609153748
1988,Alex  Yoong ,0.12427374720573425
1989,Alex  Yoong ,0.12429724633693695
1990,Alex  Yoong ,0.12432509660720825
1991,Alex  Yoong ,0.12435697019100189
1992,Alex  Yoong ,0.12439098954200745
1993,Alex  Yoong ,0.12442216277122498
1994,Alex  Yoong ,0.12443873286247253
1995,Alex  Yoong ,0.12441660463809967
1996,Alex  Yoong ,0.12431082129478455
1997,Alex  Yoong ,0.12405005097389221
1998,Alex  Yoong ,0.12355661392211914
1999,Alex  Yoong ,0.12287357449531555
2000,Alex  Yoong ,0.12247176468372345
2001,Alex  Yoong ,0.12561985850334167
2002,Alex  Yoong ,0.11522838473320007
2003,Alex  Yoong ,0.1235729455947876
2004,Alex  Yoong ,0.12321737408638
2005,Alex  Yoong ,0.1247294694185257
2006,Alex  Yoong ,0.12564396858215332
2007,Alex  Yoong ,0.12602877616882324
2008,Alex  Yoong ,0.12615345418453217
2009,Alex  Yoong ,0.12622368335723877
2010,Alex  Yoong ,0.12634596228599548
2011,Alex  Yoong ,0.12656500935554504
2012,Alex  Yoong ,0.12689505517482758
2013,Alex  Yoong ,0.12733615934848785
2014,Alex  Yoong ,0.12787720561027527
2015,Alex  Yoong ,0.1284896284341812
2016,Alex  Yoong ,0.12911251187324524
2017,Alex  Yoong ,0.1296284943819046
2018,Alex  Yoong ,0.12983295321464539
2019,Alex  Yoong ,0.12940293550491333
2020,Alex  Yoong ,0.12787339091300964
2021,Alex  Yoong ,0.12458166480064392
2022,Alex  Yoong ,0.11832621693611145
2023,Alex  Yoong ,0.10611261427402496
2024,Alex  Yoong ,0.08147001266479492
2025,Alex  Yoong ,0.039903052151203156
2026,Alex  Yoong ,-0.06969387829303741
2027,Alex  Yoong ,-0.07349970936775208
2028,Alex  Yoong ,-0.07349970936775208
2029,Alex  Yoong ,-0.07349970936775208
2030,Alex  Yoong ,-0.07349970936775208
1958,Alexander  Albon ,0.11337573826313019
1959,Alexander  Albon ,0.11132732033729553
1960,Alexander  Albon ,0.11172215640544891
1961,Alexander  Albon ,0.11313794553279877
1962,Alexander  Albon ,0.1150464415550232
1963,Alexander  Albon ,0.11702610552310944
1964,Alexander  Albon ,0.11880703270435333
1965,Alexander  Albon ,0.12027232348918915
1966,Alexander  Albon ,0.12140768766403198
1967,Alexander  Albon ,0.1222510039806366
1968,Alexander  Albon ,0.12285818159580231
1969,Alexander  Albon ,0.12328517436981201
1970,Alexander  Albon ,0.12357991933822632
1971,Alexander  Albon ,0.12378041446208954
1972,Alexander  Albon ,0.12391510605812073
1973,Alexander  Albon ,0.12400476634502411
1974,Alexander  Albon ,0.12406402826309204
1975,Alexander  Albon ,0.12410303950309753
1976,Alexander  Albon ,0.12412872910499573
1977,Alexander  Albon ,0.12414570152759552
1978,Alexander  Albon ,0.12415708601474762
1979,Alexander  Albon ,0.12416496872901917
1980,Alexander  Albon ,0.12417072057723999
1981,Alexander  Albon ,0.12417519092559814
1982,Alexander  Albon ,0.12417906522750854
1983,Alexander  Albon ,0.12418270111083984
1984,Alexander  Albon ,0.12418648600578308
1985,Alexander  Albon ,0.12419065833091736
1986,Alexander  Albon ,0.12419547140598297
1987,Alexander  Albon ,0.12420108914375305
1988,Alexander  Albon ,0.12420780956745148
1989,Alexander  Albon ,0.12421590089797974
1990,Alexander  Albon ,0.12422558665275574
1991,Alexander  Albon ,0.12423735857009888
1992,Alexander  Albon ,0.1242516040802002
1993,Alexander  Albon ,0.12426891922950745
1994,Alexander  Albon ,0.124289870262146
1995,Alexander  Albon ,0.12431536614894867
1996,Alexander  Albon ,0.1243463009595871
1997,Alexander  Albon ,0.12438398599624634
1998,Alexander  Albon ,0.12442980706691742
1999,Alexander  Albon ,0.12448561191558838
2000,Alexander  Albon ,0.12455368041992188
2001,Alexander  Albon ,0.12463666498661041
2002,Alexander  Albon ,0.12473785877227783
2003,Alexander  Albon ,0.12486127018928528
2004,Alexander  Albon ,0.1250116378068924
2005,Alexander  Albon ,0.1251945197582245
2006,Alexander  Albon ,0.1254163682460785
2007,Alexander  Albon ,0.12568435072898865
2008,Alexander  Albon ,0.12600579857826233
2009,Alexander  Albon ,0.12638655304908752
2010,Alexander  Albon ,0.12682679295539856
2011,Alexander  Albon ,0.12731090188026428
2012,Alexander  Albon ,0.1277860701084137
2013,Alexander  Albon ,0.1281263828277588
2014,Alexander  Albon ,0.1281004101037979
2015,Alexander  Albon ,0.12744933366775513
2016,Alexander  Albon ,0.12645947933197021
2017,Alexander  Albon ,0.12815992534160614
2018,Alexander  Albon ,0.14260952174663544
2019,Alexander  Albon ,0.3375917375087738
2020,Alexander  Albon ,0.3629284203052521
2021,Alexander  Albon ,0.14043080806732178
2022,Alexander  Albon ,0.13170570135116577
2023,Alexander  Albon ,0.19622448086738586
2024,Alexander  Albon ,0.14642783999443054
2025,Alexander  Albon ,0.09046176075935364
2026,Alexander  Albon ,0.030179038643836975
2027,Alexander  Albon ,0.020742326974868774
2028,Alexander  Albon ,0.019282758235931396
2029,Alexander  Albon ,0.019057437777519226
2030,Alexander  Albon ,0.019022665917873383
1958,Alexander  Rossi ,0.11337573826313019
1959,Alexander  Rossi ,0.11132732033729553
1960,Alexander  Rossi ,0.11172215640544891
1961,Alexander  Rossi ,0.11313790082931519
1962,Alexander  Rossi ,0.11504639685153961
1963,Alexander  Rossi ,0.11702603101730347
1964,Alexander  Rossi ,0.11880697309970856
1965,Alexander  Rossi ,0.12027223408222198
1966,Alexander  Rossi ,0.12140756845474243
1967,Alexander  Rossi ,0.12225082516670227
1968,Alexander  Rossi ,0.12285801768302917
1969,Alexander  Rossi ,0.1232849657535553
1970,Alexander  Rossi ,0.12357968091964722
1971,Alexander  Rossi ,0.12378007173538208
1972,Alexander  Rossi ,0.12391471862792969
1973,Alexander  Rossi ,0.1240043044090271
1974,Alexander  Rossi ,0.12406346201896667
1975,Alexander  Rossi ,0.12410233914852142
1976,Alexander  Rossi ,0.12412786483764648
1977,Alexander  Rossi ,0.12414467334747314
1978,Alexander  Rossi ,0.12415584921836853
1979,Alexander  Rossi ,0.12416347861289978
1980,Alexander  Rossi ,0.12416888773441315
1981,Alexander  Rossi ,0.12417298555374146
1982,Alexander  Rossi ,0.12417639791965485
1983,Alexander  Rossi ,0.12417951226234436
1984,Alexander  Rossi ,0.12418261170387268
1985,Alexander  Rossi ,0.12418597936630249
1986,Alexander  Rossi ,0.12418976426124573
1987,Alexander  Rossi ,0.12419421970844269
1988,Alexander  Rossi ,0.12419947981834412
1989,Alexander  Rossi ,0.1242058277130127
1990,Alexander  Rossi ,0.12421342730522156
1991,Alexander  Rossi ,0.12422265112400055
1992,Alexander  Rossi ,0.12423384189605713
1993,Alexander  Rossi ,0.12424740195274353
1994,Alexander  Rossi ,0.1242639422416687
1995,Alexander  Rossi ,0.1242840588092804
1996,Alexander  Rossi ,0.12430855631828308
1997,Alexander  Rossi ,0.12433844804763794
1998,Alexander  Rossi ,0.12437497079372406
1999,Alexander  Rossi ,0.12441954016685486
2000,Alexander  Rossi ,0.12447395920753479
2001,Alexander  Rossi ,0.1245402991771698
2002,Alexander  Rossi ,0.12462097406387329
2003,Alexander  Rossi ,0.1247185617685318
2004,Alexander  Rossi ,0.12483552098274231
2005,Alexander  Rossi ,0.12497338652610779
2006,Alexander  Rossi ,0.125131294131279
2007,Alexander  Rossi ,0.1253027766942978
2008,Alexander  Rossi ,0.1254706233739853
2009,Alexander  Rossi ,0.12559932470321655
2010,Alexander  Rossi ,0.12563124299049377
2011,Alexander  Rossi ,0.12550917267799377
2012,Alexander  Rossi ,0.12529897689819336
2013,Alexander  Rossi ,0.12548476457595825
2014,Alexander  Rossi ,0.1288394331932068
2015,Alexander  Rossi ,0.11644381284713745
2016,Alexander  Rossi ,0.1285361349582672
2017,Alexander  Rossi ,0.12862546741962433
2018,Alexander  Rossi ,0.13005997240543365
2019,Alexander  Rossi ,0.13027313351631165
2020,Alexander  Rossi ,0.128884956240654
2021,Alexander  Rossi ,0.12547674775123596
2022,Alexander  Rossi ,0.11902634799480438
2023,Alexander  Rossi ,0.10662445425987244
2024,Alexander  Rossi ,0.08182284235954285
2025,Alexander  Rossi ,0.039903052151203156
2026,Alexander  Rossi ,-0.06969387829303741
2027,Alexander  Rossi ,-0.07349970936775208
2028,Alexander  Rossi ,-0.07349970936775208
2029,Alexander  Rossi ,-0.07349970936775208
2030,Alexander  Rossi ,-0.07349970936775208
1958,Alexander  Wurz ,0.11337627470493317
1959,Alexander  Wurz ,0.1113288551568985
1960,Alexander  Wurz ,0.11172440648078918
1961,Alexander  Wurz ,0.11314094066619873
1962,Alexander  Wurz ,0.1150503158569336
1963,Alexander  Wurz ,0.11703097820281982
1964,Alexander  Wurz ,0.11881311237812042
1965,Alexander  Wurz ,0.12027978897094727
1966,Alexander  Wurz ,0.1214168518781662
1967,Alexander  Wurz ,0.12226217985153198
1968,Alexander  Wurz ,0.12287184596061707
1969,Alexander  Wurz ,0.12330180406570435
1970,Alexander  Wurz ,0.12360014021396637
1971,Alexander  Wurz ,0.1238049566745758
1972,Alexander  Wurz ,0.12394498288631439
1973,Alexander  Wurz ,0.1240411102771759
1974,Alexander  Wurz ,0.12410828471183777
1975,Alexander  Wurz ,0.12415692210197449
1976,Alexander  Wurz ,0.12419439852237701
1977,Alexander  Wurz ,0.12422585487365723
1978,Alexander  Wurz ,0.12425506114959717
1979,Alexander  Wurz ,0.1242847740650177
1980,Alexander  Wurz ,0.12431733310222626
1981,Alexander  Wurz ,0.12435474991798401
1982,Alexander  Wurz ,0.12439887225627899
1983,Alexander  Wurz ,0.12445147335529327
1984,Alexander  Wurz ,0.1245141327381134
1985,Alexander  Wurz ,0.12458805739879608
1986,Alexander  Wurz ,0.12467333674430847
1987,Alexander  Wurz ,0.12476763129234314
1988,Alexander  Wurz ,0.12486270070075989
1989,Alexander  Wurz ,0.12493729591369629
1990,Alexander  Wurz ,0.12494200468063354
1991,Alexander  Wurz ,0.12477222084999084
1992,Alexander  Wurz ,0.12423333525657654
1993,Alexander  Wurz ,0.12304490804672241
1994,Alexander  Wurz ,0.12107954919338226
1995,Alexander  Wurz ,0.11939969658851624
1996,Alexander  Wurz ,0.12376390397548676
1997,Alexander  Wurz ,0.18630966544151306
1998,Alexander  Wurz ,0.24250546097755432
1999,Alexander  Wurz ,0.18936732411384583
2000,Alexander  Wurz ,0.16749897599220276
2001,Alexander  Wurz ,0.12098748981952667
2002,Alexander  Wurz ,0.11930400133132935
2003,Alexander  Wurz ,0.121914342045784
2004,Alexander  Wurz ,0.12775486707687378
2005,Alexander  Wurz ,0.16456402838230133
2006,Alexander  Wurz ,0.13278591632843018
2007,Alexander  Wurz ,0.20933637022972107
2008,Alexander  Wurz ,0.13071557879447937
2009,Alexander  Wurz ,0.12508517503738403
2010,Alexander  Wurz ,0.1259326934814453
2011,Alexander  Wurz ,0.1274462342262268
2012,Alexander  Wurz ,0.12833158671855927
2013,Alexander  Wurz ,0.1287737637758255
2014,Alexander  Wurz ,0.12907226383686066
2015,Alexander  Wurz ,0.12939155101776123
2016,Alexander  Wurz ,0.12975521385669708
2017,Alexander  Wurz ,0.13006985187530518
2018,Alexander  Wurz ,0.13012847304344177
2019,Alexander  Wurz ,0.12959720194339752
2020,Alexander  Wurz ,0.12799935042858124
2021,Alexander  Wurz ,0.12466251850128174
2022,Alexander  Wurz ,0.11837771534919739
2023,Alexander  Wurz ,0.10614520311355591
2024,Alexander  Wurz ,0.08149038255214691
2025,Alexander  Wurz ,0.039903052151203156
2026,Alexander  Wurz ,-0.06969387829303741
2027,Alexander  Wurz ,-0.07349970936775208
2028,Alexander  Wurz ,-0.07349970936775208
2029,Alexander  Wurz ,-0.07349970936775208
2030,Alexander  Wurz ,-0.07349970936775208
1958,Allan  McNish ,0.11337576806545258
1959,Allan  McNish ,0.11132746934890747
1960,Allan  McNish ,0.11172233521938324
1961,Allan  McNish ,0.11313818395137787
1962,Allan  McNish ,0.11504676938056946
1963,Allan  McNish ,0.11702653765678406
1964,Allan  McNish ,0.11880755424499512
1965,Allan  McNish ,0.12027296423912048
1966,Allan  McNish ,0.12140844762325287
1967,Allan  McNish ,0.12225192785263062
1968,Allan  McNish ,0.12285932898521423
1969,Allan  McNish ,0.12328657507896423
1970,Allan  McNish ,0.12358161807060242
1971,Allan  McNish ,0.1237824410200119
1972,Allan  McNish ,0.1239175796508789
1973,Allan  McNish ,0.12400776147842407
1974,Allan  McNish ,0.12406767904758453
1975,Allan  McNish ,0.1241074800491333
1976,Allan  McNish ,0.1241341084241867
1977,Allan  McNish ,0.12415224313735962
1978,Allan  McNish ,0.12416508793830872
1979,Allan  McNish ,0.12417474389076233
1980,Allan  McNish ,0.12418265640735626
1981,Allan  McNish ,0.12418985366821289
1982,Allan  McNish ,0.1241970807313919
1983,Allan  McNish ,0.12420496344566345
1984,Allan  McNish ,0.12421397864818573
1985,Allan  McNish ,0.1242246925830841
1986,Allan  McNish ,0.12423765659332275
1987,Allan  McNish ,0.12425342202186584
1988,Allan  McNish ,0.12427261471748352
1989,Allan  McNish ,0.12429569661617279
1990,Allan  McNish ,0.12432302534580231
1991,Allan  McNish ,0.12435421347618103
1992,Allan  McNish ,0.12438733875751495
1993,Allan  McNish ,0.12441736459732056
1994,Allan  McNish ,0.12443239986896515
1995,Allan  McNish ,0.1244080513715744
1996,Allan  McNish ,0.12429851293563843
1997,Allan  McNish ,0.1240309327840805
1998,Allan  McNish ,0.12352700531482697
1999,Allan  McNish ,0.12283968925476074
2000,Allan  McNish ,0.1225128024816513
2001,Allan  McNish ,0.12600621581077576
2002,Allan  McNish ,0.12267543375492096
2003,Allan  McNish ,0.1241195797920227
2004,Allan  McNish ,0.12323485314846039
2005,Allan  McNish ,0.12462562322616577
2006,Allan  McNish ,0.12556755542755127
2007,Allan  McNish ,0.1259910762310028
2008,Allan  McNish ,0.12614095211029053
2009,Allan  McNish ,0.12622365355491638
2010,Allan  McNish ,0.1263507604598999
2011,Allan  McNish ,0.12657083570957184
2012,Allan  McNish ,0.1269003450870514
2013,Allan  McNish ,0.12734045088291168
2014,Allan  McNish ,0.12788045406341553
2015,Allan  McNish ,0.12849202752113342
2016,Allan  McNish ,0.12911421060562134
2017,Allan  McNish ,0.1296297311782837
2018,Allan  McNish ,0.12983381748199463
2019,Allan  McNish ,0.1294035166501999
2020,Allan  McNish ,0.1278737485408783
2021,Allan  McNish ,0.1245819479227066
2022,Allan  McNish ,0.11832639575004578
2023,Allan  McNish ,0.10611271858215332
2024,Allan  McNish ,0.08147010207176208
2025,Allan  McNish ,0.039903052151203156
2026,Allan  McNish ,-0.06969387829303741
2027,Allan  McNish ,-0.07349970936775208
2028,Allan  McNish ,-0.07349970936775208
2029,Allan  McNish ,-0.07349970936775208
2030,Allan  McNish ,-0.07349970936775208
1958,Andrea  de Adamich,0.11343252658843994
1959,Andrea  de Adamich,0.11145003139972687
1960,Andrea  de Adamich,0.11189602315425873
1961,Andrea  de Adamich,0.11336176097393036
1962,Andrea  de Adamich,0.11532025039196014
1963,Andrea  de Adamich,0.11734311282634735
1964,Andrea  de Adamich,0.11914251744747162
1965,Andrea  de Adamich,0.12056209146976471
1966,Andrea  de Adamich,0.12150943279266357
1967,Andrea  de Adamich,0.12188687920570374
1968,Andrea  de Adamich,0.12157514691352844
1969,Andrea  de Adamich,0.12061600387096405
1970,Andrea  de Adamich,0.11992776393890381
1971,Andrea  de Adamich,0.12467506527900696
1972,Andrea  de Adamich,0.15317431092262268
1973,Andrea  de Adamich,0.169675812125206
1974,Andrea  de Adamich,0.12413951754570007
1975,Andrea  de Adamich,0.12120285630226135
1976,Andrea  de Adamich,0.12333765625953674
1977,Andrea  de Adamich,0.12505237758159637
1978,Andrea  de Adamich,0.12569814920425415
1979,Andrea  de Adamich,0.12568780779838562
1980,Andrea  de Adamich,0.12541572749614716
1981,Andrea  de Adamich,0.1250988245010376
1982,Andrea  de Adamich,0.12482526898384094
1983,Andrea  de Adamich,0.12461711466312408
1984,Andrea  de Adamich,0.12446941435337067
1985,Andrea  de Adamich,0.12436935305595398
1986,Andrea  de Adamich,0.1243041455745697
1987,Andrea  de Adamich,0.12426336109638214
1988,Andrea  de Adamich,0.12423929572105408
1989,Andrea  de Adamich,0.1242266297340393
1990,Andrea  de Adamich,0.1242218017578125
1991,Andrea  de Adamich,0.12422256171703339
1992,Andrea  de Adamich,0.12422756850719452
1993,Andrea  de Adamich,0.12423615157604218
1994,Andrea  de Adamich,0.12424804270267487
1995,Andrea  de Adamich,0.12426331639289856
1996,Andrea  de Adamich,0.12428237497806549
1997,Andrea  de Adamich,0.12430575489997864
1998,Andrea  de Adamich,0.12433433532714844
1999,Andrea  de Adamich,0.12436911463737488
2000,Andrea  de Adamich,0.12441140413284302
2001,Andrea  de Adamich,0.12446281313896179
2002,Andrea  de Adamich,0.12452533841133118
2003,Andrea  de Adamich,0.12460151314735413
2004,Andrea  de Adamich,0.12469427287578583
2005,Andrea  de Adamich,0.12480735778808594
2006,Andrea  de Adamich,0.12494529783725739
2007,Andrea  de Adamich,0.1251136064529419
2008,Andrea  de Adamich,0.12531892955303192
2009,Andrea  de Adamich,0.12556910514831543
2010,Andrea  de Adamich,0.12587302923202515
2011,Andrea  de Adamich,0.1262402981519699
2012,Andrea  de Adamich,0.12667983770370483
2013,Andrea  de Adamich,0.12719719111919403
2014,Andrea  de Adamich,0.1277894377708435
2015,Andrea  de Adamich,0.12843531370162964
2016,Andrea  de Adamich,0.12907952070236206
2017,Andrea  de Adamich,0.1296088695526123
2018,Andrea  de Adamich,0.1298215091228485
2019,Andrea  de Adamich,0.12939642369747162
2020,Andrea  de Adamich,0.12786978483200073
2021,Andrea  de Adamich,0.12457975745201111
2022,Andrea  de Adamich,0.11832524836063385
2023,Andrea  de Adamich,0.10611218214035034
2024,Andrea  de Adamich,0.08146986365318298
2025,Andrea  de Adamich,0.039903052151203156
2026,Andrea  de Adamich,-0.06969387829303741
2027,Andrea  de Adamich,-0.07349970936775208
2028,Andrea  de Adamich,-0.07349970936775208
2029,Andrea  de Adamich,-0.07349970936775208
2030,Andrea  de Adamich,-0.07349970936775208
1958,Andrea  de Cesaris ,0.11339312791824341
1959,Andrea  de Cesaris ,0.11137612164020538
1960,Andrea  de Cesaris ,0.11179500818252563
1961,Andrea  de Cesaris ,0.11323553323745728
1962,Andrea  de Cesaris ,0.11517247557640076
1963,Andrea  de Cesaris ,0.117186039686203
1964,Andrea  de Cesaris ,0.11900791525840759
1965,Andrea  de Cesaris ,0.12052279710769653
1966,Andrea  de Cesaris ,0.12171846628189087
1967,Andrea  de Cesaris ,0.12263503670692444
1968,Andrea  de Cesaris ,0.12333089113235474
1969,Andrea  de Cesaris ,0.12386426329612732
1970,Andrea  de Cesaris ,0.12428447604179382
1971,Andrea  de Cesaris ,0.12462848424911499
1972,Andrea  de Cesaris ,0.1249178946018219
1973,Andrea  de Cesaris ,0.12515412271022797
1974,Andrea  de Cesaris ,0.1253068745136261
1975,Andrea  de Cesaris ,0.12529529631137848
1976,Andrea  de Cesaris ,0.12496644258499146
1977,Andrea  de Cesaris ,0.12411385774612427
1978,Andrea  de Cesaris ,0.12268652021884918
1979,Andrea  de Cesaris ,0.12151661515235901
1980,Andrea  de Cesaris ,0.12585236132144928
1981,Andrea  de Cesaris ,0.14059507846832275
1982,Andrea  de Cesaris ,0.14076733589172363
1983,Andrea  de Cesaris ,0.23295235633850098
1984,Andrea  de Cesaris ,0.13679549098014832
1985,Andrea  de Cesaris ,0.14332059025764465
1986,Andrea  de Cesaris ,0.12790809571743011
1987,Andrea  de Cesaris ,0.17318326234817505
1988,Andrea  de Cesaris ,0.16090098023414612
1989,Andrea  de Cesaris ,0.15578439831733704
1990,Andrea  de Cesaris ,0.1312619298696518
1991,Andrea  de Cesaris ,0.22957119345664978
1992,Andrea  de Cesaris ,0.23256143927574158
1993,Andrea  de Cesaris ,0.1333785355091095
1994,Andrea  de Cesaris ,0.11853174865245819
1995,Andrea  de Cesaris ,0.12650184333324432
1996,Andrea  de Cesaris ,0.12642362713813782
1997,Andrea  de Cesaris ,0.12777309119701385
1998,Andrea  de Cesaris ,0.1279975175857544
1999,Andrea  de Cesaris ,0.12753337621688843
2000,Andrea  de Cesaris ,0.1268497109413147
2001,Andrea  de Cesaris ,0.1262155920267105
2002,Andrea  de Cesaris ,0.12572962045669556
2003,Andrea  de Cesaris ,0.12540343403816223
2004,Andrea  de Cesaris ,0.12521600723266602
2005,Andrea  de Cesaris ,0.1251404881477356
2006,Andrea  de Cesaris ,0.12515456974506378
2007,Andrea  de Cesaris ,0.1252431720495224
2008,Andrea  de Cesaris ,0.1253979653120041
2009,Andrea  de Cesaris ,0.12561659514904022
2010,Andrea  de Cesaris ,0.12590116262435913
2011,Andrea  de Cesaris ,0.12625673413276672
2012,Andrea  de Cesaris ,0.12668922543525696
2013,Andrea  de Cesaris ,0.12720248103141785
2014,Andrea  de Cesaris ,0.1277923434972763
2015,Andrea  de Cesaris ,0.1284368634223938
2016,Andrea  de Cesaris ,0.12908032536506653
2017,Andrea  de Cesaris ,0.12960925698280334
2018,Andrea  de Cesaris ,0.12982171773910522
2019,Andrea  de Cesaris ,0.1293964833021164
2020,Andrea  de Cesaris ,0.12786976993083954
2021,Andrea  de Cesaris ,0.12457975745201111
2022,Andrea  de Cesaris ,0.11832523345947266
2023,Andrea  de Cesaris ,0.10611215233802795
2024,Andrea  de Cesaris ,0.0814698338508606
2025,Andrea  de Cesaris ,0.039903052151203156
2026,Andrea  de Cesaris ,-0.06969387829303741
2027,Andrea  de Cesaris ,-0.07349970936775208
2028,Andrea  de Cesaris ,-0.07349970936775208
2029,Andrea  de Cesaris ,-0.07349970936775208
2030,Andrea  de Cesaris ,-0.07349970936775208
1958,Anthony  Davidson ,0.11337579786777496
1959,Anthony  Davidson ,0.1113274097442627
1960,Anthony  Davidson ,0.11172229051589966
1961,Anthony  Davidson ,0.1131381094455719
1962,Anthony  Davidson ,0.1150466650724411
1963,Anthony  Davidson ,0.11702638864517212
1964,Anthony  Davidson ,0.11880740523338318
1965,Anthony  Davidson ,0.12027277052402496
1966,Anthony  Davidson ,0.12140822410583496
1967,Anthony  Davidson ,0.12225162982940674
1968,Anthony  Davidson ,0.12285897135734558
1969,Anthony  Davidson ,0.12328612804412842
1970,Anthony  Davidson ,0.12358108162879944
1971,Anthony  Davidson ,0.12378180027008057
1972,Anthony  Davidson ,0.12391681969165802
1973,Anthony  Davidson ,0.12400685250759125
1974,Anthony  Davidson ,0.124066561460495
1975,Anthony  Davidson ,0.12410609424114227
1976,Anthony  Davidson ,0.12413240969181061
1977,Anthony  Davidson ,0.12415018677711487
1978,Anthony  Davidson ,0.12416255474090576
1979,Anthony  Davidson ,0.12417158484458923
1980,Anthony  Davidson ,0.1241786777973175
1981,Anthony  Davidson ,0.12418496608734131
1982,Anthony  Davidson ,0.12419094145298004
1983,Anthony  Davidson ,0.12419718503952026
1984,Anthony  Davidson ,0.12420418858528137
1985,Anthony  Davidson ,0.1242123395204544
1986,Anthony  Davidson ,0.12422199547290802
1987,Anthony  Davidson ,0.12423373758792877
1988,Anthony  Davidson ,0.12424805760383606
1989,Anthony  Davidson ,0.12426567077636719
1990,Anthony  Davidson ,0.12428736686706543
1991,Anthony  Davidson ,0.12431409955024719
1992,Anthony  Davidson ,0.12434712052345276
1993,Anthony  Davidson ,0.12438777089118958
1994,Anthony  Davidson ,0.12443727254867554
1995,Anthony  Davidson ,0.12449683248996735
1996,Anthony  Davidson ,0.12456664443016052
1997,Anthony  Davidson ,0.12464475631713867
1998,Anthony  Davidson ,0.12472458183765411
1999,Anthony  Davidson ,0.1247902512550354
2000,Anthony  Davidson ,0.12480896711349487
2001,Anthony  Davidson ,0.12472067773342133
2002,Anthony  Davidson ,0.12443080544471741
2003,Anthony  Davidson ,0.1238296627998352
2004,Anthony  Davidson ,0.12291517853736877
2005,Anthony  Davidson ,0.12198933959007263
2006,Anthony  Davidson ,0.12409995496273041
2007,Anthony  Davidson ,0.0859021246433258
2008,Anthony  Davidson ,0.09574812650680542
2009,Anthony  Davidson ,0.12415644526481628
2010,Anthony  Davidson ,0.12578505277633667
2011,Anthony  Davidson ,0.12790408730506897
2012,Anthony  Davidson ,0.1288129985332489
2013,Anthony  Davidson ,0.12913930416107178
2014,Anthony  Davidson ,0.1293090283870697
2015,Anthony  Davidson ,0.12952879071235657
2016,Anthony  Davidson ,0.1298263967037201
2017,Anthony  Davidson ,0.13010114431381226
2018,Anthony  Davidson ,0.13013741374015808
2019,Anthony  Davidson ,0.12959463894367218
2020,Anthony  Davidson ,0.12799163162708282
2021,Anthony  Davidson ,0.12465319037437439
2022,Anthony  Davidson ,0.11836856603622437
2023,Anthony  Davidson ,0.10613706707954407
2024,Anthony  Davidson ,0.08148348331451416
2025,Anthony  Davidson ,0.039903052151203156
2026,Anthony  Davidson ,-0.06969387829303741
2027,Anthony  Davidson ,-0.07349970936775208
2028,Anthony  Davidson ,-0.07349970936775208
2029,Anthony  Davidson ,-0.07349970936775208
2030,Anthony  Davidson ,-0.07349970936775208
1958,Antonio  Giovinazzi ,0.11337575316429138
1959,Antonio  Giovinazzi ,0.11132732033729553
1960,Antonio  Giovinazzi ,0.11172214150428772
1961,Antonio  Giovinazzi ,0.11313793063163757
1962,Antonio  Giovinazzi ,0.1150464415550232
1963,Antonio  Giovinazzi ,0.11702606081962585
1964,Antonio  Giovinazzi ,0.11880703270435333
1965,Antonio  Giovinazzi ,0.12027232348918915
1966,Antonio  Giovinazzi ,0.1214076578617096
1967,Antonio  Giovinazzi ,0.12225094437599182
1968,Antonio  Giovinazzi ,0.12285813689231873
1969,Antonio  Giovinazzi ,0.12328511476516724
1970,Antonio  Giovinazzi ,0.12357985973358154
1971,Antonio  Giovinazzi ,0.12378029525279999
1972,Antonio  Giovinazzi ,0.12391498684883118
1973,Antonio  Giovinazzi ,0.12400460243225098
1974,Antonio  Giovinazzi ,0.1240638792514801
1975,Antonio  Giovinazzi ,0.12410283088684082
1976,Antonio  Giovinazzi ,0.12412846088409424
1977,Antonio  Giovinazzi ,0.12414538860321045
1978,Antonio  Giovinazzi ,0.12415671348571777
1979,Antonio  Giovinazzi ,0.12416452169418335
1980,Antonio  Giovinazzi ,0.12417015433311462
1981,Antonio  Giovinazzi ,0.12417450547218323
1982,Antonio  Giovinazzi ,0.12417823076248169
1983,Antonio  Giovinazzi ,0.12418168783187866
1984,Antonio  Giovinazzi ,0.12418529391288757
1985,Antonio  Giovinazzi ,0.12418919801712036
1986,Antonio  Giovinazzi ,0.12419372797012329
1987,Antonio  Giovinazzi ,0.12419894337654114
1988,Antonio  Giovinazzi ,0.12420520186424255
1989,Antonio  Giovinazzi ,0.12421274185180664
1990,Antonio  Giovinazzi ,0.12422183156013489
1991,Antonio  Giovinazzi ,0.12423282861709595
1992,Antonio  Giovinazzi ,0.12424615025520325
1993,Antonio  Giovinazzi ,0.12426231801509857
1994,Antonio  Giovinazzi ,0.12428197264671326
1995,Antonio  Giovinazzi ,0.12430590391159058
1996,Antonio  Giovinazzi ,0.12433506548404694
1997,Antonio  Giovinazzi ,0.12437061965465546
1998,Antonio  Giovinazzi ,0.12441402673721313
1999,Antonio  Giovinazzi ,0.1244671493768692
2000,Antonio  Giovinazzi ,0.12453217804431915
2001,Antonio  Giovinazzi ,0.12461185455322266
2002,Antonio  Giovinazzi ,0.12470948696136475
2003,Antonio  Giovinazzi ,0.12482909858226776
2004,Antonio  Giovinazzi ,0.1249753087759018
2005,Antonio  Giovinazzi ,0.12515327334403992
2006,Antonio  Giovinazzi ,0.12536823749542236
2007,Antonio  Giovinazzi ,0.1256243884563446
2008,Antonio  Giovinazzi ,0.1259227693080902
2009,Antonio  Giovinazzi ,0.12625658512115479
2010,Antonio  Giovinazzi ,0.12660366296768188
2011,Antonio  Giovinazzi ,0.1269141286611557
2012,Antonio  Giovinazzi ,0.12709908187389374
2013,Antonio  Giovinazzi ,0.12704014778137207
2014,Antonio  Giovinazzi ,0.1266903430223465
2015,Antonio  Giovinazzi ,0.12630432844161987
2016,Antonio  Giovinazzi ,0.12794017791748047
2017,Antonio  Giovinazzi ,0.1004149317741394
2018,Antonio  Giovinazzi ,0.13165047764778137
2019,Antonio  Giovinazzi ,0.1576719731092453
2020,Antonio  Giovinazzi ,0.15917953848838806
2021,Antonio  Giovinazzi ,0.14838021993637085
2022,Antonio  Giovinazzi ,0.12463259696960449
2023,Antonio  Giovinazzi ,0.1095876395702362
2024,Antonio  Giovinazzi ,0.0860765129327774
2025,Antonio  Giovinazzi ,0.039903052151203156
2026,Antonio  Giovinazzi ,-0.06969387829303741
2027,Antonio  Giovinazzi ,-0.07349970936775208
2028,Antonio  Giovinazzi ,-0.07349970936775208
2029,Antonio  Giovinazzi ,-0.07349970936775208
2030,Antonio  Giovinazzi ,-0.07349970936775208
1958,Antonio  Pizzonia ,0.11337585747241974
1959,Antonio  Pizzonia ,0.11132766306400299
1960,Antonio  Pizzonia ,0.11172264814376831
1961,Antonio  Pizzonia ,0.1131385862827301
1962,Antonio  Pizzonia ,0.11504727602005005
1963,Antonio  Pizzonia ,0.117027148604393
1964,Antonio  Pizzonia ,0.11880837380886078
1965,Antonio  Pizzonia ,0.12027394771575928
1966,Antonio  Pizzonia ,0.12140966951847076
1967,Antonio  Pizzonia ,0.12225341796875
1968,Antonio  Pizzonia ,0.12286113202571869
1969,Antonio  Pizzonia ,0.12328878045082092
1970,Antonio  Pizzonia ,0.12358430027961731
1971,Antonio  Pizzonia ,0.12378567457199097
1972,Antonio  Pizzonia ,0.12392154335975647
1973,Antonio  Pizzonia ,0.12401255965232849
1974,Antonio  Pizzonia ,0.12407350540161133
1975,Antonio  Pizzonia ,0.1241145133972168
1976,Antonio  Pizzonia ,0.12414267659187317
1977,Antonio  Pizzonia ,0.12416264414787292
1978,Antonio  Pizzonia ,0.1241777092218399
1979,Antonio  Pizzonia ,0.1241900622844696
1980,Antonio  Pizzonia ,0.12420123815536499
1981,Antonio  Pizzonia ,0.12421242892742157
1982,Antonio  Pizzonia ,0.12422457337379456
1983,Antonio  Pizzonia ,0.12423843145370483
1984,Antonio  Pizzonia ,0.12425485253334045
1985,Antonio  Pizzonia ,0.12427464127540588
1986,Antonio  Pizzonia ,0.1242988109588623
1987,Antonio  Pizzonia ,0.12432846426963806
1988,Antonio  Pizzonia ,0.12436488270759583
1989,Antonio  Pizzonia ,0.12440943717956543
1990,Antonio  Pizzonia ,0.12446349859237671
1991,Antonio  Pizzonia ,0.12452808022499084
1992,Antonio  Pizzonia ,0.1246032863855362
1993,Antonio  Pizzonia ,0.12468674778938293
1994,Antonio  Pizzonia ,0.12477067112922668
1995,Antonio  Pizzonia ,0.12483584880828857
1996,Antonio  Pizzonia ,0.12484055757522583
1997,Antonio  Pizzonia ,0.12470194697380066
1998,Antonio  Pizzonia ,0.12427455186843872
1999,Antonio  Pizzonia ,0.1233554482460022
2000,Antonio  Pizzonia ,0.12183499336242676
2001,Antonio  Pizzonia ,0.12016044557094574
2002,Antonio  Pizzonia ,0.12286952137947083
2003,Antonio  Pizzonia ,0.10648484528064728
2004,Antonio  Pizzonia ,0.18002599477767944
2005,Antonio  Pizzonia ,0.11517706513404846
2006,Antonio  Pizzonia ,0.12186434864997864
2007,Antonio  Pizzonia ,0.12277388572692871
2008,Antonio  Pizzonia ,0.1262473315000534
2009,Antonio  Pizzonia ,0.12799450755119324
2010,Antonio  Pizzonia ,0.12849710881710052
2011,Antonio  Pizzonia ,0.12846733629703522
2012,Antonio  Pizzonia ,0.12836261093616486
2013,Antonio  Pizzonia ,0.12838709354400635
2014,Antonio  Pizzonia ,0.1285962015390396
2015,Antonio  Pizzonia ,0.12896674871444702
2016,Antonio  Pizzonia ,0.12942206859588623
2017,Antonio  Pizzonia ,0.12982575595378876
2018,Antonio  Pizzonia ,0.12995672225952148
2019,Antonio  Pizzonia ,0.12947943806648254
2020,Antonio  Pizzonia ,0.12792006134986877
2021,Antonio  Pizzonia ,0.12460976839065552
2022,Antonio  Pizzonia ,0.11834292113780975
2023,Antonio  Pizzonia ,0.10612241923809052
2024,Antonio  Pizzonia ,0.081475630402565
2025,Antonio  Pizzonia ,0.039903052151203156
2026,Antonio  Pizzonia ,-0.06969387829303741
2027,Antonio  Pizzonia ,-0.07349970936775208
2028,Antonio  Pizzonia ,-0.07349970936775208
2029,Antonio  Pizzonia ,-0.07349970936775208
2030,Antonio  Pizzonia ,-0.07349970936775208
1958,Arturo  Merzario ,0.11345537006855011
1959,Arturo  Merzario ,0.11150246858596802
1960,Arturo  Merzario ,0.11197197437286377
1961,Arturo  Merzario ,0.11346188187599182
1962,Arturo  Merzario ,0.11544714868068695
1963,Arturo  Merzario ,0.1174994558095932
1964,Arturo  Merzario ,0.11932902038097382
1965,Arturo  Merzario ,0.1207742691040039
1966,Arturo  Merzario ,0.12173077464103699
1967,Arturo  Merzario ,0.12207473814487457
1968,Arturo  Merzario ,0.12163202464580536
1969,Arturo  Merzario ,0.12033411860466003
1970,Arturo  Merzario ,0.11883847415447235
1971,Arturo  Merzario ,0.1223357617855072
1972,Arturo  Merzario ,0.12640661001205444
1973,Arturo  Merzario ,0.20413640141487122
1974,Arturo  Merzario ,0.1394553780555725
1975,Arturo  Merzario ,0.12256690859794617
1976,Arturo  Merzario ,0.12188470363616943
1977,Arturo  Merzario ,0.12480199337005615
1978,Arturo  Merzario ,0.12638700008392334
1979,Arturo  Merzario ,0.12670251727104187
1980,Arturo  Merzario ,0.1263810694217682
1981,Arturo  Merzario ,0.12587347626686096
1982,Arturo  Merzario ,0.12539370357990265
1983,Arturo  Merzario ,0.12501247227191925
1984,Arturo  Merzario ,0.12473490834236145
1985,Arturo  Merzario ,0.1245432049036026
1986,Arturo  Merzario ,0.12441577017307281
1987,Arturo  Merzario ,0.12433382868766785
1988,Arturo  Merzario ,0.12428310513496399
1989,Arturo  Merzario ,0.12425342202186584
1990,Arturo  Merzario ,0.12423798441886902
1991,Arturo  Merzario ,0.1242322027683258
1992,Arturo  Merzario ,0.1242332011461258
1993,Arturo  Merzario ,0.12423937022686005
1994,Arturo  Merzario ,0.12424984574317932
1995,Arturo  Merzario ,0.12426429986953735
1996,Arturo  Merzario ,0.12428291141986847
1997,Arturo  Merzario ,0.12430602312088013
1998,Arturo  Merzario ,0.12433448433876038
1999,Arturo  Merzario ,0.12436917424201965
2000,Arturo  Merzario ,0.12441140413284302
2001,Arturo  Merzario ,0.12446284294128418
2002,Arturo  Merzario ,0.12452533841133118
2003,Arturo  Merzario ,0.12460151314735413
2004,Arturo  Merzario ,0.12469427287578583
2005,Arturo  Merzario ,0.12480735778808594
2006,Arturo  Merzario ,0.12494528293609619
2007,Arturo  Merzario ,0.1251136064529419
2008,Arturo  Merzario ,0.12531892955303192
2009,Arturo  Merzario ,0.12556907534599304
2010,Arturo  Merzario ,0.12587301433086395
2011,Arturo  Merzario ,0.12624028325080872
2012,Arturo  Merzario ,0.12667980790138245
2013,Arturo  Merzario ,0.12719719111919403
2014,Arturo  Merzario ,0.1277894526720047
2015,Arturo  Merzario ,0.12843531370162964
2016,Arturo  Merzario ,0.12907952070236206
2017,Arturo  Merzario ,0.1296088695526123
2018,Arturo  Merzario ,0.1298215091228485
2019,Arturo  Merzario ,0.12939642369747162
2020,Arturo  Merzario ,0.12786978483200073
2021,Arturo  Merzario ,0.12457975745201111
2022,Arturo  Merzario ,0.11832524836063385
2023,Arturo  Merzario ,0.10611216723918915
2024,Arturo  Merzario ,0.08146986365318298
2025,Arturo  Merzario ,0.039903052151203156
2026,Arturo  Merzario ,-0.06969387829303741
2027,Arturo  Merzario ,-0.07349970936775208
2028,Arturo  Merzario ,-0.07349970936775208
2029,Arturo  Merzario ,-0.07349970936775208
2030,Arturo  Merzario ,-0.07349970936775208
1958,Ayrton  Senna ,0.11338759958744049
1959,Ayrton  Senna ,0.1113613098859787
1960,Ayrton  Senna ,0.11177292466163635
1961,Ayrton  Senna ,0.11320573091506958
1962,Ayrton  Senna ,0.11513367295265198
1963,Ayrton  Senna ,0.11713629961013794
1964,Ayrton  Senna ,0.11894473433494568
1965,Ayrton  Senna ,0.12044312059879303
1966,Ayrton  Senna ,0.12161847949028015
1967,Ayrton  Senna ,0.12251016497612
1968,Ayrton  Senna ,0.1231759786605835
1969,Ayrton  Senna ,0.12367388606071472
1970,Ayrton  Senna ,0.12405399978160858
1971,Ayrton  Senna ,0.12435659766197205
1972,Ayrton  Senna ,0.1246120035648346
1973,Ayrton  Senna ,0.12484182417392731
1974,Ayrton  Senna ,0.1250588297843933
1975,Ayrton  Senna ,0.12526537477970123
1976,Ayrton  Senna ,0.12544706463813782
1977,Ayrton  Senna ,0.12555748224258423
1978,Ayrton  Senna ,0.12548913061618805
1979,Ayrton  Senna ,0.12503375113010406
1980,Ayrton  Senna ,0.12388502061367035
1981,Ayrton  Senna ,0.12190638482570648
1982,Ayrton  Senna ,0.12037599086761475
1983,Ayrton  Senna ,0.12530291080474854
1984,Ayrton  Senna ,0.2143440842628479
1985,Ayrton  Senna ,0.3069203495979309
1986,Ayrton  Senna ,0.31761449575424194
1987,Ayrton  Senna ,0.3184641897678375
1988,Ayrton  Senna ,0.384450763463974
1989,Ayrton  Senna ,0.36281582713127136
1990,Ayrton  Senna ,0.3854711949825287
1991,Ayrton  Senna ,0.3981758654117584
1992,Ayrton  Senna ,0.330171138048172
1993,Ayrton  Senna ,0.35092148184776306
1994,Ayrton  Senna ,0.12583136558532715
1995,Ayrton  Senna ,0.12296847999095917
1996,Ayrton  Senna ,0.12721142172813416
1997,Ayrton  Senna ,0.13030436635017395
1998,Ayrton  Senna ,0.13080722093582153
1999,Ayrton  Senna ,0.12996931374073029
2000,Ayrton  Senna ,0.12874458730220795
2001,Ayrton  Senna ,0.1276061087846756
2002,Ayrton  Senna ,0.12671518325805664
2003,Ayrton  Senna ,0.12608644366264343
2004,Ayrton  Senna ,0.12568196654319763
2005,Ayrton  Senna ,0.12545475363731384
2006,Ayrton  Senna ,0.12536460161209106
2007,Ayrton  Senna ,0.12538251280784607
2008,Ayrton  Senna ,0.12548983097076416
2009,Ayrton  Senna ,0.1256769299507141
2010,Ayrton  Senna ,0.12594059109687805
2011,Ayrton  Senna ,0.12628240883350372
2012,Ayrton  Senna ,0.12670591473579407
2013,Ayrton  Senna ,0.12721335887908936
2014,Ayrton  Senna ,0.12779942154884338
2015,Ayrton  Senna ,0.1284414529800415
2016,Ayrton  Senna ,0.1290833055973053
2017,Ayrton  Senna ,0.12961119413375854
2018,Ayrton  Senna ,0.12982295453548431
2019,Ayrton  Senna ,0.12939731776714325
2020,Ayrton  Senna ,0.1278703361749649
2021,Ayrton  Senna ,0.12458011507987976
2022,Ayrton  Senna ,0.11832547187805176
2023,Ayrton  Senna ,0.10611231625080109
2024,Ayrton  Senna ,0.08146993815898895
2025,Ayrton  Senna ,0.039903052151203156
2026,Ayrton  Senna ,-0.06969387829303741
2027,Ayrton  Senna ,-0.07349970936775208
2028,Ayrton  Senna ,-0.07349970936775208
2029,Ayrton  Senna ,-0.07349970936775208
2030,Ayrton  Senna ,-0.07349970936775208
1958,Bernard Collomb,0.11279869079589844
1959,Bernard Collomb,0.11015826463699341
1960,Bernard Collomb,0.10959544777870178
1961,Bernard Collomb,0.11051124334335327
1962,Bernard Collomb,0.11666260659694672
1963,Bernard Collomb,0.15053106844425201
1964,Bernard Collomb,0.11835135519504547
1965,Bernard Collomb,0.11712601780891418
1966,Bernard Collomb,0.11987526714801788
1967,Bernard Collomb,0.12219567596912384
1968,Bernard Collomb,0.12349283695220947
1969,Bernard Collomb,0.12407594919204712
1970,Bernard Collomb,0.12428328394889832
1971,Bernard Collomb,0.1243247240781784
1972,Bernard Collomb,0.12430569529533386
1973,Bernard Collomb,0.12427213788032532
1974,Bernard Collomb,0.12424111366271973
1975,Bernard Collomb,0.12421725690364838
1976,Bernard Collomb,0.12420062720775604
1977,Bernard Collomb,0.12418979406356812
1978,Bernard Collomb,0.12418320775032043
1979,Bernard Collomb,0.12417954206466675
1980,Bernard Collomb,0.12417790293693542
1981,Bernard Collomb,0.12417754530906677
1982,Bernard Collomb,0.12417812645435333
1983,Bernard Collomb,0.12417939305305481
1984,Bernard Collomb,0.12418124079704285
1985,Bernard Collomb,0.12418356537818909
1986,Bernard Collomb,0.1241864264011383
1987,Bernard Collomb,0.12418997287750244
1988,Bernard Collomb,0.1241942048072815
1989,Bernard Collomb,0.12419933080673218
1990,Bernard Collomb,0.12420552968978882
1991,Bernard Collomb,0.12421299517154694
1992,Bernard Collomb,0.1242220401763916
1993,Bernard Collomb,0.12423300743103027
1994,Bernard Collomb,0.1242462694644928
1995,Bernard Collomb,0.12426236271858215
1996,Bernard Collomb,0.1242818534374237
1997,Bernard Collomb,0.12430551648139954
1998,Bernard Collomb,0.12433421611785889
1999,Bernard Collomb,0.1243690550327301
2000,Bernard Collomb,0.12441137433052063
2001,Bernard Collomb,0.12446282804012299
2002,Bernard Collomb,0.12452533841133118
2003,Bernard Collomb,0.12460151314735413
2004,Bernard Collomb,0.12469428777694702
2005,Bernard Collomb,0.12480735778808594
2006,Bernard Collomb,0.12494531273841858
2007,Bernard Collomb,0.1251136213541031
2008,Bernard Collomb,0.12531894445419312
2009,Bernard Collomb,0.12556907534599304
2010,Bernard Collomb,0.12587301433086395
2011,Bernard Collomb,0.12624028325080872
2012,Bernard Collomb,0.12667980790138245
2013,Bernard Collomb,0.12719720602035522
2014,Bernard Collomb,0.1277894377708435
2015,Bernard Collomb,0.12843531370162964
2016,Bernard Collomb,0.12907952070236206
2017,Bernard Collomb,0.1296088695526123
2018,Bernard Collomb,0.1298215091228485
2019,Bernard Collomb,0.12939642369747162
2020,Bernard Collomb,0.12786979973316193
2021,Bernard Collomb,0.12457975745201111
2022,Bernard Collomb,0.11832524836063385
2023,Bernard Collomb,0.10611218214035034
2024,Bernard Collomb,0.08146986365318298
2025,Bernard Collomb,0.039903052151203156
2026,Bernard Collomb,-0.06969387829303741
2027,Bernard Collomb,-0.07349970936775208
2028,Bernard Collomb,-0.07349970936775208
2029,Bernard Collomb,-0.07349970936775208
2030,Bernard Collomb,-0.07349970936775208
1958,Bertrand  Gachot ,0.11337655782699585
1959,Bertrand  Gachot ,0.11132971942424774
1960,Bertrand  Gachot ,0.11172574758529663
1961,Bertrand  Gachot ,0.1131427139043808
1962,Bertrand  Gachot ,0.11505258083343506
1963,Bertrand  Gachot ,0.11703383922576904
1964,Bertrand  Gachot ,0.11881667375564575
1965,Bertrand  Gachot ,0.12028422951698303
1966,Bertrand  Gachot ,0.12142236530780792
1967,Bertrand  Gachot ,0.12226897478103638
1968,Bertrand  Gachot ,0.12288022041320801
1969,Bertrand  Gachot ,0.12331217527389526
1970,Bertrand  Gachot ,0.12361297011375427
1971,Bertrand  Gachot ,0.12382087111473083
1972,Bertrand  Gachot ,0.12396475672721863
1973,Bertrand  Gachot ,0.12406575679779053
1974,Bertrand  Gachot ,0.12413901090621948
1975,Bertrand  Gachot ,0.12419523298740387
1976,Bertrand  Gachot ,0.12424199283123016
1977,Bertrand  Gachot ,0.12428468465805054
1978,Bertrand  Gachot ,0.12432694435119629
1979,Bertrand  Gachot ,0.1243709921836853
1980,Bertrand  Gachot ,0.12441746890544891
1981,Bertrand  Gachot ,0.12446415424346924
1982,Bertrand  Gachot ,0.12450361251831055
1983,Bertrand  Gachot ,0.12451726198196411
1984,Bertrand  Gachot ,0.12446446716785431
1985,Bertrand  Gachot ,0.12426459789276123
1986,Bertrand  Gachot ,0.12378053367137909
1987,Bertrand  Gachot ,0.12285067141056061
1988,Bertrand  Gachot ,0.12154361605644226
1989,Bertrand  Gachot ,0.12110453844070435
1990,Bertrand  Gachot ,0.12701883912086487
1991,Bertrand  Gachot ,0.19280141592025757
1992,Bertrand  Gachot ,0.11948281526565552
1993,Bertrand  Gachot ,0.12187649309635162
1994,Bertrand  Gachot ,0.12164726853370667
1995,Bertrand  Gachot ,0.1242746114730835
1996,Bertrand  Gachot ,0.12569501996040344
1997,Bertrand  Gachot ,0.12607291340827942
1998,Bertrand  Gachot ,0.12592238187789917
1999,Bertrand  Gachot ,0.1256081461906433
2000,Bertrand  Gachot ,0.12530624866485596
2001,Bertrand  Gachot ,0.125078946352005
2002,Bertrand  Gachot ,0.124936044216156
2003,Bertrand  Gachot ,0.12486876547336578
2004,Bertrand  Gachot ,0.12486481666564941
2005,Bertrand  Gachot ,0.12491434812545776
2006,Bertrand  Gachot ,0.1250113546848297
2007,Bertrand  Gachot ,0.12515376508235931
2008,Bertrand  Gachot ,0.1253429651260376
2009,Bertrand  Gachot ,0.1255832314491272
2010,Bertrand  Gachot ,0.12588119506835938
2011,Bertrand  Gachot ,0.1262449324131012
2012,Bertrand  Gachot ,0.12668238580226898
2013,Bertrand  Gachot ,0.12719857692718506
2014,Bertrand  Gachot ,0.127790167927742
2015,Bertrand  Gachot ,0.12843568623065948
2016,Bertrand  Gachot ,0.1290796995162964
2017,Bertrand  Gachot ,0.12960892915725708
2018,Bertrand  Gachot ,0.1298215389251709
2019,Bertrand  Gachot ,0.12939642369747162
2020,Bertrand  Gachot ,0.12786975502967834
2021,Bertrand  Gachot ,0.12457975745201111
2022,Bertrand  Gachot ,0.11832524836063385
2023,Bertrand  Gachot ,0.10611216723918915
2024,Bertrand  Gachot ,0.0814698338508606
2025,Bertrand  Gachot ,0.039903052151203156
2026,Bertrand  Gachot ,-0.06969387829303741
2027,Bertrand  Gachot ,-0.07349970936775208
2028,Bertrand  Gachot ,-0.07349970936775208
2029,Bertrand  Gachot ,-0.07349970936775208
2030,Bertrand  Gachot ,-0.07349970936775208
1958,Bob  Anderson ,0.11282095313072205
1959,Bob  Anderson ,0.11013412475585938
1960,Bob  Anderson ,0.10910089313983917
1961,Bob  Anderson ,0.1091400682926178
1962,Bob  Anderson ,0.11483672261238098
1963,Bob  Anderson ,0.13652469217777252
1964,Bob  Anderson ,0.20084241032600403
1965,Bob  Anderson ,0.12244114279747009
1966,Bob  Anderson ,0.13383421301841736
1967,Bob  Anderson ,0.14805927872657776
1968,Bob  Anderson ,0.1251031756401062
1969,Bob  Anderson ,0.1237095296382904
1970,Bob  Anderson ,0.12558165192604065
1971,Bob  Anderson ,0.12660980224609375
1972,Bob  Anderson ,0.12668462097644806
1973,Bob  Anderson ,0.12628643214702606
1974,Bob  Anderson ,0.1257711797952652
1975,Bob  Anderson ,0.1253066211938858
1976,Bob  Anderson ,0.12494426965713501
1977,Bob  Anderson ,0.12468266487121582
1978,Bob  Anderson ,0.12450262904167175
1979,Bob  Anderson ,0.12438279390335083
1980,Bob  Anderson ,0.12430509924888611
1981,Bob  Anderson ,0.12425592541694641
1982,Bob  Anderson ,0.12422573566436768
1983,Bob  Anderson ,0.12420785427093506
1984,Bob  Anderson ,0.12419795989990234
1985,Bob  Anderson ,0.1241932362318039
1986,Bob  Anderson ,0.12419193983078003
1987,Bob  Anderson ,0.12419301271438599
1988,Bob  Anderson ,0.12419584393501282
1989,Bob  Anderson ,0.12420016527175903
1990,Bob  Anderson ,0.12420593202114105
1991,Bob  Anderson ,0.12421321868896484
1992,Bob  Anderson ,0.12422212958335876
1993,Bob  Anderson ,0.12423303723335266
1994,Bob  Anderson ,0.1242462694644928
1995,Bob  Anderson ,0.12426233291625977
1996,Bob  Anderson ,0.1242818534374237
1997,Bob  Anderson ,0.12430548667907715
1998,Bob  Anderson ,0.12433420121669769
1999,Bob  Anderson ,0.1243690550327301
2000,Bob  Anderson ,0.12441135942935944
2001,Bob  Anderson ,0.12446282804012299
2002,Bob  Anderson ,0.12452533841133118
2003,Bob  Anderson ,0.12460151314735413
2004,Bob  Anderson ,0.12469428777694702
2005,Bob  Anderson ,0.12480735778808594
2006,Bob  Anderson ,0.12494531273841858
2007,Bob  Anderson ,0.1251136213541031
2008,Bob  Anderson ,0.12531894445419312
2009,Bob  Anderson ,0.12556907534599304
2010,Bob  Anderson ,0.12587302923202515
2011,Bob  Anderson ,0.12624028325080872
2012,Bob  Anderson ,0.12667980790138245
2013,Bob  Anderson ,0.12719720602035522
2014,Bob  Anderson ,0.1277894377708435
2015,Bob  Anderson ,0.12843529880046844
2016,Bob  Anderson ,0.12907950580120087
2017,Bob  Anderson ,0.1296088695526123
2018,Bob  Anderson ,0.1298215091228485
2019,Bob  Anderson ,0.12939642369747162
2020,Bob  Anderson ,0.12786978483200073
2021,Bob  Anderson ,0.12457975745201111
2022,Bob  Anderson ,0.11832524836063385
2023,Bob  Anderson ,0.10611218214035034
2024,Bob  Anderson ,0.08146984875202179
2025,Bob  Anderson ,0.039903052151203156
2026,Bob  Anderson ,-0.06969387829303741
2027,Bob  Anderson ,-0.07349970936775208
2028,Bob  Anderson ,-0.07349970936775208
2029,Bob  Anderson ,-0.07349970936775208
2030,Bob  Anderson ,-0.07349970936775208
1958,Bob  Bondurant ,0.11341384053230286
1959,Bob  Bondurant ,0.1113663911819458
1960,Bob  Bondurant ,0.11162441968917847
1961,Bob  Bondurant ,0.11269202828407288
1962,Bob  Bondurant ,0.11393959820270538
1963,Bob  Bondurant ,0.11502689123153687
1964,Bob  Bondurant ,0.11667472124099731
1965,Bob  Bondurant ,0.12326657772064209
1966,Bob  Bondurant ,0.17291364073753357
1967,Bob  Bondurant ,0.12428629398345947
1968,Bob  Bondurant ,0.1206100583076477
1969,Bob  Bondurant ,0.12194693088531494
1970,Bob  Bondurant ,0.12351790070533752
1971,Bob  Bondurant ,0.12436994910240173
1972,Bob  Bondurant ,0.12466949224472046
1973,Bob  Bondurant ,0.12468720972537994
1974,Bob  Bondurant ,0.12459900975227356
1975,Bob  Bondurant ,0.12449102103710175
1976,Bob  Bondurant ,0.1243966817855835
1977,Bob  Bondurant ,0.12432453036308289
1978,Bob  Bondurant ,0.12427316606044769
1979,Bob  Bondurant ,0.12423834204673767
1980,Bob  Bondurant ,0.12421563267707825
1981,Bob  Bondurant ,0.12420135736465454
1982,Bob  Bondurant ,0.1241929829120636
1983,Bob  Bondurant ,0.12418854236602783
1984,Bob  Bondurant ,0.12418675422668457
1985,Bob  Bondurant ,0.12418684363365173
1986,Bob  Bondurant ,0.1241883933544159
1987,Bob  Bondurant ,0.12419110536575317
1988,Bob  Bondurant ,0.12419487535953522
1989,Bob  Bondurant ,0.12419970333576202
1990,Bob  Bondurant ,0.12420570850372314
1991,Bob  Bondurant ,0.12421309947967529
1992,Bob  Bondurant ,0.12422209978103638
1993,Bob  Bondurant ,0.12423305213451385
1994,Bob  Bondurant ,0.12424628436565399
1995,Bob  Bondurant ,0.12426237761974335
1996,Bob  Bondurant ,0.1242818832397461
1997,Bob  Bondurant ,0.12430551648139954
1998,Bob  Bondurant ,0.12433421611785889
1999,Bob  Bondurant ,0.1243690550327301
2000,Bob  Bondurant ,0.12441135942935944
2001,Bob  Bondurant ,0.12446284294128418
2002,Bob  Bondurant ,0.12452535331249237
2003,Bob  Bondurant ,0.12460151314735413
2004,Bob  Bondurant ,0.12469428777694702
2005,Bob  Bondurant ,0.12480735778808594
2006,Bob  Bondurant ,0.12494529783725739
2007,Bob  Bondurant ,0.1251136213541031
2008,Bob  Bondurant ,0.12531894445419312
2009,Bob  Bondurant ,0.12556907534599304
2010,Bob  Bondurant ,0.12587301433086395
2011,Bob  Bondurant ,0.12624028325080872
2012,Bob  Bondurant ,0.12667980790138245
2013,Bob  Bondurant ,0.12719719111919403
2014,Bob  Bondurant ,0.1277894377708435
2015,Bob  Bondurant ,0.12843532860279083
2016,Bob  Bondurant ,0.12907952070236206
2017,Bob  Bondurant ,0.1296088695526123
2018,Bob  Bondurant ,0.1298215091228485
2019,Bob  Bondurant ,0.12939642369747162
2020,Bob  Bondurant ,0.12786979973316193
2021,Bob  Bondurant ,0.12457975745201111
2022,Bob  Bondurant ,0.11832524836063385
2023,Bob  Bondurant ,0.10611216723918915
2024,Bob  Bondurant ,0.08146986365318298
2025,Bob  Bondurant ,0.039903052151203156
2026,Bob  Bondurant ,-0.06969387829303741
2027,Bob  Bondurant ,-0.07349970936775208
2028,Bob  Bondurant ,-0.07349970936775208
2029,Bob  Bondurant ,-0.07349970936775208
2030,Bob  Bondurant ,-0.07349970936775208
1958,Brausch  Niemann ,0.11288423836231232
1959,Brausch  Niemann ,0.11034083366394043
1960,Brausch  Niemann ,0.10995446145534515
1961,Brausch  Niemann ,0.11101788282394409
1962,Brausch  Niemann ,0.11692804098129272
1963,Brausch  Niemann ,0.13473358750343323
1964,Brausch  Niemann ,0.11858031153678894
1965,Brausch  Niemann ,0.11809253692626953
1966,Brausch  Niemann ,0.12057434022426605
1967,Brausch  Niemann ,0.1225256472826004
1968,Brausch  Niemann ,0.1235976368188858
1969,Brausch  Niemann ,0.12407618761062622
1970,Brausch  Niemann ,0.12424695491790771
1971,Brausch  Niemann ,0.1242828369140625
1972,Brausch  Niemann ,0.12426966428756714
1973,Brausch  Niemann ,0.1242445558309555
1974,Brausch  Niemann ,0.12422126531600952
1975,Brausch  Niemann ,0.12420350313186646
1976,Brausch  Niemann ,0.1241912841796875
1977,Brausch  Niemann ,0.12418359518051147
1978,Brausch  Niemann ,0.12417912483215332
1979,Brausch  Niemann ,0.12417690455913544
1980,Brausch  Niemann ,0.12417620420455933
1981,Brausch  Niemann ,0.12417645752429962
1982,Brausch  Niemann ,0.12417745590209961
1983,Brausch  Niemann ,0.124178946018219
1984,Brausch  Niemann ,0.12418094277381897
1985,Brausch  Niemann ,0.12418338656425476
1986,Brausch  Niemann ,0.12418633699417114
1987,Brausch  Niemann ,0.12418991327285767
1988,Brausch  Niemann ,0.1241941750049591
1989,Brausch  Niemann ,0.12419930100440979
1990,Brausch  Niemann ,0.12420548498630524
1991,Brausch  Niemann ,0.12421298027038574
1992,Brausch  Niemann ,0.1242220401763916
1993,Brausch  Niemann ,0.12423300743103027
1994,Brausch  Niemann ,0.1242462545633316
1995,Brausch  Niemann ,0.12426234781742096
1996,Brausch  Niemann ,0.1242818534374237
1997,Brausch  Niemann ,0.12430551648139954
1998,Brausch  Niemann ,0.12433421611785889
1999,Brausch  Niemann ,0.1243690550327301
2000,Brausch  Niemann ,0.12441134452819824
2001,Brausch  Niemann ,0.1244627982378006
2002,Brausch  Niemann ,0.12452536821365356
2003,Brausch  Niemann ,0.12460151314735413
2004,Brausch  Niemann ,0.12469428777694702
2005,Brausch  Niemann ,0.12480735778808594
2006,Brausch  Niemann ,0.12494528293609619
2007,Brausch  Niemann ,0.1251136213541031
2008,Brausch  Niemann ,0.12531894445419312
2009,Brausch  Niemann ,0.12556907534599304
2010,Brausch  Niemann ,0.12587302923202515
2011,Brausch  Niemann ,0.12624028325080872
2012,Brausch  Niemann ,0.12667980790138245
2013,Brausch  Niemann ,0.12719720602035522
2014,Brausch  Niemann ,0.1277894377708435
2015,Brausch  Niemann ,0.12843531370162964
2016,Brausch  Niemann ,0.12907952070236206
2017,Brausch  Niemann ,0.1296088695526123
2018,Brausch  Niemann ,0.1298215091228485
2019,Brausch  Niemann ,0.12939642369747162
2020,Brausch  Niemann ,0.12786979973316193
2021,Brausch  Niemann ,0.1245797723531723
2022,Brausch  Niemann ,0.11832524836063385
2023,Brausch  Niemann ,0.10611218214035034
2024,Brausch  Niemann ,0.08146986365318298
2025,Brausch  Niemann ,0.039903052151203156
2026,Brausch  Niemann ,-0.06969387829303741
2027,Brausch  Niemann ,-0.07349970936775208
2028,Brausch  Niemann ,-0.07349970936775208
2029,Brausch  Niemann ,-0.07349970936775208
2030,Brausch  Niemann ,-0.07349970936775208
1958,Brendon  Hartley ,0.11337575316429138
1959,Brendon  Hartley ,0.11132732033729553
1960,Brendon  Hartley ,0.11172214150428772
1961,Brendon  Hartley ,0.11313790082931519
1962,Brendon  Hartley ,0.115046426653862
1963,Brendon  Hartley ,0.11702604591846466
1964,Brendon  Hartley ,0.11880700290203094
1965,Brendon  Hartley ,0.12027226388454437
1966,Brendon  Hartley ,0.12140759825706482
1967,Brendon  Hartley ,0.12225086987018585
1968,Brendon  Hartley ,0.12285803258419037
1969,Brendon  Hartley ,0.12328501045703888
1970,Brendon  Hartley ,0.1235797107219696
1971,Brendon  Hartley ,0.12378014624118805
1972,Brendon  Hartley ,0.12391479313373566
1973,Brendon  Hartley ,0.12400439381599426
1974,Brendon  Hartley ,0.12406359612941742
1975,Brendon  Hartley ,0.12410250306129456
1976,Brendon  Hartley ,0.124128058552742
1977,Brendon  Hartley ,0.12414486706256866
1978,Brendon  Hartley ,0.12415611743927002
1979,Brendon  Hartley ,0.12416377663612366
1980,Brendon  Hartley ,0.124169260263443
1981,Brendon  Hartley ,0.12417344748973846
1982,Brendon  Hartley ,0.12417691946029663
1983,Brendon  Hartley ,0.1241801530122757
1984,Brendon  Hartley ,0.12418335676193237
1985,Brendon  Hartley ,0.12418690323829651
1986,Brendon  Hartley ,0.12419091165065765
1987,Brendon  Hartley ,0.12419554591178894
1988,Brendon  Hartley ,0.12420111894607544
1989,Brendon  Hartley ,0.1242077648639679
1990,Brendon  Hartley ,0.12421582639217377
1991,Brendon  Hartley ,0.12422552704811096
1992,Brendon  Hartley ,0.1242372989654541
1993,Brendon  Hartley ,0.12425157427787781
1994,Brendon  Hartley ,0.12426891922950745
1995,Brendon  Hartley ,0.12429004907608032
1996,Brendon  Hartley ,0.12431579828262329
1997,Brendon  Hartley ,0.12434713542461395
1998,Brendon  Hartley ,0.12438544631004333
1999,Brendon  Hartley ,0.12443222105503082
2000,Brendon  Hartley ,0.1244894415140152
2001,Brendon  Hartley ,0.12455949187278748
2002,Brendon  Hartley ,0.12464520335197449
2003,Brendon  Hartley ,0.1247500479221344
2004,Brendon  Hartley ,0.12487787008285522
2005,Brendon  Hartley ,0.1250329166650772
2006,Brendon  Hartley ,0.1252192258834839
2007,Brendon  Hartley ,0.1254396140575409
2008,Brendon  Hartley ,0.12569303810596466
2009,Brendon  Hartley ,0.125969797372818
2010,Brendon  Hartley ,0.12624306976795197
2011,Brendon  Hartley ,0.12645556032657623
2012,Brendon  Hartley ,0.12650790810585022
2013,Brendon  Hartley ,0.12627434730529785
2014,Brendon  Hartley ,0.1257343292236328
2015,Brendon  Hartley ,0.1252971887588501
2016,Brendon  Hartley ,0.12785181403160095
2017,Brendon  Hartley ,0.10091935098171234
2018,Brendon  Hartley ,0.13489128649234772
2019,Brendon  Hartley ,0.13047240674495697
2020,Brendon  Hartley ,0.1277596652507782
2021,Brendon  Hartley ,0.125907763838768
2022,Brendon  Hartley ,0.12042883038520813
2023,Brendon  Hartley ,0.10828062891960144
2024,Brendon  Hartley ,0.08330464363098145
2025,Brendon  Hartley ,0.039903052151203156
2026,Brendon  Hartley ,-0.06969387829303741
2027,Brendon  Hartley ,-0.07349970936775208
2028,Brendon  Hartley ,-0.07349970936775208
2029,Brendon  Hartley ,-0.07349970936775208
2030,Brendon  Hartley ,-0.07349970936775208
1958,Brian Redman ,0.11348411440849304
1959,Brian Redman ,0.11152678728103638
1960,Brian Redman ,0.11196380853652954
1961,Brian Redman ,0.1133696436882019
1962,Brian Redman ,0.11517202854156494
1963,Brian Redman ,0.11686724424362183
1964,Brian Redman ,0.11808840930461884
1965,Brian Redman ,0.11874859035015106
1966,Brian Redman ,0.11939647793769836
1967,Brian Redman ,0.12368983030319214
1968,Brian Redman ,0.12640932202339172
1969,Brian Redman ,0.1207616925239563
1970,Brian Redman ,0.11965525150299072
1971,Brian Redman ,0.12664644420146942
1972,Brian Redman ,0.1953333020210266
1973,Brian Redman ,0.1282818466424942
1974,Brian Redman ,0.12271973490715027
1975,Brian Redman ,0.12322701513767242
1976,Brian Redman ,0.12441770732402802
1977,Brian Redman ,0.12501992285251617
1978,Brian Redman ,0.12513303756713867
1979,Brian Redman ,0.12501034140586853
1980,Brian Redman ,0.12481974065303802
1981,Brian Redman ,0.12463968992233276
1982,Brian Redman ,0.12449643015861511
1983,Brian Redman ,0.12439195811748505
1984,Brian Redman ,0.12431997060775757
1985,Brian Redman ,0.12427246570587158
1986,Brian Redman ,0.12424252927303314
1987,Brian Redman ,0.12422484159469604
1988,Brian Redman ,0.12421560287475586
1989,Brian Redman ,0.12421229481697083
1990,Brian Redman ,0.12421326339244843
1991,Brian Redman ,0.12421756982803345
1992,Brian Redman ,0.1242247223854065
1993,Brian Redman ,0.12423454225063324
1994,Brian Redman ,0.12424714863300323
1995,Brian Redman ,0.12426285445690155
1996,Brian Redman ,0.12428215146064758
1997,Brian Redman ,0.12430565059185028
1998,Brian Redman ,0.12433430552482605
1999,Brian Redman ,0.12436908483505249
2000,Brian Redman ,0.12441137433052063
2001,Brian Redman ,0.12446282804012299
2002,Brian Redman ,0.12452533841133118
2003,Brian Redman ,0.12460151314735413
2004,Brian Redman ,0.12469428777694702
2005,Brian Redman ,0.12480738759040833
2006,Brian Redman ,0.12494531273841858
2007,Brian Redman ,0.1251136064529419
2008,Brian Redman ,0.12531894445419312
2009,Brian Redman ,0.12556907534599304
2010,Brian Redman ,0.12587301433086395
2011,Brian Redman ,0.12624028325080872
2012,Brian Redman ,0.12667982280254364
2013,Brian Redman ,0.12719719111919403
2014,Brian Redman ,0.1277894526720047
2015,Brian Redman ,0.12843532860279083
2016,Brian Redman ,0.12907952070236206
2017,Brian Redman ,0.1296088695526123
2018,Brian Redman ,0.1298215091228485
2019,Brian Redman ,0.12939642369747162
2020,Brian Redman ,0.12786978483200073
2021,Brian Redman ,0.12457975745201111
2022,Brian Redman ,0.11832524836063385
2023,Brian Redman ,0.10611218214035034
2024,Brian Redman ,0.08146986365318298
2025,Brian Redman ,0.039903052151203156
2026,Brian Redman ,-0.06969387829303741
2027,Brian Redman ,-0.07349970936775208
2028,Brian Redman ,-0.07349970936775208
2029,Brian Redman ,-0.07349970936775208
2030,Brian Redman ,-0.07349970936775208
1958,Bruce  McLaren ,0.11229170858860016
1959,Bruce  McLaren ,0.25161704421043396
1960,Bruce  McLaren ,0.3237728774547577
1961,Bruce  McLaren ,0.25622597336769104
1962,Bruce  McLaren ,0.29582932591438293
1963,Bruce  McLaren ,0.2560664713382721
1964,Bruce  McLaren ,0.2415558397769928
1965,Bruce  McLaren ,0.23014122247695923
1966,Bruce  McLaren ,0.16093523800373077
1967,Bruce  McLaren ,0.1577582210302353
1968,Bruce  McLaren ,0.2876216173171997
1969,Bruce  McLaren ,0.3232666850090027
1970,Bruce  McLaren ,0.19443458318710327
1971,Bruce  McLaren ,0.12736982107162476
1972,Bruce  McLaren ,0.12491185963153839
1973,Bruce  McLaren ,0.12798690795898438
1974,Bruce  McLaren ,0.1295464038848877
1975,Bruce  McLaren ,0.12940609455108643
1976,Bruce  McLaren ,0.1284763216972351
1977,Bruce  McLaren ,0.12739676237106323
1978,Bruce  McLaren ,0.12645560503005981
1979,Bruce  McLaren ,0.12573161721229553
1980,Bruce  McLaren ,0.1252114176750183
1981,Bruce  McLaren ,0.12485295534133911
1982,Bruce  McLaren ,0.12461300194263458
1983,Bruce  McLaren ,0.12445583939552307
1984,Bruce  McLaren ,0.12435495853424072
1985,Bruce  McLaren ,0.12429162859916687
1986,Bruce  McLaren ,0.12425301969051361
1987,Bruce  McLaren ,0.12423060834407806
1988,Bruce  McLaren ,0.12421879172325134
1989,Bruce  McLaren ,0.12421408295631409
1990,Bruce  McLaren ,0.1242142915725708
1991,Bruce  McLaren ,0.12421819567680359
1992,Bruce  McLaren ,0.12422508001327515
1993,Bruce  McLaren ,0.12423476576805115
1994,Bruce  McLaren ,0.12424729764461517
1995,Bruce  McLaren ,0.12426295876502991
1996,Bruce  McLaren ,0.12428221106529236
1997,Bruce  McLaren ,0.12430572509765625
1998,Bruce  McLaren ,0.12433433532714844
1999,Bruce  McLaren ,0.12436911463737488
2000,Bruce  McLaren ,0.12441141903400421
2001,Bruce  McLaren ,0.12446282804012299
2002,Bruce  McLaren ,0.12452536821365356
2003,Bruce  McLaren ,0.12460152804851532
2004,Bruce  McLaren ,0.12469428777694702
2005,Bruce  McLaren ,0.12480737268924713
2006,Bruce  McLaren ,0.12494531273841858
2007,Bruce  McLaren ,0.1251136213541031
2008,Bruce  McLaren ,0.12531894445419312
2009,Bruce  McLaren ,0.12556907534599304
2010,Bruce  McLaren ,0.12587301433086395
2011,Bruce  McLaren ,0.12624028325080872
2012,Bruce  McLaren ,0.12667980790138245
2013,Bruce  McLaren ,0.12719719111919403
2014,Bruce  McLaren ,0.1277894377708435
2015,Bruce  McLaren ,0.12843531370162964
2016,Bruce  McLaren ,0.12907952070236206
2017,Bruce  McLaren ,0.1296088695526123
2018,Bruce  McLaren ,0.1298215091228485
2019,Bruce  McLaren ,0.12939642369747162
2020,Bruce  McLaren ,0.12786978483200073
2021,Bruce  McLaren ,0.12457975745201111
2022,Bruce  McLaren ,0.11832524836063385
2023,Bruce  McLaren ,0.10611218214035034
2024,Bruce  McLaren ,0.08146986365318298
2025,Bruce  McLaren ,0.039903052151203156
2026,Bruce  McLaren ,-0.06969387829303741
2027,Bruce  McLaren ,-0.07349970936775208
2028,Bruce  McLaren ,-0.07349970936775208
2029,Bruce  McLaren ,-0.07349970936775208
2030,Bruce  McLaren ,-0.07349970936775208
1958,Bruno  Giacomelli ,0.11338992416858673
1959,Bruno  Giacomelli ,0.11136625707149506
1960,Bruno  Giacomelli ,0.11178024113178253
1961,Bruno  Giacomelli ,0.1132158488035202
1962,Bruno  Giacomelli ,0.11514735221862793
1963,Bruno  Giacomelli ,0.1171545684337616
1964,Bruno  Giacomelli ,0.1189689040184021
1965,Bruno  Giacomelli ,0.12047480046749115
1966,Bruno  Giacomelli ,0.12165944278240204
1967,Bruno  Giacomelli ,0.1225622147321701
1968,Bruno  Giacomelli ,0.12324020266532898
1969,Bruno  Giacomelli ,0.12374947965145111
1970,Bruno  Giacomelli ,0.12413540482521057
1971,Bruno  Giacomelli ,0.12442755699157715
1972,Bruno  Giacomelli ,0.1246337890625
1973,Bruno  Giacomelli ,0.124730184674263
1974,Bruno  Giacomelli ,0.12464481592178345
1975,Bruno  Giacomelli ,0.12424185872077942
1976,Bruno  Giacomelli ,0.12334689497947693
1977,Bruno  Giacomelli ,0.12195731699466705
1978,Bruno  Giacomelli ,0.12092319130897522
1979,Bruno  Giacomelli ,0.12549906969070435
1980,Bruno  Giacomelli ,0.1373215764760971
1981,Bruno  Giacomelli ,0.15738889575004578
1982,Bruno  Giacomelli ,0.09823943674564362
1983,Bruno  Giacomelli ,0.12540920078754425
1984,Bruno  Giacomelli ,0.125806987285614
1985,Bruno  Giacomelli ,0.12552841007709503
1986,Bruno  Giacomelli ,0.127208411693573
1987,Bruno  Giacomelli ,0.12769734859466553
1988,Bruno  Giacomelli ,0.1273404210805893
1989,Bruno  Giacomelli ,0.12666475772857666
1990,Bruno  Giacomelli ,0.1259898543357849
1991,Bruno  Giacomelli ,0.1254405528306961
1992,Bruno  Giacomelli ,0.1250377595424652
1993,Bruno  Giacomelli ,0.12476125359535217
1994,Bruno  Giacomelli ,0.12458129227161407
1995,Bruno  Giacomelli ,0.12447094917297363
1996,Bruno  Giacomelli ,0.12440943717956543
1997,Bruno  Giacomelli ,0.12438216805458069
1998,Bruno  Giacomelli ,0.12437939643859863
1999,Bruno  Giacomelli ,0.12439511716365814
2000,Bruno  Giacomelli ,0.12442606687545776
2001,Bruno  Giacomelli ,0.12447085976600647
2002,Bruno  Giacomelli ,0.12452958524227142
2003,Bruno  Giacomelli ,0.12460364401340485
2004,Bruno  Giacomelli ,0.12469525635242462
2005,Bruno  Giacomelli ,0.12480774521827698
2006,Bruno  Giacomelli ,0.12494538724422455
2007,Bruno  Giacomelli ,0.1251135766506195
2008,Bruno  Giacomelli ,0.12531885504722595
2009,Bruno  Giacomelli ,0.12556898593902588
2010,Bruno  Giacomelli ,0.12587293982505798
2011,Bruno  Giacomelli ,0.12624025344848633
2012,Bruno  Giacomelli ,0.12667976319789886
2013,Bruno  Giacomelli ,0.12719714641571045
2014,Bruno  Giacomelli ,0.1277894228696823
2015,Bruno  Giacomelli ,0.12843528389930725
2016,Bruno  Giacomelli ,0.12907950580120087
2017,Bruno  Giacomelli ,0.1296088546514511
2018,Bruno  Giacomelli ,0.1298215240240097
2019,Bruno  Giacomelli ,0.12939640879631042
2020,Bruno  Giacomelli ,0.12786976993083954
2021,Bruno  Giacomelli ,0.12457975745201111
2022,Bruno  Giacomelli ,0.11832524836063385
2023,Bruno  Giacomelli ,0.10611216723918915
2024,Bruno  Giacomelli ,0.08146984875202179
2025,Bruno  Giacomelli ,0.039903052151203156
2026,Bruno  Giacomelli ,-0.06969387829303741
2027,Bruno  Giacomelli ,-0.07349970936775208
2028,Bruno  Giacomelli ,-0.07349970936775208
2029,Bruno  Giacomelli ,-0.07349970936775208
2030,Bruno  Giacomelli ,-0.07349970936775208
1958,Bruno  Senna ,0.11337575316429138
1959,Bruno  Senna ,0.11132737994194031
1960,Bruno  Senna ,0.11172224581241608
1961,Bruno  Senna ,0.11313804984092712
1962,Bruno  Senna ,0.11504662036895752
1963,Bruno  Senna ,0.11702631413936615
1964,Bruno  Senna ,0.11880730092525482
1965,Bruno  Senna ,0.1202726662158966
1966,Bruno  Senna ,0.12140807509422302
1967,Bruno  Senna ,0.12225145101547241
1968,Bruno  Senna ,0.12285874783992767
1969,Bruno  Senna ,0.12328588962554932
1970,Bruno  Senna ,0.12358076870441437
1971,Bruno  Senna ,0.12378142774105072
1972,Bruno  Senna ,0.12391631305217743
1973,Bruno  Senna ,0.1240062564611435
1974,Bruno  Senna ,0.1240658313035965
1975,Bruno  Senna ,0.12410524487495422
1976,Bruno  Senna ,0.12413139641284943
1977,Bruno  Senna ,0.12414893507957458
1978,Bruno  Senna ,0.1241610199213028
1979,Bruno  Senna ,0.12416970729827881
1980,Bruno  Senna ,0.12417644262313843
1981,Bruno  Senna ,0.12418216466903687
1982,Bruno  Senna ,0.12418751418590546
1983,Bruno  Senna ,0.1241929829120636
1984,Bruno  Senna ,0.12419900298118591
1985,Bruno  Senna ,0.12420588731765747
1986,Bruno  Senna ,0.12421402335166931
1987,Bruno  Senna ,0.12422376871109009
1988,Bruno  Senna ,0.12423552572727203
1989,Bruno  Senna ,0.12424986064434052
1990,Bruno  Senna ,0.12426738440990448
1991,Bruno  Senna ,0.12428881227970123
1992,Bruno  Senna ,0.12431517243385315
1993,Bruno  Senna ,0.12434759736061096
1994,Bruno  Senna ,0.1243874728679657
1995,Bruno  Senna ,0.12443649768829346
1996,Bruno  Senna ,0.12449648976325989
1997,Bruno  Senna ,0.12456950545310974
1998,Bruno  Senna ,0.1246572732925415
1999,Bruno  Senna ,0.12476065754890442
2000,Bruno  Senna ,0.12487821280956268
2001,Bruno  Senna ,0.12500324845314026
2002,Bruno  Senna ,0.1251186579465866
2003,Bruno  Senna ,0.12518714368343353
2004,Bruno  Senna ,0.12513673305511475
2005,Bruno  Senna ,0.12484528124332428
2006,Bruno  Senna ,0.12414801120758057
2007,Bruno  Senna ,0.12295490503311157
2008,Bruno  Senna ,0.12149986624717712
2009,Bruno  Senna ,0.12315210700035095
2010,Bruno  Senna ,0.08295096457004547
2011,Bruno  Senna ,0.14807166159152985
2012,Bruno  Senna ,0.17199617624282837
2013,Bruno  Senna ,0.13135263323783875
2014,Bruno  Senna ,0.12795209884643555
2015,Bruno  Senna ,0.12980453670024872
2016,Bruno  Senna ,0.1314263641834259
2017,Bruno  Senna ,0.13208726048469543
2018,Bruno  Senna ,0.13194817304611206
2019,Bruno  Senna ,0.13103006780147552
2020,Bruno  Senna ,0.12904521822929382
2021,Bruno  Senna ,0.12539182603359222
2022,Bruno  Senna ,0.11887200176715851
2023,Bruno  Senna ,0.10647366940975189
2024,Bruno  Senna ,0.08170206844806671
2025,Bruno  Senna ,0.039903052151203156
2026,Bruno  Senna ,-0.06969387829303741
2027,Bruno  Senna ,-0.07349970936775208
2028,Bruno  Senna ,-0.07349970936775208
2029,Bruno  Senna ,-0.07349970936775208
2030,Bruno  Senna ,-0.07349970936775208
1958,Carel Godin  de Beaufort,0.11165609955787659
1959,Carel Godin  de Beaufort,0.10839557647705078
1960,Carel Godin  de Beaufort,0.10786420106887817
1961,Carel Godin  de Beaufort,0.1139032244682312
1962,Carel Godin  de Beaufort,0.15469446778297424
1963,Carel Godin  de Beaufort,0.17255143821239471
1964,Carel Godin  de Beaufort,0.1185244768857956
1965,Carel Godin  de Beaufort,0.11667126417160034
1966,Carel Godin  de Beaufort,0.12013456225395203
1967,Carel Godin  de Beaufort,0.12292683124542236
1968,Carel Godin  de Beaufort,0.12431825697422028
1969,Carel Godin  de Beaufort,0.12479756772518158
1970,Carel Godin  de Beaufort,0.12484131753444672
1971,Carel Godin  de Beaufort,0.12472721934318542
1972,Carel Godin  de Beaufort,0.1245836615562439
1973,Carel Godin  de Beaufort,0.12445858120918274
1974,Carel Godin  de Beaufort,0.12436354160308838
1975,Carel Godin  de Beaufort,0.12429633736610413
1976,Carel Godin  de Beaufort,0.12425097823143005
1977,Carel Godin  de Beaufort,0.12422147393226624
1978,Carel Godin  de Beaufort,0.12420286238193512
1979,Carel Godin  de Beaufort,0.12419164180755615
1980,Carel Godin  de Beaufort,0.12418526411056519
1981,Carel Godin  de Beaufort,0.12418197095394135
1982,Carel Godin  de Beaufort,0.12418077886104584
1983,Carel Godin  de Beaufort,0.12418097257614136
1984,Carel Godin  de Beaufort,0.12418214976787567
1985,Carel Godin  de Beaufort,0.12418408691883087
1986,Carel Godin  de Beaufort,0.12418675422668457
1987,Carel Godin  de Beaufort,0.12419013679027557
1988,Carel Godin  de Beaufort,0.12419429421424866
1989,Carel Godin  de Beaufort,0.12419937551021576
1990,Carel Godin  de Beaufort,0.12420552968978882
1991,Carel Godin  de Beaufort,0.12421301007270813
1992,Carel Godin  de Beaufort,0.1242220401763916
1993,Carel Godin  de Beaufort,0.12423302233219147
1994,Carel Godin  de Beaufort,0.12424628436565399
1995,Carel Godin  de Beaufort,0.12426236271858215
1996,Carel Godin  de Beaufort,0.1242818683385849
1997,Carel Godin  de Beaufort,0.12430550158023834
1998,Carel Godin  de Beaufort,0.12433421611785889
1999,Carel Godin  de Beaufort,0.1243690550327301
2000,Carel Godin  de Beaufort,0.12441134452819824
2001,Carel Godin  de Beaufort,0.12446282804012299
2002,Carel Godin  de Beaufort,0.12452535331249237
2003,Carel Godin  de Beaufort,0.12460151314735413
2004,Carel Godin  de Beaufort,0.12469428777694702
2005,Carel Godin  de Beaufort,0.12480735778808594
2006,Carel Godin  de Beaufort,0.12494528293609619
2007,Carel Godin  de Beaufort,0.1251136064529419
2008,Carel Godin  de Beaufort,0.12531894445419312
2009,Carel Godin  de Beaufort,0.12556907534599304
2010,Carel Godin  de Beaufort,0.12587301433086395
2011,Carel Godin  de Beaufort,0.1262402981519699
2012,Carel Godin  de Beaufort,0.12667980790138245
2013,Carel Godin  de Beaufort,0.12719720602035522
2014,Carel Godin  de Beaufort,0.1277894377708435
2015,Carel Godin  de Beaufort,0.12843531370162964
2016,Carel Godin  de Beaufort,0.12907952070236206
2017,Carel Godin  de Beaufort,0.1296088695526123
2018,Carel Godin  de Beaufort,0.1298215091228485
2019,Carel Godin  de Beaufort,0.12939642369747162
2020,Carel Godin  de Beaufort,0.12786978483200073
2021,Carel Godin  de Beaufort,0.12457975745201111
2022,Carel Godin  de Beaufort,0.11832524836063385
2023,Carel Godin  de Beaufort,0.10611216723918915
2024,Carel Godin  de Beaufort,0.08146984875202179
2025,Carel Godin  de Beaufort,0.039903052151203156
2026,Carel Godin  de Beaufort,-0.06969387829303741
2027,Carel Godin  de Beaufort,-0.07349970936775208
2028,Carel Godin  de Beaufort,-0.07349970936775208
2029,Carel Godin  de Beaufort,-0.07349970936775208
2030,Carel Godin  de Beaufort,-0.07349970936775208
1958,Carlos  Menditeguy ,0.11127957701683044
1959,Carlos  Menditeguy ,0.1133684366941452
1960,Carlos  Menditeguy ,0.12673276662826538
1961,Carlos  Menditeguy ,0.11291912198066711
1962,Carlos  Menditeguy ,0.11289955675601959
1963,Carlos  Menditeguy ,0.11615580320358276
1964,Carlos  Menditeguy ,0.1190190464258194
1965,Carlos  Menditeguy ,0.12094871699810028
1966,Carlos  Menditeguy ,0.12214496731758118
1967,Carlos  Menditeguy ,0.12287569046020508
1968,Carlos  Menditeguy ,0.12332889437675476
1969,Carlos  Menditeguy ,0.12361675500869751
1970,Carlos  Menditeguy ,0.12380358576774597
1971,Carlos  Menditeguy ,0.12392663955688477
1972,Carlos  Menditeguy ,0.12400831282138824
1973,Carlos  Menditeguy ,0.12406282126903534
1974,Carlos  Menditeguy ,0.12409929931163788
1975,Carlos  Menditeguy ,0.12412378191947937
1976,Carlos  Menditeguy ,0.12414029240608215
1977,Carlos  Menditeguy ,0.12415154278278351
1978,Carlos  Menditeguy ,0.12415933609008789
1979,Carlos  Menditeguy ,0.124164879322052
1980,Carlos  Menditeguy ,0.12416903674602509
1981,Carlos  Menditeguy ,0.12417225539684296
1982,Carlos  Menditeguy ,0.1241750419139862
1983,Carlos  Menditeguy ,0.12417760491371155
1984,Carlos  Menditeguy ,0.12418019771575928
1985,Carlos  Menditeguy ,0.12418296933174133
1986,Carlos  Menditeguy ,0.12418612837791443
1987,Carlos  Menditeguy ,0.12418980896472931
1988,Carlos  Menditeguy ,0.12419413030147552
1989,Carlos  Menditeguy ,0.1241992861032486
1990,Carlos  Menditeguy ,0.12420548498630524
1991,Carlos  Menditeguy ,0.12421298027038574
1992,Carlos  Menditeguy ,0.1242220401763916
1993,Carlos  Menditeguy ,0.12423302233219147
1994,Carlos  Menditeguy ,0.1242462694644928
1995,Carlos  Menditeguy ,0.12426234781742096
1996,Carlos  Menditeguy ,0.1242818683385849
1997,Carlos  Menditeguy ,0.12430548667907715
1998,Carlos  Menditeguy ,0.12433421611785889
1999,Carlos  Menditeguy ,0.1243690550327301
2000,Carlos  Menditeguy ,0.12441137433052063
2001,Carlos  Menditeguy ,0.12446281313896179
2002,Carlos  Menditeguy ,0.12452535331249237
2003,Carlos  Menditeguy ,0.12460151314735413
2004,Carlos  Menditeguy ,0.12469428777694702
2005,Carlos  Menditeguy ,0.12480735778808594
2006,Carlos  Menditeguy ,0.12494529783725739
2007,Carlos  Menditeguy ,0.1251136213541031
2008,Carlos  Menditeguy ,0.12531894445419312
2009,Carlos  Menditeguy ,0.12556907534599304
2010,Carlos  Menditeguy ,0.12587301433086395
2011,Carlos  Menditeguy ,0.12624028325080872
2012,Carlos  Menditeguy ,0.12667979300022125
2013,Carlos  Menditeguy ,0.12719720602035522
2014,Carlos  Menditeguy ,0.1277894377708435
2015,Carlos  Menditeguy ,0.12843529880046844
2016,Carlos  Menditeguy ,0.12907952070236206
2017,Carlos  Menditeguy ,0.1296088695526123
2018,Carlos  Menditeguy ,0.1298215091228485
2019,Carlos  Menditeguy ,0.12939642369747162
2020,Carlos  Menditeguy ,0.12786978483200073
2021,Carlos  Menditeguy ,0.12457975745201111
2022,Carlos  Menditeguy ,0.11832524836063385
2023,Carlos  Menditeguy ,0.10611218214035034
2024,Carlos  Menditeguy ,0.08146986365318298
2025,Carlos  Menditeguy ,0.039903052151203156
2026,Carlos  Menditeguy ,-0.06969387829303741
2027,Carlos  Menditeguy ,-0.07349970936775208
2028,Carlos  Menditeguy ,-0.07349970936775208
2029,Carlos  Menditeguy ,-0.07349970936775208
2030,Carlos  Menditeguy ,-0.07349970936775208
1958,Carlos  Pace ,0.11349223554134369
1959,Carlos  Pace ,0.11159692704677582
1960,Carlos  Pace ,0.11211040616035461
1961,Carlos  Pace ,0.11364442110061646
1962,Carlos  Pace ,0.1156785786151886
1963,Carlos  Pace ,0.11778602004051208
1964,Carlos  Pace ,0.11967658996582031
1965,Carlos  Pace ,0.12118612229824066
1966,Carlos  Pace ,0.12220284342765808
1967,Carlos  Pace ,0.12258753180503845
1968,Carlos  Pace ,0.12214484810829163
1969,Carlos  Pace ,0.12080928683280945
1970,Carlos  Pace ,0.11945274472236633
1971,Carlos  Pace ,0.12353897094726562
1972,Carlos  Pace ,0.15472227334976196
1973,Carlos  Pace ,0.19340239465236664
1974,Carlos  Pace ,0.20092692971229553
1975,Carlos  Pace ,0.2750040590763092
1976,Carlos  Pace ,0.17605642974376678
1977,Carlos  Pace ,0.16996760666370392
1978,Carlos  Pace ,0.12526549398899078
1979,Carlos  Pace ,0.12439189851284027
1980,Carlos  Pace ,0.12721921503543854
1981,Carlos  Pace ,0.1285630166530609
1982,Carlos  Pace ,0.1284571886062622
1983,Carlos  Pace ,0.12769360840320587
1984,Carlos  Pace ,0.1268080472946167
1985,Carlos  Pace ,0.12603837251663208
1986,Carlos  Pace ,0.12544846534729004
1987,Carlos  Pace ,0.12502671778202057
1988,Carlos  Pace ,0.12473824620246887
1989,Carlos  Pace ,0.12454748153686523
1990,Carlos  Pace ,0.1244252473115921
1991,Carlos  Pace ,0.12434998154640198
1992,Carlos  Pace ,0.12430638074874878
1993,Carlos  Pace ,0.12428435683250427
1994,Carlos  Pace ,0.12427717447280884
1995,Carlos  Pace ,0.12428075075149536
1996,Carlos  Pace ,0.12429270148277283
1997,Carlos  Pace ,0.12431183457374573
1998,Carlos  Pace ,0.1243378221988678
1999,Carlos  Pace ,0.12437108159065247
2000,Carlos  Pace ,0.12441250681877136
2001,Carlos  Pace ,0.12446345388889313
2002,Carlos  Pace ,0.12452569603919983
2003,Carlos  Pace ,0.12460169196128845
2004,Carlos  Pace ,0.12469437718391418
2005,Carlos  Pace ,0.12480738759040833
2006,Carlos  Pace ,0.12494531273841858
2007,Carlos  Pace ,0.12511363625526428
2008,Carlos  Pace ,0.12531891465187073
2009,Carlos  Pace ,0.12556909024715424
2010,Carlos  Pace ,0.12587302923202515
2011,Carlos  Pace ,0.1262402981519699
2012,Carlos  Pace ,0.12667980790138245
2013,Carlos  Pace ,0.12719720602035522
2014,Carlos  Pace ,0.1277894377708435
2015,Carlos  Pace ,0.12843531370162964
2016,Carlos  Pace ,0.12907952070236206
2017,Carlos  Pace ,0.1296088695526123
2018,Carlos  Pace ,0.1298215091228485
2019,Carlos  Pace ,0.12939642369747162
2020,Carlos  Pace ,0.12786978483200073
2021,Carlos  Pace ,0.12457975745201111
2022,Carlos  Pace ,0.11832524836063385
2023,Carlos  Pace ,0.10611218214035034
2024,Carlos  Pace ,0.08146984875202179
2025,Carlos  Pace ,0.039903052151203156
2026,Carlos  Pace ,-0.06969387829303741
2027,Carlos  Pace ,-0.07349970936775208
2028,Carlos  Pace ,-0.07349970936775208
2029,Carlos  Pace ,-0.07349970936775208
2030,Carlos  Pace ,-0.07349970936775208
1958,Carlos  Reutemann ,0.11352658271789551
1959,Carlos  Reutemann ,0.11169175803661346
1960,Carlos  Reutemann ,0.11225080490112305
1961,Carlos  Reutemann ,0.11383035778999329
1962,Carlos  Reutemann ,0.11591531336307526
1963,Carlos  Reutemann ,0.11808115243911743
1964,Carlos  Reutemann ,0.12003961205482483
1965,Carlos  Reutemann ,0.12162786722183228
1966,Carlos  Reutemann ,0.12273448705673218
1967,Carlos  Reutemann ,0.12321646511554718
1968,Carlos  Reutemann ,0.12286412715911865
1969,Carlos  Reutemann ,0.12157878279685974
1970,Carlos  Reutemann ,0.1201874315738678
1971,Carlos  Reutemann ,0.12416128814220428
1972,Carlos  Reutemann ,0.14895981550216675
1973,Carlos  Reutemann ,0.24908003211021423
1974,Carlos  Reutemann ,0.2757697105407715
1975,Carlos  Reutemann ,0.31090742349624634
1976,Carlos  Reutemann ,0.16237612068653107
1977,Carlos  Reutemann ,0.3079729974269867
1978,Carlos  Reutemann ,0.3289640545845032
1979,Carlos  Reutemann ,0.2731660306453705
1980,Carlos  Reutemann ,0.3351130187511444
1981,Carlos  Reutemann ,0.356172114610672
1982,Carlos  Reutemann ,0.18273533880710602
1983,Carlos  Reutemann ,0.12244969606399536
1984,Carlos  Reutemann ,0.12341596186161041
1985,Carlos  Reutemann ,0.1282598227262497
1986,Carlos  Reutemann ,0.13039669394493103
1987,Carlos  Reutemann ,0.13029968738555908
1988,Carlos  Reutemann ,0.12922672927379608
1989,Carlos  Reutemann ,0.1279725432395935
1990,Carlos  Reutemann ,0.12688103318214417
1991,Carlos  Reutemann ,0.12604372203350067
1992,Carlos  Reutemann ,0.12544451653957367
1993,Carlos  Reutemann ,0.12503479421138763
1994,Carlos  Reutemann ,0.12476471066474915
1995,Carlos  Reutemann ,0.124593585729599
1996,Carlos  Reutemann ,0.12449127435684204
1997,Carlos  Reutemann ,0.12443661689758301
1998,Carlos  Reutemann ,0.1244155764579773
1999,Carlos  Reutemann ,0.12441913783550262
2000,Carlos  Reutemann ,0.12444198131561279
2001,Carlos  Reutemann ,0.12448140978813171
2002,Carlos  Reutemann ,0.12453658878803253
2003,Carlos  Reutemann ,0.12460827827453613
2004,Carlos  Reutemann ,0.12469829618930817
2005,Carlos  Reutemann ,0.12480975687503815
2006,Carlos  Reutemann ,0.124946728348732
2007,Carlos  Reutemann ,0.12511447072029114
2008,Carlos  Reutemann ,0.12531942129135132
2009,Carlos  Reutemann ,0.12556937336921692
2010,Carlos  Reutemann ,0.12587319314479828
2011,Carlos  Reutemann ,0.12624040246009827
2012,Carlos  Reutemann ,0.12667986750602722
2013,Carlos  Reutemann ,0.1271972358226776
2014,Carlos  Reutemann ,0.1277894675731659
2015,Carlos  Reutemann ,0.12843534350395203
2016,Carlos  Reutemann ,0.12907953560352325
2017,Carlos  Reutemann ,0.1296088695526123
2018,Carlos  Reutemann ,0.1298215091228485
2019,Carlos  Reutemann ,0.12939640879631042
2020,Carlos  Reutemann ,0.12786978483200073
2021,Carlos  Reutemann ,0.12457975745201111
2022,Carlos  Reutemann ,0.11832524836063385
2023,Carlos  Reutemann ,0.10611218214035034
2024,Carlos  Reutemann ,0.08146984875202179
2025,Carlos  Reutemann ,0.039903052151203156
2026,Carlos  Reutemann ,-0.06969387829303741
2027,Carlos  Reutemann ,-0.07349970936775208
2028,Carlos  Reutemann ,-0.07349970936775208
2029,Carlos  Reutemann ,-0.07349970936775208
2030,Carlos  Reutemann ,-0.07349970936775208
1958,Carlos  Sainz ,0.11337579786777496
1959,Carlos  Sainz ,0.11132742464542389
1960,Carlos  Sainz ,0.11172232031822205
1961,Carlos  Sainz ,0.1131381094455719
1962,Carlos  Sainz ,0.1150466650724411
1963,Carlos  Sainz ,0.11702635884284973
1964,Carlos  Sainz ,0.11880740523338318
1965,Carlos  Sainz ,0.12027277052402496
1966,Carlos  Sainz ,0.12140822410583496
1967,Carlos  Sainz ,0.12225160002708435
1968,Carlos  Sainz ,0.1228589415550232
1969,Carlos  Sainz ,0.12328611314296722
1970,Carlos  Sainz ,0.12358105182647705
1971,Carlos  Sainz ,0.12378174066543579
1972,Carlos  Sainz ,0.12391674518585205
1973,Carlos  Sainz ,0.12400677800178528
1974,Carlos  Sainz ,0.12406648695468903
1975,Carlos  Sainz ,0.1241060197353363
1976,Carlos  Sainz ,0.12413230538368225
1977,Carlos  Sainz ,0.12415000796318054
1978,Carlos  Sainz ,0.12416234612464905
1979,Carlos  Sainz ,0.12417134642601013
1980,Carlos  Sainz ,0.12417840957641602
1981,Carlos  Sainz ,0.1241845190525055
1982,Carlos  Sainz ,0.12419034540653229
1983,Carlos  Sainz ,0.12419641017913818
1984,Carlos  Sainz ,0.12420307099819183
1985,Carlos  Sainz ,0.12421075999736786
1986,Carlos  Sainz ,0.12421983480453491
1987,Carlos  Sainz ,0.12423063814640045
1988,Carlos  Sainz ,0.12424364686012268
1989,Carlos  Sainz ,0.12425938248634338
1990,Carlos  Sainz ,0.12427842617034912
1991,Carlos  Sainz ,0.12430153787136078
1992,Carlos  Sainz ,0.12432964146137238
1993,Carlos  Sainz ,0.12436386942863464
1994,Carlos  Sainz ,0.12440553307533264
1995,Carlos  Sainz ,0.12445636093616486
1996,Carlos  Sainz ,0.12451842427253723
1997,Carlos  Sainz ,0.12459427118301392
1998,Carlos  Sainz ,0.12468701601028442
1999,Carlos  Sainz ,0.1248004287481308
2000,Carlos  Sainz ,0.12493902444839478
2001,Carlos  Sainz ,0.12510812282562256
2002,Carlos  Sainz ,0.12531374394893646
2003,Carlos  Sainz ,0.12556245923042297
2004,Carlos  Sainz ,0.12586069107055664
2005,Carlos  Sainz ,0.12621331214904785
2006,Carlos  Sainz ,0.12662017345428467
2007,Carlos  Sainz ,0.12706905603408813
2008,Carlos  Sainz ,0.1275216042995453
2009,Carlos  Sainz ,0.12789006531238556
2010,Carlos  Sainz ,0.12801408767700195
2011,Carlos  Sainz ,0.12769374251365662
2012,Carlos  Sainz ,0.1269775927066803
2013,Carlos  Sainz ,0.1272302269935608
2014,Carlos  Sainz ,0.134807288646698
2015,Carlos  Sainz ,0.1807464212179184
2016,Carlos  Sainz ,0.22865048050880432
2017,Carlos  Sainz ,0.275288850069046
2018,Carlos  Sainz ,0.2800544202327728
2019,Carlos  Sainz ,0.35887983441352844
2020,Carlos  Sainz ,0.38808485865592957
2021,Carlos  Sainz ,0.4755608141422272
2022,Carlos  Sainz ,0.5486360788345337
2023,Carlos  Sainz ,0.47764554619789124
2024,Carlos  Sainz ,0.3496810793876648
2025,Carlos  Sainz ,0.21421003341674805
2026,Carlos  Sainz ,0.06464812159538269
2027,Carlos  Sainz ,0.03951849043369293
2028,Carlos  Sainz ,0.0354156494140625
2029,Carlos  Sainz ,0.03474909067153931
2030,Carlos  Sainz ,0.034640878438949585
1958,Charles  Leclerc ,0.11337575316429138
1959,Charles  Leclerc ,0.11132737994194031
1960,Charles  Leclerc ,0.11172224581241608
1961,Charles  Leclerc ,0.11313802003860474
1962,Charles  Leclerc ,0.11504656076431274
1963,Charles  Leclerc ,0.11702623963356018
1964,Charles  Leclerc ,0.11880722641944885
1965,Charles  Leclerc ,0.12027257680892944
1966,Charles  Leclerc ,0.12140795588493347
1967,Charles  Leclerc ,0.12225130200386047
1968,Charles  Leclerc ,0.12285856902599335
1969,Charles  Leclerc ,0.12328566610813141
1970,Charles  Leclerc ,0.12358051538467407
1971,Charles  Leclerc ,0.12378109991550446
1972,Charles  Leclerc ,0.12391597032546997
1973,Charles  Leclerc ,0.12400582432746887
1974,Charles  Leclerc ,0.12406529486179352
1975,Charles  Leclerc ,0.1241045743227005
1976,Charles  Leclerc ,0.12413060665130615
1977,Charles  Leclerc ,0.12414798140525818
1978,Charles  Leclerc ,0.12415984272956848
1979,Charles  Leclerc ,0.12416830658912659
1980,Charles  Leclerc ,0.12417472898960114
1981,Charles  Leclerc ,0.12418004870414734
1982,Charles  Leclerc ,0.12418493628501892
1983,Charles  Leclerc ,0.12418985366821289
1984,Charles  Leclerc ,0.1241951584815979
1985,Charles  Leclerc ,0.12420116364955902
1986,Charles  Leclerc ,0.12420816719532013
1987,Charles  Leclerc ,0.12421649694442749
1988,Charles  Leclerc ,0.12422646582126617
1989,Charles  Leclerc ,0.12423849105834961
1990,Charles  Leclerc ,0.1242530345916748
1991,Charles  Leclerc ,0.12427064776420593
1992,Charles  Leclerc ,0.12429201602935791
1993,Charles  Leclerc ,0.12431792914867401
1994,Charles  Leclerc ,0.12434938549995422
1995,Charles  Leclerc ,0.1243877112865448
1996,Charles  Leclerc ,0.12443430721759796
1997,Charles  Leclerc ,0.12449106574058533
1998,Charles  Leclerc ,0.12456026673316956
1999,Charles  Leclerc ,0.12464466691017151
2000,Charles  Leclerc ,0.12474766373634338
2001,Charles  Leclerc ,0.12487339973449707
2002,Charles  Leclerc ,0.1250268518924713
2003,Charles  Leclerc ,0.1252138912677765
2004,Charles  Leclerc ,0.12544149160385132
2005,Charles  Leclerc ,0.12571744620800018
2006,Charles  Leclerc ,0.1260504126548767
2007,Charles  Leclerc ,0.12644922733306885
2008,Charles  Leclerc ,0.12692128121852875
2009,Charles  Leclerc ,0.12746888399124146
2010,Charles  Leclerc ,0.12808014452457428
2011,Charles  Leclerc ,0.12870988249778748
2012,Charles  Leclerc ,0.129244863986969
2013,Charles  Leclerc ,0.12946362793445587
2014,Charles  Leclerc ,0.12906935811042786
2015,Charles  Leclerc ,0.1280885636806488
2016,Charles  Leclerc ,0.1284797042608261
2017,Charles  Leclerc ,0.13909046351909637
2018,Charles  Leclerc ,0.21971020102500916
2019,Charles  Leclerc ,0.5075711011886597
2020,Charles  Leclerc ,0.38941341638565063
2021,Charles  Leclerc ,0.4456169307231903
2022,Charles  Leclerc ,0.6236627101898193
2023,Charles  Leclerc ,0.5142626762390137
2024,Charles  Leclerc ,0.3845657408237457
2025,Charles  Leclerc ,0.23895671963691711
2026,Charles  Leclerc ,0.068922258913517
2027,Charles  Leclerc ,0.0402197539806366
2028,Charles  Leclerc ,0.03552968055009842
2029,Charles  Leclerc ,0.03476760536432266
2030,Charles  Leclerc ,0.03464388847351074
1958,Charles  Pic ,0.11337573826313019
1959,Charles  Pic ,0.11132733523845673
1960,Charles  Pic ,0.11172217130661011
1961,Charles  Pic ,0.11313796043395996
1962,Charles  Pic ,0.11504647135734558
1963,Charles  Pic ,0.11702615022659302
1964,Charles  Pic ,0.1188071072101593
1965,Charles  Pic ,0.12027239799499512
1966,Charles  Pic ,0.12140777707099915
1967,Charles  Pic ,0.12225109338760376
1968,Charles  Pic ,0.12285830080509186
1969,Charles  Pic ,0.12328530848026276
1970,Charles  Pic ,0.12358006834983826
1971,Charles  Pic ,0.12378057837486267
1972,Charles  Pic ,0.12391531467437744
1973,Charles  Pic ,0.12400504946708679
1974,Charles  Pic ,0.1240643858909607
1975,Charles  Pic ,0.12410344183444977
1976,Charles  Pic ,0.12412923574447632
1977,Charles  Pic ,0.12414628267288208
1978,Charles  Pic ,0.12415781617164612
1979,Charles  Pic ,0.1241658627986908
1980,Charles  Pic ,0.12417176365852356
1981,Charles  Pic ,0.12417645752429962
1982,Charles  Pic ,0.12418058514595032
1983,Charles  Pic ,0.12418462336063385
1984,Charles  Pic ,0.12418881058692932
1985,Charles  Pic ,0.124193474650383
1986,Charles  Pic ,0.12419891357421875
1987,Charles  Pic ,0.12420535087585449
1988,Charles  Pic ,0.1242130696773529
1989,Charles  Pic ,0.12422236800193787
1990,Charles  Pic ,0.12423363327980042
1991,Charles  Pic ,0.12424741685390472
1992,Charles  Pic ,0.12426427006721497
1993,Charles  Pic ,0.12428486347198486
1994,Charles  Pic ,0.12431010603904724
1995,Charles  Pic ,0.12434110045433044
1996,Charles  Pic ,0.12437914311885834
1997,Charles  Pic ,0.12442585825920105
1998,Charles  Pic ,0.12448300421237946
1999,Charles  Pic ,0.12455260753631592
2000,Charles  Pic ,0.1246364563703537
2001,Charles  Pic ,0.12473569810390472
2002,Charles  Pic ,0.12484967708587646
2003,Charles  Pic ,0.12497314810752869
2004,Charles  Pic ,0.12509195506572723
2005,Charles  Pic ,0.1251750886440277
2006,Charles  Pic ,0.1251634955406189
2007,Charles  Pic ,0.1249624490737915
2008,Charles  Pic ,0.12446536123752594
2009,Charles  Pic ,0.12369933724403381
2010,Charles  Pic ,0.12316200137138367
2011,Charles  Pic ,0.12633106112480164
2012,Charles  Pic ,0.10394886136054993
2013,Charles  Pic ,0.11161935329437256
2014,Charles  Pic ,0.12755313515663147
2015,Charles  Pic ,0.12836864590644836
2016,Charles  Pic ,0.13055121898651123
2017,Charles  Pic ,0.13163354992866516
2018,Charles  Pic ,0.13174554705619812
2019,Charles  Pic ,0.13094918429851532
2020,Charles  Pic ,0.12901604175567627
2021,Charles  Pic ,0.1253819465637207
2022,Charles  Pic ,0.11886824667453766
2023,Charles  Pic ,0.10647130012512207
2024,Charles  Pic ,0.08169929683208466
2025,Charles  Pic ,0.039903052151203156
2026,Charles  Pic ,-0.06969387829303741
2027,Charles  Pic ,-0.07349970936775208
2028,Charles  Pic ,-0.07349970936775208
2029,Charles  Pic ,-0.07349970936775208
2030,Charles  Pic ,-0.07349970936775208
1958,Chico  Serra ,0.11337879300117493
1959,Chico  Serra ,0.11133579909801483
1960,Chico  Serra ,0.11173480749130249
1961,Chico  Serra ,0.11315493285655975
1962,Chico  Serra ,0.11506851017475128
1963,Chico  Serra ,0.11705422401428223
1964,Chico  Serra ,0.11884266138076782
1965,Chico  Serra ,0.12031713128089905
1966,Chico  Serra ,0.1214638352394104
1967,Chico  Serra ,0.122321218252182
1968,Chico  Serra ,0.12294584512710571
1969,Chico  Serra ,0.12339410185813904
1970,Chico  Serra ,0.12371434271335602
1971,Chico  Serra ,0.12394411861896515
1972,Chico  Serra ,0.12411010265350342
1973,Chico  Serra ,0.12422797083854675
1974,Chico  Serra ,0.12430146336555481
1975,Chico  Serra ,0.12431955337524414
1976,Chico  Serra ,0.1242527961730957
1977,Chico  Serra ,0.12405216693878174
1978,Chico  Serra ,0.12366081774234772
1979,Chico  Serra ,0.12307223677635193
1980,Chico  Serra ,0.12222374975681305
1981,Chico  Serra ,0.12266415357589722
1982,Chico  Serra ,0.06368231773376465
1983,Chico  Serra ,0.11992952227592468
1984,Chico  Serra ,0.1230880618095398
1985,Chico  Serra ,0.12510190904140472
1986,Chico  Serra ,0.12552203238010406
1987,Chico  Serra ,0.12538625299930573
1988,Chico  Serra ,0.12510031461715698
1989,Chico  Serra ,0.12483035027980804
1990,Chico  Serra ,0.12462340295314789
1991,Chico  Serra ,0.12448029220104218
1992,Chico  Serra ,0.12438827753067017
1993,Chico  Serra ,0.12433378398418427
1994,Chico  Serra ,0.12430571019649506
1995,Chico  Serra ,0.12429633736610413
1996,Chico  Serra ,0.12430053949356079
1997,Chico  Serra ,0.12431523203849792
1998,Chico  Serra ,0.12433886528015137
1999,Chico  Serra ,0.12437096238136292
2000,Chico  Serra ,0.12441188097000122
2001,Chico  Serra ,0.12446266412734985
2002,Chico  Serra ,0.12452496588230133
2003,Chico  Serra ,0.1246010810136795
2004,Chico  Serra ,0.1246938705444336
2005,Chico  Serra ,0.12480702996253967
2006,Chico  Serra ,0.12494504451751709
2007,Chico  Serra ,0.12511342763900757
2008,Chico  Serra ,0.12531881034374237
2009,Chico  Serra ,0.12556898593902588
2010,Chico  Serra ,0.12587293982505798
2011,Chico  Serra ,0.12624025344848633
2012,Chico  Serra ,0.12667977809906006
2013,Chico  Serra ,0.12719717621803284
2014,Chico  Serra ,0.1277894228696823
2015,Chico  Serra ,0.12843531370162964
2016,Chico  Serra ,0.12907952070236206
2017,Chico  Serra ,0.1296088695526123
2018,Chico  Serra ,0.1298215240240097
2019,Chico  Serra ,0.12939640879631042
2020,Chico  Serra ,0.12786978483200073
2021,Chico  Serra ,0.12457975745201111
2022,Chico  Serra ,0.11832524836063385
2023,Chico  Serra ,0.10611218214035034
2024,Chico  Serra ,0.08146986365318298
2025,Chico  Serra ,0.039903052151203156
2026,Chico  Serra ,-0.06969387829303741
2027,Chico  Serra ,-0.07349970936775208
2028,Chico  Serra ,-0.07349970936775208
2029,Chico  Serra ,-0.07349970936775208
2030,Chico  Serra ,-0.07349970936775208
1958,Chris  Amon ,0.11309905350208282
1959,Chris  Amon ,0.11080430448055267
1960,Chris  Amon ,0.11028856039047241
1961,Chris  Amon ,0.11104939877986908
1962,Chris  Amon ,0.11725518107414246
1963,Chris  Amon ,0.12937384843826294
1964,Chris  Amon ,0.1447906643152237
1965,Chris  Amon ,0.11671929061412811
1966,Chris  Amon ,0.12022712826728821
1967,Chris  Amon ,0.28085216879844666
1968,Chris  Amon ,0.22793051600456238
1969,Chris  Amon ,0.1970856487751007
1970,Chris  Amon ,0.25979989767074585
1971,Chris  Amon ,0.2223060429096222
1972,Chris  Amon ,0.22606965899467468
1973,Chris  Amon ,0.14929215610027313
1974,Chris  Amon ,0.12477809190750122
1975,Chris  Amon ,0.12705034017562866
1976,Chris  Amon ,0.08344021439552307
1977,Chris  Amon ,0.1318613588809967
1978,Chris  Amon ,0.13182108104228973
1979,Chris  Amon ,0.13073506951332092
1980,Chris  Amon ,0.12900039553642273
1981,Chris  Amon ,0.1275043487548828
1982,Chris  Amon ,0.12638899683952332
1983,Chris  Amon ,0.12561453878879547
1984,Chris  Amon ,0.1250971108675003
1985,Chris  Amon ,0.12475970387458801
1986,Chris  Amon ,0.12454390525817871
1987,Chris  Amon ,0.12440860271453857
1988,Chris  Amon ,0.12432591617107391
1989,Chris  Amon ,0.12427732348442078
1990,Chris  Amon ,0.12425082921981812
1991,Chris  Amon ,0.12423872947692871
1992,Chris  Amon ,0.12423628568649292
1993,Chris  Amon ,0.12424060702323914
1994,Chris  Amon ,0.12425017356872559
1995,Chris  Amon ,0.12426421046257019
1996,Chris  Amon ,0.12428265810012817
1997,Chris  Amon ,0.12430572509765625
1998,Chris  Amon ,0.12433421611785889
1999,Chris  Amon ,0.12436893582344055
2000,Chris  Amon ,0.12441122531890869
2001,Chris  Amon ,0.12446269392967224
2002,Chris  Amon ,0.12452524900436401
2003,Chris  Amon ,0.12460143864154816
2004,Chris  Amon ,0.12469421327114105
2005,Chris  Amon ,0.12480732798576355
2006,Chris  Amon ,0.1249452531337738
2007,Chris  Amon ,0.1251135915517807
2008,Chris  Amon ,0.12531891465187073
2009,Chris  Amon ,0.12556907534599304
2010,Chris  Amon ,0.12587301433086395
2011,Chris  Amon ,0.12624028325080872
2012,Chris  Amon ,0.12667979300022125
2013,Chris  Amon ,0.12719720602035522
2014,Chris  Amon ,0.1277894377708435
2015,Chris  Amon ,0.12843531370162964
2016,Chris  Amon ,0.12907952070236206
2017,Chris  Amon ,0.1296088695526123
2018,Chris  Amon ,0.1298215091228485
2019,Chris  Amon ,0.12939642369747162
2020,Chris  Amon ,0.12786979973316193
2021,Chris  Amon ,0.12457975745201111
2022,Chris  Amon ,0.11832526326179504
2023,Chris  Amon ,0.10611218214035034
2024,Chris  Amon ,0.0814698338508606
2025,Chris  Amon ,0.039903052151203156
2026,Chris  Amon ,-0.06969387829303741
2027,Chris  Amon ,-0.07349970936775208
2028,Chris  Amon ,-0.07349970936775208
2029,Chris  Amon ,-0.07349970936775208
2030,Chris  Amon ,-0.07349970936775208
1958,Chris Irwin ,0.11344553530216217
1959,Chris Irwin ,0.111439049243927
1960,Chris Irwin ,0.1118009090423584
1961,Chris Irwin ,0.11307160556316376
1962,Chris Irwin ,0.11463367938995361
1963,Chris Irwin ,0.11595752835273743
1964,Chris Irwin ,0.11683213710784912
1965,Chris Irwin ,0.11800405383110046
1966,Chris Irwin ,0.12378108501434326
1967,Chris Irwin ,0.1594405472278595
1968,Chris Irwin ,0.12374663352966309
1969,Chris Irwin ,0.12091268599033356
1970,Chris Irwin ,0.12238453328609467
1971,Chris Irwin ,0.12384039163589478
1972,Chris Irwin ,0.12457063794136047
1973,Chris Irwin ,0.12478466331958771
1974,Chris Irwin ,0.12475045025348663
1975,Chris Irwin ,0.12463277578353882
1976,Chris Irwin ,0.12450866401195526
1977,Chris Irwin ,0.12440578639507294
1978,Chris Irwin ,0.12432917952537537
1979,Chris Irwin ,0.12427562475204468
1980,Chris Irwin ,0.12423980236053467
1981,Chris Irwin ,0.1242167055606842
1982,Chris Irwin ,0.12420254945755005
1983,Chris Irwin ,0.12419436872005463
1984,Chris Irwin ,0.12419027090072632
1985,Chris Irwin ,0.12418892979621887
1986,Chris Irwin ,0.1241896003484726
1987,Chris Irwin ,0.1241917610168457
1988,Chris Irwin ,0.12419523298740387
1989,Chris Irwin ,0.12419989705085754
1990,Chris Irwin ,0.1242058128118515
1991,Chris Irwin ,0.12421315908432007
1992,Chris Irwin ,0.12422212958335876
1993,Chris Irwin ,0.12423305213451385
1994,Chris Irwin ,0.12424628436565399
1995,Chris Irwin ,0.12426236271858215
1996,Chris Irwin ,0.1242818832397461
1997,Chris Irwin ,0.12430550158023834
1998,Chris Irwin ,0.12433420121669769
1999,Chris Irwin ,0.1243690550327301
2000,Chris Irwin ,0.12441137433052063
2001,Chris Irwin ,0.12446282804012299
2002,Chris Irwin ,0.12452535331249237
2003,Chris Irwin ,0.12460151314735413
2004,Chris Irwin ,0.12469428777694702
2005,Chris Irwin ,0.12480737268924713
2006,Chris Irwin ,0.12494529783725739
2007,Chris Irwin ,0.1251136064529419
2008,Chris Irwin ,0.12531894445419312
2009,Chris Irwin ,0.12556907534599304
2010,Chris Irwin ,0.12587301433086395
2011,Chris Irwin ,0.12624028325080872
2012,Chris Irwin ,0.12667980790138245
2013,Chris Irwin ,0.12719720602035522
2014,Chris Irwin ,0.1277894526720047
2015,Chris Irwin ,0.12843531370162964
2016,Chris Irwin ,0.12907952070236206
2017,Chris Irwin ,0.1296088844537735
2018,Chris Irwin ,0.1298215091228485
2019,Chris Irwin ,0.12939642369747162
2020,Chris Irwin ,0.12786979973316193
2021,Chris Irwin ,0.12457975745201111
2022,Chris Irwin ,0.11832526326179504
2023,Chris Irwin ,0.10611218214035034
2024,Chris Irwin ,0.08146986365318298
2025,Chris Irwin ,0.039903052151203156
2026,Chris Irwin ,-0.06969387829303741
2027,Chris Irwin ,-0.07349970936775208
2028,Chris Irwin ,-0.07349970936775208
2029,Chris Irwin ,-0.07349970936775208
2030,Chris Irwin ,-0.07349970936775208
1958,Christian  Danner ,0.11337769031524658
1959,Christian  Danner ,0.11133286356925964
1960,Christian  Danner ,0.1117304116487503
1961,Christian  Danner ,0.1131490170955658
1962,Christian  Danner ,0.11506065726280212
1963,Christian  Danner ,0.1170441061258316
1964,Christian  Danner ,0.11882957816123962
1965,Christian  Danner ,0.12030036747455597
1966,Christian  Danner ,0.12144243717193604
1967,Christian  Danner ,0.12229391932487488
1968,Christian  Danner ,0.12291118502616882
1969,Christian  Danner ,0.12335065007209778
1970,Christian  Danner ,0.12366078794002533
1971,Christian  Danner ,0.12388026714324951
1972,Christian  Danner ,0.12403839826583862
1973,Christian  Danner ,0.12415656447410583
1974,Christian  Danner ,0.12425000965595245
1975,Christian  Danner ,0.12432870268821716
1976,Christian  Danner ,0.12439778447151184
1977,Christian  Danner ,0.12445652484893799
1978,Christian  Danner ,0.12449537217617035
1979,Christian  Danner ,0.12448965013027191
1980,Christian  Danner ,0.12439021468162537
1981,Christian  Danner ,0.12411639094352722
1982,Christian  Danner ,0.1235760748386383
1983,Christian  Danner ,0.12280195951461792
1984,Christian  Danner ,0.1223098635673523
1985,Christian  Danner ,0.12555405497550964
1986,Christian  Danner ,0.12050700187683105
1987,Christian  Danner ,0.1219879686832428
1988,Christian  Danner ,0.12369696795940399
1989,Christian  Danner ,0.10193473100662231
1990,Christian  Danner ,0.12411659955978394
1991,Christian  Danner ,0.12438896298408508
1992,Christian  Danner ,0.12556028366088867
1993,Christian  Danner ,0.1258891224861145
1994,Christian  Danner ,0.12575417757034302
1995,Christian  Danner ,0.1254483312368393
1996,Christian  Danner ,0.1251400262117386
1997,Christian  Danner ,0.12489442527294159
1998,Christian  Danner ,0.12472382187843323
1999,Christian  Danner ,0.12461970746517181
2000,Christian  Danner ,0.1245688796043396
2001,Christian  Danner ,0.12455971539020538
2002,Christian  Danner ,0.12458372116088867
2003,Christian  Danner ,0.12463587522506714
2004,Christian  Danner ,0.12471400201320648
2005,Christian  Danner ,0.1248183399438858
2006,Christian  Danner ,0.12495116889476776
2007,Christian  Danner ,0.12511658668518066
2008,Christian  Danner ,0.12532031536102295
2009,Christian  Danner ,0.1255696415901184
2010,Christian  Danner ,0.1258731484413147
2011,Christian  Danner ,0.12624025344848633
2012,Christian  Danner ,0.1266796886920929
2013,Christian  Danner ,0.1271970570087433
2014,Christian  Danner ,0.12778934836387634
2015,Christian  Danner ,0.12843522429466248
2016,Christian  Danner ,0.12907946109771729
2017,Christian  Danner ,0.12960880994796753
2018,Christian  Danner ,0.12982149422168732
2019,Christian  Danner ,0.12939639389514923
2020,Christian  Danner ,0.12786975502967834
2021,Christian  Danner ,0.12457975745201111
2022,Christian  Danner ,0.11832524836063385
2023,Christian  Danner ,0.10611216723918915
2024,Christian  Danner ,0.08146984875202179
2025,Christian  Danner ,0.039903052151203156
2026,Christian  Danner ,-0.06969387829303741
2027,Christian  Danner ,-0.07349970936775208
2028,Christian  Danner ,-0.07349970936775208
2029,Christian  Danner ,-0.07349970936775208
2030,Christian  Danner ,-0.07349970936775208
1958,Christian  Fittipaldi ,0.11337670683860779
1959,Christian  Fittipaldi ,0.11133019626140594
1960,Christian  Fittipaldi ,0.11172641813755035
1961,Christian  Fittipaldi ,0.11314360797405243
1962,Christian  Fittipaldi ,0.11505372822284698
1963,Christian  Fittipaldi ,0.11703528463840485
1964,Christian  Fittipaldi ,0.11881846189498901
1965,Christian  Fittipaldi ,0.1202864944934845
1966,Christian  Fittipaldi ,0.1214250922203064
1967,Christian  Fittipaldi ,0.12227228283882141
1968,Christian  Fittipaldi ,0.12288427352905273
1969,Christian  Fittipaldi ,0.12331704795360565
1970,Christian  Fittipaldi ,0.12361885607242584
1971,Christian  Fittipaldi ,0.12382802367210388
1972,Christian  Fittipaldi ,0.12397336959838867
1973,Christian  Fittipaldi ,0.12407617270946503
1974,Christian  Fittipaldi ,0.12415166199207306
1975,Christian  Fittipaldi ,0.12421068549156189
1976,Christian  Fittipaldi ,0.12426111102104187
1977,Christian  Fittipaldi ,0.1243085116147995
1978,Christian  Fittipaldi ,0.12435713410377502
1979,Christian  Fittipaldi ,0.12441003322601318
1980,Christian  Fittipaldi ,0.12446916103363037
1981,Christian  Fittipaldi ,0.12453503906726837
1982,Christian  Fittipaldi ,0.1246052086353302
1983,Christian  Fittipaldi ,0.1246718019247055
1984,Christian  Fittipaldi ,0.12471549212932587
1985,Christian  Fittipaldi ,0.12469473481178284
1986,Christian  Fittipaldi ,0.12452825903892517
1987,Christian  Fittipaldi ,0.12407580018043518
1988,Christian  Fittipaldi ,0.12315081059932709
1989,Christian  Fittipaldi ,0.12169495224952698
1990,Christian  Fittipaldi ,0.1203533262014389
1991,Christian  Fittipaldi ,0.12402579188346863
1992,Christian  Fittipaldi ,0.12512394785881042
1993,Christian  Fittipaldi ,0.17988321185112
1994,Christian  Fittipaldi ,0.1641518771648407
1995,Christian  Fittipaldi ,0.12552382051944733
1996,Christian  Fittipaldi ,0.12280258536338806
1997,Christian  Fittipaldi ,0.12490266561508179
1998,Christian  Fittipaldi ,0.1263546496629715
1999,Christian  Fittipaldi ,0.12672367691993713
2000,Christian  Fittipaldi ,0.126496821641922
2001,Christian  Fittipaldi ,0.1260843575000763
2002,Christian  Fittipaldi ,0.12569615244865417
2003,Christian  Fittipaldi ,0.12540827691555023
2004,Christian  Fittipaldi ,0.1252327859401703
2005,Christian  Fittipaldi ,0.12515845894813538
2006,Christian  Fittipaldi ,0.12516991794109344
2007,Christian  Fittipaldi ,0.12525498867034912
2008,Christian  Fittipaldi ,0.12540660798549652
2009,Christian  Fittipaldi ,0.1256226897239685
2010,Christian  Fittipaldi ,0.1259053349494934
2011,Christian  Fittipaldi ,0.1262594759464264
2012,Christian  Fittipaldi ,0.1266910582780838
2013,Christian  Fittipaldi ,0.12720367312431335
2014,Christian  Fittipaldi ,0.1277931034564972
2015,Christian  Fittipaldi ,0.1284373551607132
2016,Christian  Fittipaldi ,0.1290806084871292
2017,Christian  Fittipaldi ,0.12960945069789886
2018,Christian  Fittipaldi ,0.12982182204723358
2019,Christian  Fittipaldi ,0.12939655780792236
2020,Christian  Fittipaldi ,0.12786982953548431
2021,Christian  Fittipaldi ,0.1245797872543335
2022,Christian  Fittipaldi ,0.11832523345947266
2023,Christian  Fittipaldi ,0.10611216723918915
2024,Christian  Fittipaldi ,0.0814698338508606
2025,Christian  Fittipaldi ,0.039903052151203156
2026,Christian  Fittipaldi ,-0.06969387829303741
2027,Christian  Fittipaldi ,-0.07349970936775208
2028,Christian  Fittipaldi ,-0.07349970936775208
2029,Christian  Fittipaldi ,-0.07349970936775208
2030,Christian  Fittipaldi ,-0.07349970936775208
1958,Christian  Klien ,0.11337584257125854
1959,Christian  Klien ,0.1113276481628418
1960,Christian  Klien ,0.11172261834144592
1961,Christian  Klien ,0.11313854157924652
1962,Christian  Klien ,0.11504720151424408
1963,Christian  Klien ,0.11702704429626465
1964,Christian  Klien ,0.11880823969841003
1965,Christian  Klien ,0.12027382850646973
1966,Christian  Klien ,0.12140949070453644
1967,Christian  Klien ,0.12225314974784851
1968,Christian  Klien ,0.122860848903656
1969,Christian  Klien ,0.12328840792179108
1970,Christian  Klien ,0.12358388304710388
1971,Christian  Klien ,0.12378516793251038
1972,Christian  Klien ,0.12392091751098633
1973,Christian  Klien ,0.12401182949542999
1974,Christian  Klien ,0.1240726113319397
1975,Christian  Klien ,0.12411344051361084
1976,Christian  Klien ,0.12414132058620453
1977,Christian  Klien ,0.12416097521781921
1978,Christian  Klien ,0.12417565286159515
1979,Christian  Klien ,0.12418752908706665
1980,Christian  Klien ,0.12419812381267548
1981,Christian  Klien ,0.12420859932899475
1982,Christian  Klien ,0.12421979010105133
1983,Christian  Klien ,0.12423244118690491
1984,Christian  Klien ,0.12424731254577637
1985,Christian  Klien ,0.12426517903804779
1986,Christian  Klien ,0.12428683042526245
1987,Christian  Klien ,0.1243133693933487
1988,Christian  Klien ,0.12434592843055725
1989,Christian  Klien ,0.12438580393791199
1990,Christian  Klien ,0.12443450093269348
1991,Christian  Klien ,0.1244935542345047
1992,Christian  Klien ,0.12456417083740234
1993,Christian  Klien ,0.1246466189622879
1994,Christian  Klien ,0.12473884224891663
1995,Christian  Klien ,0.1248333752155304
1996,Christian  Klien ,0.1249108612537384
1997,Christian  Klien ,0.1249280571937561
1998,Christian  Klien ,0.12479788064956665
1999,Christian  Klien ,0.12436783313751221
2000,Christian  Klien ,0.12343963980674744
2001,Christian  Klien ,0.12198770046234131
2002,Christian  Klien ,0.12095016241073608
2003,Christian  Klien ,0.125787153840065
2004,Christian  Klien ,0.15503306686878204
2005,Christian  Klien ,0.16915787756443024
2006,Christian  Klien ,0.13812775909900665
2007,Christian  Klien ,0.12308140099048615
2008,Christian  Klien ,0.12158921360969543
2009,Christian  Klien ,0.12407024204730988
2010,Christian  Klien ,0.05810794234275818
2011,Christian  Klien ,0.12476690113544464
2012,Christian  Klien ,0.12838467955589294
2013,Christian  Klien ,0.13027484714984894
2014,Christian  Klien ,0.13058485090732574
2015,Christian  Klien ,0.13056546449661255
2016,Christian  Klien ,0.13056743144989014
2017,Christian  Klien ,0.13059763610363007
2018,Christian  Klien ,0.13045763969421387
2019,Christian  Klien ,0.12979595363140106
2020,Christian  Klien ,0.12811560928821564
2021,Christian  Klien ,0.12472805380821228
2022,Christian  Klien ,0.1184128075838089
2023,Christian  Klien ,0.10616256296634674
2024,Christian  Klien ,0.08149740099906921
2025,Christian  Klien ,0.039903052151203156
2026,Christian  Klien ,-0.06969387829303741
2027,Christian  Klien ,-0.07349970936775208
2028,Christian  Klien ,-0.07349970936775208
2029,Christian  Klien ,-0.07349970936775208
2030,Christian  Klien ,-0.07349970936775208
1958,Christijan  Albers ,0.11337582767009735
1959,Christijan  Albers ,0.11132754385471344
1960,Christijan  Albers ,0.11172248423099518
1961,Christijan  Albers ,0.113138347864151
1962,Christijan  Albers ,0.11504700779914856
1963,Christijan  Albers ,0.11702677607536316
1964,Christijan  Albers ,0.11880792677402496
1965,Christijan  Albers ,0.12027338147163391
1966,Christijan  Albers ,0.12140899896621704
1967,Christijan  Albers ,0.12225258350372314
1968,Christijan  Albers ,0.1228601336479187
1969,Christijan  Albers ,0.12328755855560303
1970,Christijan  Albers ,0.12358278036117554
1971,Christijan  Albers ,0.12378387153148651
1972,Christijan  Albers ,0.12391933798789978
1973,Christijan  Albers ,0.12400989234447479
1974,Christijan  Albers ,0.12407025694847107
1975,Christijan  Albers ,0.12411060929298401
1976,Christijan  Albers ,0.12413787841796875
1977,Christijan  Albers ,0.12415680289268494
1978,Christijan  Albers ,0.12417057156562805
1979,Christijan  Albers ,0.1241813600063324
1980,Christijan  Albers ,0.12419064342975616
1981,Christijan  Albers ,0.12419946491718292
1982,Christijan  Albers ,0.12420861423015594
1983,Christijan  Albers ,0.12421879172325134
1984,Christijan  Albers ,0.12423060834407806
1985,Christijan  Albers ,0.12424471974372864
1986,Christijan  Albers ,0.12426179647445679
1987,Christijan  Albers ,0.12428268790245056
1988,Christijan  Albers ,0.12430840730667114
1989,Christijan  Albers ,0.12434010207653046
1990,Christijan  Albers ,0.12437915802001953
1991,Christijan  Albers ,0.12442713975906372
1992,Christijan  Albers ,0.12448565661907196
1993,Christijan  Albers ,0.12455600500106812
1994,Christijan  Albers ,0.12463852763175964
1995,Christijan  Albers ,0.12473094463348389
1996,Christijan  Albers ,0.12482544779777527
1997,Christijan  Albers ,0.12490278482437134
1998,Christijan  Albers ,0.12492187321186066
1999,Christijan  Albers ,0.1248054951429367
2000,Christijan  Albers ,0.12442873418331146
2001,Christijan  Albers ,0.12364768981933594
2002,Christijan  Albers ,0.1224888265132904
2003,Christijan  Albers ,0.121670201420784
2004,Christijan  Albers ,0.12575078010559082
2005,Christijan  Albers ,0.12079744040966034
2006,Christijan  Albers ,0.097421795129776
2007,Christijan  Albers ,0.07515299320220947
2008,Christijan  Albers ,0.12312738597393036
2009,Christijan  Albers ,0.1262255311012268
2010,Christijan  Albers ,0.12879660725593567
2011,Christijan  Albers ,0.12948663532733917
2012,Christijan  Albers ,0.12944775819778442
2013,Christijan  Albers ,0.12928016483783722
2014,Christijan  Albers ,0.12925000488758087
2015,Christijan  Albers ,0.12941478192806244
2016,Christijan  Albers ,0.12971636652946472
2017,Christijan  Albers ,0.1300131380558014
2018,Christijan  Albers ,0.13007290661334991
2019,Christijan  Albers ,0.12954971194267273
2020,Christijan  Albers ,0.12796133756637573
2021,Christijan  Albers ,0.12463325262069702
2022,Christijan  Albers ,0.11835570633411407
2023,Christijan  Albers ,0.10612896084785461
2024,Christijan  Albers ,0.0814785361289978
2025,Christijan  Albers ,0.039903052151203156
2026,Christijan  Albers ,-0.06969387829303741
2027,Christijan  Albers ,-0.07349970936775208
2028,Christijan  Albers ,-0.07349970936775208
2029,Christijan  Albers ,-0.07349970936775208
2030,Christijan  Albers ,-0.07349970936775208
1958,Clay  Regazzoni ,0.1135866791009903
1959,Clay  Regazzoni ,0.11182448267936707
1960,Clay  Regazzoni ,0.11242538690567017
1961,Clay  Regazzoni ,0.1140260249376297
1962,Clay  Regazzoni ,0.11609536409378052
1963,Clay  Regazzoni ,0.1181614100933075
1964,Clay  Regazzoni ,0.11983314156532288
1965,Clay  Regazzoni ,0.12076324224472046
1966,Clay  Regazzoni ,0.12062349915504456
1967,Clay  Regazzoni ,0.11943624913692474
1968,Clay  Regazzoni ,0.11925823986530304
1969,Clay  Regazzoni ,0.12552383542060852
1970,Clay  Regazzoni ,0.30193862318992615
1971,Clay  Regazzoni ,0.26420989632606506
1972,Clay  Regazzoni ,0.26230838894844055
1973,Clay  Regazzoni ,0.12725862860679626
1974,Clay  Regazzoni ,0.3297509253025055
1975,Clay  Regazzoni ,0.30355575680732727
1976,Clay  Regazzoni ,0.3051129877567291
1977,Clay  Regazzoni ,0.12365297973155975
1978,Clay  Regazzoni ,0.14418263733386993
1979,Clay  Regazzoni ,0.30048856139183044
1980,Clay  Regazzoni ,0.13729560375213623
1981,Clay  Regazzoni ,0.12849323451519012
1982,Clay  Regazzoni ,0.128492534160614
1983,Clay  Regazzoni ,0.1293606460094452
1984,Clay  Regazzoni ,0.1291472613811493
1985,Clay  Regazzoni ,0.12829183042049408
1986,Clay  Regazzoni ,0.12729021906852722
1987,Clay  Regazzoni ,0.1264035403728485
1988,Clay  Regazzoni ,0.1257135570049286
1989,Clay  Regazzoni ,0.12521463632583618
1990,Clay  Regazzoni ,0.1248706579208374
1991,Clay  Regazzoni ,0.12464192509651184
1992,Clay  Regazzoni ,0.12449504435062408
1993,Clay  Regazzoni ,0.12440472841262817
1994,Clay  Regazzoni ,0.12435315549373627
1995,Clay  Regazzoni ,0.12432825565338135
1996,Clay  Regazzoni ,0.12432211637496948
1997,Clay  Regazzoni ,0.12432986497879028
1998,Clay  Regazzoni ,0.12434884905815125
1999,Clay  Regazzoni ,0.1243777722120285
2000,Clay  Regazzoni ,0.1244165301322937
2001,Clay  Regazzoni ,0.12446585297584534
2002,Clay  Regazzoni ,0.12452712655067444
2003,Clay  Regazzoni ,0.1246025413274765
2004,Clay  Regazzoni ,0.12469489872455597
2005,Clay  Regazzoni ,0.12480771541595459
2006,Clay  Regazzoni ,0.1249454915523529
2007,Clay  Regazzoni ,0.12511372566223145
2008,Clay  Regazzoni ,0.1253189742565155
2009,Clay  Regazzoni ,0.12556913495063782
2010,Clay  Regazzoni ,0.12587304413318634
2011,Clay  Regazzoni ,0.1262402981519699
2012,Clay  Regazzoni ,0.12667983770370483
2013,Clay  Regazzoni ,0.12719720602035522
2014,Clay  Regazzoni ,0.1277894377708435
2015,Clay  Regazzoni ,0.12843531370162964
2016,Clay  Regazzoni ,0.12907952070236206
2017,Clay  Regazzoni ,0.1296088695526123
2018,Clay  Regazzoni ,0.1298215091228485
2019,Clay  Regazzoni ,0.12939642369747162
2020,Clay  Regazzoni ,0.12786976993083954
2021,Clay  Regazzoni ,0.12457975745201111
2022,Clay  Regazzoni ,0.11832524836063385
2023,Clay  Regazzoni ,0.10611218214035034
2024,Clay  Regazzoni ,0.08146984875202179
2025,Clay  Regazzoni ,0.039903052151203156
2026,Clay  Regazzoni ,-0.06969387829303741
2027,Clay  Regazzoni ,-0.07349970936775208
2028,Clay  Regazzoni ,-0.07349970936775208
2029,Clay  Regazzoni ,-0.07349970936775208
2030,Clay  Regazzoni ,-0.07349970936775208
1958,Cliff  Allison ,0.13592150807380676
1959,Cliff  Allison ,0.15643469989299774
1960,Cliff  Allison ,0.20018300414085388
1961,Cliff  Allison ,0.11475130915641785
1962,Cliff  Allison ,0.11089743673801422
1963,Cliff  Allison ,0.11540903151035309
1964,Cliff  Allison ,0.11958740651607513
1965,Cliff  Allison ,0.12204861640930176
1966,Cliff  Allison ,0.12326207756996155
1967,Cliff  Allison ,0.12379792332649231
1968,Cliff  Allison ,0.1240161657333374
1969,Cliff  Allison ,0.12409958243370056
1970,Cliff  Allison ,0.12413033843040466
1971,Cliff  Allison ,0.12414219975471497
1972,Cliff  Allison ,0.1241479218006134
1973,Cliff  Allison ,0.12415187060832977
1974,Cliff  Allison ,0.12415537238121033
1975,Cliff  Allison ,0.12415866553783417
1976,Cliff  Allison ,0.12416176497936249
1977,Cliff  Allison ,0.1241646260023117
1978,Cliff  Allison ,0.12416723370552063
1979,Cliff  Allison ,0.12416961789131165
1980,Cliff  Allison ,0.12417179346084595
1981,Cliff  Allison ,0.12417387962341309
1982,Cliff  Allison ,0.12417599558830261
1983,Cliff  Allison ,0.12417814135551453
1984,Cliff  Allison ,0.12418049573898315
1985,Cliff  Allison ,0.12418314814567566
1986,Cliff  Allison ,0.12418623268604279
1987,Cliff  Allison ,0.12418986856937408
1988,Cliff  Allison ,0.12419416010379791
1989,Cliff  Allison ,0.12419930100440979
1990,Cliff  Allison ,0.12420548498630524
1991,Cliff  Allison ,0.12421298027038574
1992,Cliff  Allison ,0.1242220401763916
1993,Cliff  Allison ,0.12423300743103027
1994,Cliff  Allison ,0.1242462694644928
1995,Cliff  Allison ,0.12426234781742096
1996,Cliff  Allison ,0.1242818534374237
1997,Cliff  Allison ,0.12430550158023834
1998,Cliff  Allison ,0.12433421611785889
1999,Cliff  Allison ,0.1243690550327301
2000,Cliff  Allison ,0.12441135942935944
2001,Cliff  Allison ,0.12446281313896179
2002,Cliff  Allison ,0.12452535331249237
2003,Cliff  Allison ,0.12460151314735413
2004,Cliff  Allison ,0.12469427287578583
2005,Cliff  Allison ,0.12480735778808594
2006,Cliff  Allison ,0.12494529783725739
2007,Cliff  Allison ,0.1251136064529419
2008,Cliff  Allison ,0.12531894445419312
2009,Cliff  Allison ,0.12556907534599304
2010,Cliff  Allison ,0.12587301433086395
2011,Cliff  Allison ,0.12624028325080872
2012,Cliff  Allison ,0.12667979300022125
2013,Cliff  Allison ,0.12719720602035522
2014,Cliff  Allison ,0.1277894377708435
2015,Cliff  Allison ,0.12843531370162964
2016,Cliff  Allison ,0.12907952070236206
2017,Cliff  Allison ,0.1296088695526123
2018,Cliff  Allison ,0.1298215091228485
2019,Cliff  Allison ,0.12939642369747162
2020,Cliff  Allison ,0.12786979973316193
2021,Cliff  Allison ,0.12457975745201111
2022,Cliff  Allison ,0.11832526326179504
2023,Cliff  Allison ,0.10611216723918915
2024,Cliff  Allison ,0.08146984875202179
2025,Cliff  Allison ,0.039903052151203156
2026,Cliff  Allison ,-0.06969387829303741
2027,Cliff  Allison ,-0.07349970936775208
2028,Cliff  Allison ,-0.07349970936775208
2029,Cliff  Allison ,-0.07349970936775208
2030,Cliff  Allison ,-0.07349970936775208
1958,Cristiano  da Matta ,0.11337581276893616
1959,Cristiano  da Matta ,0.11132752895355225
1960,Cristiano  da Matta ,0.11172248423099518
1961,Cristiano  da Matta ,0.113138347864151
1962,Cristiano  da Matta ,0.11504697799682617
1963,Cristiano  da Matta ,0.11702674627304077
1964,Cristiano  da Matta ,0.11880789697170258
1965,Cristiano  da Matta ,0.12027338147163391
1966,Cristiano  da Matta ,0.12140898406505585
1967,Cristiano  da Matta ,0.12225255370140076
1968,Cristiano  da Matta ,0.12286010384559631
1969,Cristiano  da Matta ,0.12328749895095825
1970,Cristiano  da Matta ,0.12358273565769196
1971,Cristiano  da Matta ,0.12378379702568054
1972,Cristiano  da Matta ,0.12391924858093262
1973,Cristiano  da Matta ,0.12400981783866882
1974,Cristiano  da Matta ,0.12407013773918152
1975,Cristiano  da Matta ,0.12411049008369446
1976,Cristiano  da Matta ,0.12413772940635681
1977,Cristiano  da Matta ,0.12415666878223419
1978,Cristiano  da Matta ,0.12417042255401611
1979,Cristiano  da Matta ,0.12418124079704285
1980,Cristiano  da Matta ,0.12419050931930542
1981,Cristiano  da Matta ,0.12419939041137695
1982,Cristiano  da Matta ,0.12420862913131714
1983,Cristiano  da Matta ,0.1242189109325409
1984,Cristiano  da Matta ,0.12423092126846313
1985,Cristiano  da Matta ,0.124245285987854
1986,Cristiano  da Matta ,0.12426267564296722
1987,Cristiano  da Matta ,0.12428386509418488
1988,Cristiano  da Matta ,0.12430967390537262
1989,Cristiano  da Matta ,0.1243409514427185
1990,Cristiano  da Matta ,0.12437848746776581
1991,Cristiano  da Matta ,0.12442266941070557
1992,Cristiano  da Matta ,0.12447300553321838
1993,Cristiano  da Matta ,0.12452670931816101
1994,Cristiano  da Matta ,0.12457618117332458
1995,Cristiano  da Matta ,0.12460319697856903
1996,Cristiano  da Matta ,0.12456808984279633
1997,Cristiano  da Matta ,0.1243920624256134
1998,Cristiano  da Matta ,0.12394016981124878
1999,Cristiano  da Matta ,0.12304958701133728
2000,Cristiano  da Matta ,0.1217699944972992
2001,Cristiano  da Matta ,0.12125283479690552
2002,Cristiano  da Matta ,0.12697307765483856
2003,Cristiano  da Matta ,0.1812818944454193
2004,Cristiano  da Matta ,0.14984065294265747
2005,Cristiano  da Matta ,0.1239791065454483
2006,Cristiano  da Matta ,0.12208747863769531
2007,Cristiano  da Matta ,0.12459993362426758
2008,Cristiano  da Matta ,0.1264224350452423
2009,Cristiano  da Matta ,0.12721696496009827
2010,Cristiano  da Matta ,0.1274464726448059
2011,Cristiano  da Matta ,0.12750810384750366
2012,Cristiano  da Matta ,0.12761464715003967
2013,Cristiano  da Matta ,0.12785087525844574
2014,Cristiano  da Matta ,0.12823089957237244
2015,Cristiano  da Matta ,0.12872612476348877
2016,Cristiano  da Matta ,0.12926748394966125
2017,Cristiano  da Matta ,0.12972846627235413
2018,Cristiano  da Matta ,0.12989655137062073
2019,Cristiano  da Matta ,0.12944291532039642
2020,Cristiano  da Matta ,0.12789826095104218
2021,Cristiano  da Matta ,0.12459704279899597
2022,Cristiano  da Matta ,0.11833563446998596
2023,Cristiano  da Matta ,0.1061183512210846
2024,Cristiano  da Matta ,0.0814734697341919
2025,Cristiano  da Matta ,0.039903052151203156
2026,Cristiano  da Matta ,-0.06969387829303741
2027,Cristiano  da Matta ,-0.07349970936775208
2028,Cristiano  da Matta ,-0.07349970936775208
2029,Cristiano  da Matta ,-0.07349970936775208
2030,Cristiano  da Matta ,-0.07349970936775208
1958,Damon  Hill ,0.11337751150131226
1959,Damon  Hill ,0.11133246123790741
1960,Damon  Hill ,0.11172981560230255
1961,Damon  Hill ,0.11314815282821655
1962,Damon  Hill ,0.11505955457687378
1963,Damon  Hill ,0.11704263091087341
1964,Damon  Hill ,0.11882761120796204
1965,Damon  Hill ,0.12029770016670227
1966,Damon  Hill ,0.1214388757944107
1967,Damon  Hill ,0.12228912115097046
1968,Damon  Hill ,0.12290474772453308
1969,Damon  Hill ,0.12334194779396057
1970,Damon  Hill ,0.12364906072616577
1971,Damon  Hill ,0.12386454641819
1972,Damon  Hill ,0.12401755154132843
1973,Damon  Hill ,0.12412956357002258
1974,Damon  Hill ,0.12421602010726929
1975,Damon  Hill ,0.12428821623325348
1976,Damon  Hill ,0.12435419857501984
1977,Damon  Hill ,0.12442004680633545
1978,Damon  Hill ,0.12449035048484802
1979,Damon  Hill ,0.12456858158111572
1980,Damon  Hill ,0.12465745210647583
1981,Damon  Hill ,0.12475848197937012
1982,Damon  Hill ,0.1248716413974762
1983,Damon  Hill ,0.12499377131462097
1984,Damon  Hill ,0.12511485815048218
1985,Damon  Hill ,0.1252085268497467
1986,Damon  Hill ,0.12521113455295563
1987,Damon  Hill ,0.12498123943805695
1988,Damon  Hill ,0.12424424290657043
1989,Damon  Hill ,0.12259949743747711
1990,Damon  Hill ,0.11992499232292175
1991,Damon  Hill ,0.11838498711585999
1992,Damon  Hill ,0.12198467552661896
1993,Damon  Hill ,0.33972036838531494
1994,Damon  Hill ,0.38572853803634644
1995,Damon  Hill ,0.36801329255104065
1996,Damon  Hill ,0.3867976665496826
1997,Damon  Hill ,0.17424002289772034
1998,Damon  Hill ,0.26323220133781433
1999,Damon  Hill ,0.20459610223770142
2000,Damon  Hill ,0.12513497471809387
2001,Damon  Hill ,0.12446188926696777
2002,Damon  Hill ,0.1281961053609848
2003,Damon  Hill ,0.13012194633483887
2004,Damon  Hill ,0.13016580045223236
2005,Damon  Hill ,0.12935122847557068
2006,Damon  Hill ,0.12837672233581543
2007,Damon  Hill ,0.1275620311498642
2008,Damon  Hill ,0.12700355052947998
2009,Damon  Hill ,0.12669970095157623
2010,Damon  Hill ,0.12661811709403992
2011,Damon  Hill ,0.12672442197799683
2012,Damon  Hill ,0.1269906759262085
2013,Damon  Hill ,0.12739479541778564
2014,Damon  Hill ,0.1279139369726181
2015,Damon  Hill ,0.1285131424665451
2016,Damon  Hill ,0.12912783026695251
2017,Damon  Hill ,0.1296386867761612
2018,Damon  Hill ,0.12983986735343933
2019,Damon  Hill ,0.12940767407417297
2020,Damon  Hill ,0.1278766691684723
2021,Damon  Hill ,0.12458398938179016
2022,Damon  Hill ,0.11832784116268158
2023,Damon  Hill ,0.10611377656459808
2024,Damon  Hill ,0.08147084712982178
2025,Damon  Hill ,0.039903052151203156
2026,Damon  Hill ,-0.06969387829303741
2027,Damon  Hill ,-0.07349970936775208
2028,Damon  Hill ,-0.07349970936775208
2029,Damon  Hill ,-0.07349970936775208
2030,Damon  Hill ,-0.07349970936775208
1958,Dan  Gurney ,0.11536076664924622
1959,Dan  Gurney ,0.2313704788684845
1960,Dan  Gurney ,0.1227157860994339
1961,Dan  Gurney ,0.27817487716674805
1962,Dan  Gurney ,0.2684516906738281
1963,Dan  Gurney ,0.271639347076416
1964,Dan  Gurney ,0.2590967118740082
1965,Dan  Gurney ,0.2811480164527893
1966,Dan  Gurney ,0.18502536416053772
1967,Dan  Gurney ,0.23614716529846191
1968,Dan  Gurney ,0.11642101407051086
1969,Dan  Gurney ,0.12485165894031525
1970,Dan  Gurney ,0.11317141354084015
1971,Dan  Gurney ,0.1294424682855606
1972,Dan  Gurney ,0.12910978496074677
1973,Dan  Gurney ,0.1298024207353592
1974,Dan  Gurney ,0.129327654838562
1975,Dan  Gurney ,0.12831608951091766
1976,Dan  Gurney ,0.12723663449287415
1977,Dan  Gurney ,0.12631933391094208
1978,Dan  Gurney ,0.12562277913093567
1979,Dan  Gurney ,0.12512730062007904
1980,Dan  Gurney ,0.1247892677783966
1981,Dan  Gurney ,0.12456527352333069
1982,Dan  Gurney ,0.12442037463188171
1983,Dan  Gurney ,0.12432855367660522
1984,Dan  Gurney ,0.12427178025245667
1985,Dan  Gurney ,0.1242377758026123
1986,Dan  Gurney ,0.1242184191942215
1987,Dan  Gurney ,0.12420853972434998
1988,Dan  Gurney ,0.12420479953289032
1989,Dan  Gurney ,0.12420524656772614
1990,Dan  Gurney ,0.12420874834060669
1991,Dan  Gurney ,0.12421473860740662
1992,Dan  Gurney ,0.12422290444374084
1993,Dan  Gurney ,0.1242334246635437
1994,Dan  Gurney ,0.12424644827842712
1995,Dan  Gurney ,0.12426240742206573
1996,Dan  Gurney ,0.1242818832397461
1997,Dan  Gurney ,0.12430550158023834
1998,Dan  Gurney ,0.1243341863155365
1999,Dan  Gurney ,0.1243690550327301
2000,Dan  Gurney ,0.12441134452819824
2001,Dan  Gurney ,0.12446281313896179
2002,Dan  Gurney ,0.12452533841133118
2003,Dan  Gurney ,0.12460151314735413
2004,Dan  Gurney ,0.12469427287578583
2005,Dan  Gurney ,0.12480735778808594
2006,Dan  Gurney ,0.12494528293609619
2007,Dan  Gurney ,0.1251136064529419
2008,Dan  Gurney ,0.12531894445419312
2009,Dan  Gurney ,0.12556907534599304
2010,Dan  Gurney ,0.12587301433086395
2011,Dan  Gurney ,0.12624028325080872
2012,Dan  Gurney ,0.12667979300022125
2013,Dan  Gurney ,0.12719720602035522
2014,Dan  Gurney ,0.1277894526720047
2015,Dan  Gurney ,0.12843531370162964
2016,Dan  Gurney ,0.12907952070236206
2017,Dan  Gurney ,0.1296088695526123
2018,Dan  Gurney ,0.1298215091228485
2019,Dan  Gurney ,0.12939642369747162
2020,Dan  Gurney ,0.12786978483200073
2021,Dan  Gurney ,0.12457975745201111
2022,Dan  Gurney ,0.11832526326179504
2023,Dan  Gurney ,0.10611218214035034
2024,Dan  Gurney ,0.0814698338508606
2025,Dan  Gurney ,0.039903052151203156
2026,Dan  Gurney ,-0.06969387829303741
2027,Dan  Gurney ,-0.07349970936775208
2028,Dan  Gurney ,-0.07349970936775208
2029,Dan  Gurney ,-0.07349970936775208
2030,Dan  Gurney ,-0.07349970936775208
1958,Daniel  Ricciardo ,0.11337581276893616
1959,Daniel  Ricciardo ,0.11132757365703583
1960,Daniel  Ricciardo ,0.11172252893447876
1961,Daniel  Ricciardo ,0.11313837766647339
1962,Daniel  Ricciardo ,0.11504703760147095
1963,Daniel  Ricciardo ,0.11702683568000793
1964,Daniel  Ricciardo ,0.11880795657634735
1965,Daniel  Ricciardo ,0.12027347087860107
1966,Daniel  Ricciardo ,0.12140904366970062
1967,Daniel  Ricciardo ,0.12225267291069031
1968,Daniel  Ricciardo ,0.12286025285720825
1969,Daniel  Ricciardo ,0.12328767776489258
1970,Daniel  Ricciardo ,0.12358295917510986
1971,Daniel  Ricciardo ,0.12378406524658203
1972,Daniel  Ricciardo ,0.1239195466041565
1973,Daniel  Ricciardo ,0.12401016056537628
1974,Daniel  Ricciardo ,0.12407055497169495
1975,Daniel  Ricciardo ,0.12411093711853027
1976,Daniel  Ricciardo ,0.12413829565048218
1977,Daniel  Ricciardo ,0.12415729463100433
1978,Daniel  Ricciardo ,0.12417113780975342
1979,Daniel  Ricciardo ,0.12418198585510254
1980,Daniel  Ricciardo ,0.12419132888317108
1981,Daniel  Ricciardo ,0.12420018017292023
1982,Daniel  Ricciardo ,0.12420934438705444
1983,Daniel  Ricciardo ,0.12421944737434387
1984,Daniel  Ricciardo ,0.12423105537891388
1985,Daniel  Ricciardo ,0.12424470484256744
1986,Daniel  Ricciardo ,0.12426102161407471
1987,Daniel  Ricciardo ,0.12428072094917297
1988,Daniel  Ricciardo ,0.12430460751056671
1989,Daniel  Ricciardo ,0.12433363497257233
1990,Daniel  Ricciardo ,0.12436898052692413
1991,Daniel  Ricciardo ,0.12441214919090271
1992,Daniel  Ricciardo ,0.12446491420269012
1993,Daniel  Ricciardo ,0.12452952563762665
1994,Daniel  Ricciardo ,0.12460872530937195
1995,Daniel  Ricciardo ,0.12470588088035583
1996,Daniel  Ricciardo ,0.12482491135597229
1997,Daniel  Ricciardo ,0.12497052550315857
1998,Daniel  Ricciardo ,0.12514793872833252
1999,Daniel  Ricciardo ,0.12536245584487915
2000,Daniel  Ricciardo ,0.12561893463134766
2001,Daniel  Ricciardo ,0.12591981887817383
2002,Daniel  Ricciardo ,0.12626239657402039
2003,Daniel  Ricciardo ,0.12663312256336212
2004,Daniel  Ricciardo ,0.12699852883815765
2005,Daniel  Ricciardo ,0.12729108333587646
2006,Daniel  Ricciardo ,0.12739244103431702
2007,Daniel  Ricciardo ,0.12712685763835907
2008,Daniel  Ricciardo ,0.12630397081375122
2009,Daniel  Ricciardo ,0.12466037273406982
2010,Daniel  Ricciardo ,0.12273170053958893
2011,Daniel  Ricciardo ,0.05247624218463898
2012,Daniel  Ricciardo ,0.13771365582942963
2013,Daniel  Ricciardo ,0.19449001550674438
2014,Daniel  Ricciardo ,0.5030035972595215
2015,Daniel  Ricciardo ,0.3688545227050781
2016,Daniel  Ricciardo ,0.5421125888824463
2017,Daniel  Ricciardo ,0.49694326519966125
2018,Daniel  Ricciardo ,0.44571858644485474
2019,Daniel  Ricciardo ,0.3051302433013916
2020,Daniel  Ricciardo ,0.39441290497779846
2021,Daniel  Ricciardo ,0.36996063590049744
2022,Daniel  Ricciardo ,0.28366386890411377
2023,Daniel  Ricciardo ,0.17476442456245422
2024,Daniel  Ricciardo ,0.16682706773281097
2025,Daniel  Ricciardo ,0.09994019567966461
2026,Daniel  Ricciardo ,0.0338766947388649
2027,Daniel  Ricciardo ,0.023434139788150787
2028,Daniel  Ricciardo ,0.021805040538311005
2029,Daniel  Ricciardo ,0.02155141532421112
2030,Daniel  Ricciardo ,0.021511949598789215
1958,Daniil  Kvyat ,0.11337575316429138
1959,Daniil  Kvyat ,0.11132737994194031
1960,Daniil  Kvyat ,0.11172223091125488
1961,Daniil  Kvyat ,0.11313802003860474
1962,Daniil  Kvyat ,0.11504654586315155
1963,Daniil  Kvyat ,0.11702622473239899
1964,Daniil  Kvyat ,0.11880724132061005
1965,Daniil  Kvyat ,0.12027257680892944
1966,Daniil  Kvyat ,0.12140792608261108
1967,Daniil  Kvyat ,0.12225128710269928
1968,Daniil  Kvyat ,0.12285855412483215
1969,Daniil  Kvyat ,0.12328565120697021
1970,Daniil  Kvyat ,0.12358048558235168
1971,Daniil  Kvyat ,0.12378108501434326
1972,Daniil  Kvyat ,0.12391594052314758
1973,Daniil  Kvyat ,0.12400577962398529
1974,Daniil  Kvyat ,0.12406526505947113
1975,Daniil  Kvyat ,0.1241045743227005
1976,Daniil  Kvyat ,0.12413053214550018
1977,Daniil  Kvyat ,0.12414789199829102
1978,Daniil  Kvyat ,0.12415976822376251
1979,Daniil  Kvyat ,0.12416820228099823
1980,Daniil  Kvyat ,0.12417459487915039
1981,Daniil  Kvyat ,0.1241798996925354
1982,Daniil  Kvyat ,0.12418478727340698
1983,Daniil  Kvyat ,0.12418965995311737
1984,Daniil  Kvyat ,0.1241949051618576
1985,Daniil  Kvyat ,0.12420086562633514
1986,Daniil  Kvyat ,0.12420785427093506
1987,Daniil  Kvyat ,0.12421615421772003
1988,Daniil  Kvyat ,0.12422609329223633
1989,Daniil  Kvyat ,0.12423810362815857
1990,Daniil  Kvyat ,0.12425267696380615
1991,Daniil  Kvyat ,0.12427034974098206
1992,Daniil  Kvyat ,0.12429186701774597
1993,Daniil  Kvyat ,0.12431812286376953
1994,Daniil  Kvyat ,0.12435013055801392
1995,Daniil  Kvyat ,0.12438923120498657
1996,Daniil  Kvyat ,0.12443704903125763
1997,Daniil  Kvyat ,0.1244954764842987
1998,Daniil  Kvyat ,0.1245669275522232
1999,Daniil  Kvyat ,0.12465411424636841
2000,Daniil  Kvyat ,0.1247602105140686
2001,Daniil  Kvyat ,0.12488874793052673
2002,Daniil  Kvyat ,0.12504322826862335
2003,Daniil  Kvyat ,0.12522664666175842
2004,Daniil  Kvyat ,0.12543991208076477
2005,Daniil  Kvyat ,0.12567850947380066
2006,Daniil  Kvyat ,0.12592539191246033
2007,Daniil  Kvyat ,0.1261361539363861
2008,Daniil  Kvyat ,0.12621384859085083
2009,Daniil  Kvyat ,0.12597957253456116
2010,Daniil  Kvyat ,0.12519162893295288
2011,Daniil  Kvyat ,0.12381470203399658
2012,Daniil  Kvyat ,0.12308868765830994
2013,Daniil  Kvyat ,0.12949632108211517
2014,Daniil  Kvyat ,0.1720246970653534
2015,Daniil  Kvyat ,0.3286321759223938
2016,Daniil  Kvyat ,0.19699135422706604
2017,Daniil  Kvyat ,0.13152235746383667
2018,Daniil  Kvyat ,0.13473021984100342
2019,Daniil  Kvyat ,0.2148665189743042
2020,Daniil  Kvyat ,0.21430310606956482
2021,Daniil  Kvyat ,0.13717079162597656
2022,Daniil  Kvyat ,0.12299847602844238
2023,Daniil  Kvyat ,0.11083248257637024
2024,Daniil  Kvyat ,0.08666080236434937
2025,Daniil  Kvyat ,0.039903052151203156
2026,Daniil  Kvyat ,-0.06969387829303741
2027,Daniil  Kvyat ,-0.07349970936775208
2028,Daniil  Kvyat ,-0.07349970936775208
2029,Daniil  Kvyat ,-0.07349970936775208
2030,Daniil  Kvyat ,-0.07349970936775208
1958,Danny  Sullivan ,0.11337797343730927
1959,Danny  Sullivan ,0.11133353412151337
1960,Danny  Sullivan ,0.11173143982887268
1961,Danny  Sullivan ,0.11315037310123444
1962,Danny  Sullivan ,0.11506253480911255
1963,Danny  Sullivan ,0.11704656481742859
1964,Danny  Sullivan ,0.11883285641670227
1965,Danny  Sullivan ,0.12030462920665741
1966,Danny  Sullivan ,0.12144795060157776
1967,Danny  Sullivan ,0.12230104207992554
1968,Danny  Sullivan ,0.12292023003101349
1969,Danny  Sullivan ,0.12336181104183197
1970,Danny  Sullivan ,0.12367402017116547
1971,Danny  Sullivan ,0.12389488518238068
1972,Danny  Sullivan ,0.1240522563457489
1973,Danny  Sullivan ,0.12416456639766693
1974,Danny  Sullivan ,0.12424084544181824
1975,Danny  Sullivan ,0.12427836656570435
1976,Danny  Sullivan ,0.12425726652145386
1977,Danny  Sullivan ,0.12413108348846436
1978,Danny  Sullivan ,0.12381917238235474
1979,Danny  Sullivan ,0.12322959303855896
1980,Danny  Sullivan ,0.1224164068698883
1981,Danny  Sullivan ,0.12206068634986877
1982,Danny  Sullivan ,0.1260738968849182
1983,Danny  Sullivan ,0.13856838643550873
1984,Danny  Sullivan ,0.12417557835578918
1985,Danny  Sullivan ,0.1222521960735321
1986,Danny  Sullivan ,0.12353312969207764
1987,Danny  Sullivan ,0.12455904483795166
1988,Danny  Sullivan ,0.12497568130493164
1989,Danny  Sullivan ,0.12500618398189545
1990,Danny  Sullivan ,0.12487708032131195
1991,Danny  Sullivan ,0.12471580505371094
1992,Danny  Sullivan ,0.12457580864429474
1993,Danny  Sullivan ,0.1244719922542572
1994,Danny  Sullivan ,0.12440307438373566
1995,Danny  Sullivan ,0.12436290085315704
1996,Danny  Sullivan ,0.1243450790643692
1997,Danny  Sullivan ,0.12434452772140503
1998,Danny  Sullivan ,0.12435787916183472
1999,Danny  Sullivan ,0.12438316643238068
2000,Danny  Sullivan ,0.12441962957382202
2001,Danny  Sullivan ,0.12446753680706024
2002,Danny  Sullivan ,0.12452800571918488
2003,Danny  Sullivan ,0.12460294365882874
2004,Danny  Sullivan ,0.12469504773616791
2005,Danny  Sullivan ,0.12480776011943817
2006,Danny  Sullivan ,0.12494547665119171
2007,Danny  Sullivan ,0.12511366605758667
2008,Danny  Sullivan ,0.12531894445419312
2009,Danny  Sullivan ,0.12556907534599304
2010,Danny  Sullivan ,0.12587299942970276
2011,Danny  Sullivan ,0.12624028325080872
2012,Danny  Sullivan ,0.12667980790138245
2013,Danny  Sullivan ,0.12719720602035522
2014,Danny  Sullivan ,0.1277894377708435
2015,Danny  Sullivan ,0.12843531370162964
2016,Danny  Sullivan ,0.12907952070236206
2017,Danny  Sullivan ,0.1296088695526123
2018,Danny  Sullivan ,0.1298215091228485
2019,Danny  Sullivan ,0.12939642369747162
2020,Danny  Sullivan ,0.12786979973316193
2021,Danny  Sullivan ,0.12457975745201111
2022,Danny  Sullivan ,0.11832524836063385
2023,Danny  Sullivan ,0.10611218214035034
2024,Danny  Sullivan ,0.08146986365318298
2025,Danny  Sullivan ,0.039903052151203156
2026,Danny  Sullivan ,-0.06969387829303741
2027,Danny  Sullivan ,-0.07349970936775208
2028,Danny  Sullivan ,-0.07349970936775208
2029,Danny  Sullivan ,-0.07349970936775208
2030,Danny  Sullivan ,-0.07349970936775208
1958,David  Coulthard ,0.11337760090827942
1959,David  Coulthard ,0.1113327294588089
1960,David  Coulthard ,0.11173021793365479
1961,David  Coulthard ,0.11314864456653595
1962,David  Coulthard ,0.11506018042564392
1963,David  Coulthard ,0.11704342067241669
1964,David  Coulthard ,0.11882860958576202
1965,David  Coulthard ,0.12029893696308136
1966,David  Coulthard ,0.1214403510093689
1967,David  Coulthard ,0.12229093909263611
1968,David  Coulthard ,0.12290690839290619
1969,David  Coulthard ,0.1233445405960083
1970,David  Coulthard ,0.1236521303653717
1971,David  Coulthard ,0.12386825680732727
1972,David  Coulthard ,0.12402200698852539
1973,David  Coulthard ,0.12413486838340759
1974,David  Coulthard ,0.12422241270542145
1975,David  Coulthard ,0.12429594993591309
1976,David  Coulthard ,0.12436375021934509
1977,David  Coulthard ,0.12443217635154724
1978,David  Coulthard ,0.12450625002384186
1979,David  Coulthard ,0.1245901882648468
1980,David  Coulthard ,0.12468788027763367
1981,David  Coulthard ,0.12480270862579346
1982,David  Coulthard ,0.1249375194311142
1983,David  Coulthard ,0.12509410083293915
1984,David  Coulthard ,0.1252717673778534
1985,David  Coulthard ,0.1254635602235794
1986,David  Coulthard ,0.12564784288406372
1987,David  Coulthard ,0.12576919794082642
1988,David  Coulthard ,0.12570230662822723
1989,David  Coulthard ,0.12520280480384827
1990,David  Coulthard ,0.12390884757041931
1991,David  Coulthard ,0.12166488170623779
1992,David  Coulthard ,0.12006612122058868
1993,David  Coulthard ,0.12503089010715485
1994,David  Coulthard ,0.2596791088581085
1995,David  Coulthard ,0.33848318457603455
1996,David  Coulthard ,0.25996437668800354
1997,David  Coulthard ,0.31253674626350403
1998,David  Coulthard ,0.33623623847961426
1999,David  Coulthard ,0.323896586894989
2000,David  Coulthard ,0.35224151611328125
2001,David  Coulthard ,0.36069655418395996
2002,David  Coulthard ,0.30787304043769836
2003,David  Coulthard ,0.2886714041233063
2004,David  Coulthard ,0.24012646079063416
2005,David  Coulthard ,0.20434150099754333
2006,David  Coulthard ,0.19406577944755554
2007,David  Coulthard ,0.23461535573005676
2008,David  Coulthard ,0.1744692623615265
2009,David  Coulthard ,0.13504180312156677
2010,David  Coulthard ,0.13152796030044556
2011,David  Coulthard ,0.13287176191806793
2012,David  Coulthard ,0.13338440656661987
2013,David  Coulthard ,0.13296976685523987
2014,David  Coulthard ,0.13226646184921265
2015,David  Coulthard ,0.13168492913246155
2016,David  Coulthard ,0.1313389241695404
2017,David  Coulthard ,0.1311349868774414
2018,David  Coulthard ,0.13083171844482422
2019,David  Coulthard ,0.13005518913269043
2020,David  Coulthard ,0.12829454243183136
2021,David  Coulthard ,0.12485137581825256
2022,David  Coulthard ,0.11849787831306458
2023,David  Coulthard ,0.10622133314609528
2024,David  Coulthard ,0.08153796195983887
2025,David  Coulthard ,0.039903052151203156
2026,David  Coulthard ,-0.06969387829303741
2027,David  Coulthard ,-0.07349970936775208
2028,David  Coulthard ,-0.07349970936775208
2029,David  Coulthard ,-0.07349970936775208
2030,David  Coulthard ,-0.07349970936775208
1958,David  Prophet ,0.11288192868232727
1959,David  Prophet ,0.11033590137958527
1960,David  Prophet ,0.10994482040405273
1961,David  Prophet ,0.11100435256958008
1962,David  Prophet ,0.11692239344120026
1963,David  Prophet ,0.1351509392261505
1964,David  Prophet ,0.11857464909553528
1965,David  Prophet ,0.11806666851043701
1966,David  Prophet ,0.12055552005767822
1967,David  Prophet ,0.12251672148704529
1968,David  Prophet ,0.12359479069709778
1969,David  Prophet ,0.12407617270946503
1970,David  Prophet ,0.1242479532957077
1971,David  Prophet ,0.12428396940231323
1972,David  Prophet ,0.12427066266536713
1973,David  Prophet ,0.1242453008890152
1974,David  Prophet ,0.1242217868566513
1975,David  Prophet ,0.12420386075973511
1976,David  Prophet ,0.12419155240058899
1977,David  Prophet ,0.12418374419212341
1978,David  Prophet ,0.12417924404144287
1979,David  Prophet ,0.12417696416378021
1980,David  Prophet ,0.12417623400688171
1981,David  Prophet ,0.12417647242546082
1982,David  Prophet ,0.12417745590209961
1983,David  Prophet ,0.12417896091938019
1984,David  Prophet ,0.12418095767498016
1985,David  Prophet ,0.12418338656425476
1986,David  Prophet ,0.12418633699417114
1987,David  Prophet ,0.12418991327285767
1988,David  Prophet ,0.1241941750049591
1989,David  Prophet ,0.12419930100440979
1990,David  Prophet ,0.12420549988746643
1991,David  Prophet ,0.12421298027038574
1992,David  Prophet ,0.1242220401763916
1993,David  Prophet ,0.12423300743103027
1994,David  Prophet ,0.1242462694644928
1995,David  Prophet ,0.12426236271858215
1996,David  Prophet ,0.1242818534374237
1997,David  Prophet ,0.12430548667907715
1998,David  Prophet ,0.12433421611785889
1999,David  Prophet ,0.1243690550327301
2000,David  Prophet ,0.12441134452819824
2001,David  Prophet ,0.12446281313896179
2002,David  Prophet ,0.12452536821365356
2003,David  Prophet ,0.12460151314735413
2004,David  Prophet ,0.12469428777694702
2005,David  Prophet ,0.12480737268924713
2006,David  Prophet ,0.12494531273841858
2007,David  Prophet ,0.1251136213541031
2008,David  Prophet ,0.12531894445419312
2009,David  Prophet ,0.12556907534599304
2010,David  Prophet ,0.12587302923202515
2011,David  Prophet ,0.12624028325080872
2012,David  Prophet ,0.12667980790138245
2013,David  Prophet ,0.12719720602035522
2014,David  Prophet ,0.1277894377708435
2015,David  Prophet ,0.12843531370162964
2016,David  Prophet ,0.12907952070236206
2017,David  Prophet ,0.1296088695526123
2018,David  Prophet ,0.1298215091228485
2019,David  Prophet ,0.12939642369747162
2020,David  Prophet ,0.12786979973316193
2021,David  Prophet ,0.12457975745201111
2022,David  Prophet ,0.11832524836063385
2023,David  Prophet ,0.10611218214035034
2024,David  Prophet ,0.08146986365318298
2025,David  Prophet ,0.039903052151203156
2026,David  Prophet ,-0.06969387829303741
2027,David  Prophet ,-0.07349970936775208
2028,David  Prophet ,-0.07349970936775208
2029,David  Prophet ,-0.07349970936775208
2030,David  Prophet ,-0.07349970936775208
1958,Denny  Hulme ,0.11365005373954773
1959,Denny  Hulme ,0.11195826530456543
1960,Denny  Hulme ,0.11207379400730133
1961,Denny  Hulme ,0.11242380738258362
1962,Denny  Hulme ,0.11232122778892517
1963,Denny  Hulme ,0.11239621043205261
1964,Denny  Hulme ,0.11807695031166077
1965,Denny  Hulme ,0.19391092658042908
1966,Denny  Hulme ,0.2931462228298187
1967,Denny  Hulme ,0.348875492811203
1968,Denny  Hulme ,0.3056870996952057
1969,Denny  Hulme ,0.25935402512550354
1970,Denny  Hulme ,0.2837911546230316
1971,Denny  Hulme ,0.222169429063797
1972,Denny  Hulme ,0.31671494245529175
1973,Denny  Hulme ,0.29071635007858276
1974,Denny  Hulme ,0.27785179018974304
1975,Denny  Hulme ,0.1264820098876953
1976,Denny  Hulme ,0.12343853712081909
1977,Denny  Hulme ,0.12702202796936035
1978,Denny  Hulme ,0.12944257259368896
1979,Denny  Hulme ,0.12973186373710632
1980,Denny  Hulme ,0.12892772257328033
1981,Denny  Hulme ,0.1278229057788849
1982,Denny  Hulme ,0.12680377066135406
1983,Denny  Hulme ,0.12599614262580872
1984,Denny  Hulme ,0.12540464103221893
1985,Denny  Hulme ,0.12499146163463593
1986,Denny  Hulme ,0.12471193075180054
1987,Denny  Hulme ,0.12452751398086548
1988,Denny  Hulme ,0.12440870702266693
1989,Denny  Hulme ,0.12433433532714844
1990,Denny  Hulme ,0.12428972125053406
1991,Denny  Hulme ,0.12426513433456421
1992,Denny  Hulme ,0.12425409257411957
1993,Denny  Hulme ,0.1242525577545166
1994,Denny  Hulme ,0.1242581456899643
1995,Denny  Hulme ,0.12426957488059998
1996,Denny  Hulme ,0.12428620457649231
1997,Denny  Hulme ,0.12430810928344727
1998,Denny  Hulme ,0.12433576583862305
1999,Denny  Hulme ,0.12436997890472412
2000,Denny  Hulme ,0.124411940574646
2001,Denny  Hulme ,0.12446314096450806
2002,Denny  Hulme ,0.12452554702758789
2003,Denny  Hulme ,0.12460164725780487
2004,Denny  Hulme ,0.12469436228275299
2005,Denny  Hulme ,0.12480741739273071
2006,Denny  Hulme ,0.12494534254074097
2007,Denny  Hulme ,0.12511363625526428
2008,Denny  Hulme ,0.12531894445419312
2009,Denny  Hulme ,0.12556910514831543
2010,Denny  Hulme ,0.12587302923202515
2011,Denny  Hulme ,0.1262402981519699
2012,Denny  Hulme ,0.12667980790138245
2013,Denny  Hulme ,0.12719720602035522
2014,Denny  Hulme ,0.1277894377708435
2015,Denny  Hulme ,0.12843531370162964
2016,Denny  Hulme ,0.12907952070236206
2017,Denny  Hulme ,0.1296088695526123
2018,Denny  Hulme ,0.1298215091228485
2019,Denny  Hulme ,0.12939642369747162
2020,Denny  Hulme ,0.12786978483200073
2021,Denny  Hulme ,0.12457975745201111
2022,Denny  Hulme ,0.11832526326179504
2023,Denny  Hulme ,0.10611218214035034
2024,Denny  Hulme ,0.08146984875202179
2025,Denny  Hulme ,0.039903052151203156
2026,Denny  Hulme ,-0.06969387829303741
2027,Denny  Hulme ,-0.07349970936775208
2028,Denny  Hulme ,-0.07349970936775208
2029,Denny  Hulme ,-0.07349970936775208
2030,Denny  Hulme ,-0.07349970936775208
1958,Derek  Bell ,0.11343491077423096
1959,Derek  Bell ,0.11143997311592102
1960,Derek  Bell ,0.11187303066253662
1961,Derek  Bell ,0.11331787705421448
1962,Derek  Bell ,0.11523780226707458
1963,Derek  Bell ,0.11718776822090149
1964,Derek  Bell ,0.11885339021682739
1965,Derek  Bell ,0.12004676461219788
1966,Derek  Bell ,0.12067314982414246
1967,Derek  Bell ,0.12079112231731415
1968,Derek  Bell ,0.1207934319972992
1969,Derek  Bell ,0.12370878458023071
1970,Derek  Bell ,0.10141664743423462
1971,Derek  Bell ,0.12164822220802307
1972,Derek  Bell ,0.12229856848716736
1973,Derek  Bell ,0.12405313551425934
1974,Derek  Bell ,0.12487372756004333
1975,Derek  Bell ,0.1250767856836319
1976,Derek  Bell ,0.12498320639133453
1977,Derek  Bell ,0.12479959428310394
1978,Derek  Bell ,0.12462049722671509
1979,Derek  Bell ,0.12447747588157654
1980,Derek  Bell ,0.12437377870082855
1981,Derek  Bell ,0.12430283427238464
1982,Derek  Bell ,0.12425640225410461
1983,Derek  Bell ,0.12422719597816467
1984,Derek  Bell ,0.12420976161956787
1985,Derek  Bell ,0.12420019507408142
1986,Derek  Bell ,0.12419585883617401
1987,Derek  Bell ,0.12419509887695312
1988,Derek  Bell ,0.12419688701629639
1989,Derek  Bell ,0.12420064210891724
1990,Derek  Bell ,0.1242060661315918
1991,Derek  Bell ,0.12421318888664246
1992,Derek  Bell ,0.1242220550775528
1993,Derek  Bell ,0.1242329329252243
1994,Derek  Bell ,0.12424618005752563
1995,Derek  Bell ,0.12426227331161499
1996,Derek  Bell ,0.12428179383277893
1997,Derek  Bell ,0.12430544197559357
1998,Derek  Bell ,0.1243341714143753
1999,Derek  Bell ,0.12436902523040771
2000,Derek  Bell ,0.12441135942935944
2001,Derek  Bell ,0.12446281313896179
2002,Derek  Bell ,0.12452533841133118
2003,Derek  Bell ,0.12460149824619293
2004,Derek  Bell ,0.12469427287578583
2005,Derek  Bell ,0.12480735778808594
2006,Derek  Bell ,0.12494531273841858
2007,Derek  Bell ,0.1251136064529419
2008,Derek  Bell ,0.12531894445419312
2009,Derek  Bell ,0.12556907534599304
2010,Derek  Bell ,0.12587301433086395
2011,Derek  Bell ,0.1262402981519699
2012,Derek  Bell ,0.12667980790138245
2013,Derek  Bell ,0.12719720602035522
2014,Derek  Bell ,0.1277894377708435
2015,Derek  Bell ,0.12843531370162964
2016,Derek  Bell ,0.12907952070236206
2017,Derek  Bell ,0.1296088546514511
2018,Derek  Bell ,0.1298215091228485
2019,Derek  Bell ,0.12939642369747162
2020,Derek  Bell ,0.12786979973316193
2021,Derek  Bell ,0.12457975745201111
2022,Derek  Bell ,0.11832524836063385
2023,Derek  Bell ,0.10611218214035034
2024,Derek  Bell ,0.08146986365318298
2025,Derek  Bell ,0.039903052151203156
2026,Derek  Bell ,-0.06969387829303741
2027,Derek  Bell ,-0.07349970936775208
2028,Derek  Bell ,-0.07349970936775208
2029,Derek  Bell ,-0.07349970936775208
2030,Derek  Bell ,-0.07349970936775208
1958,Derek  Daly ,0.11338986456394196
1959,Derek  Daly ,0.11136472225189209
1960,Derek  Daly ,0.11177779734134674
1961,Derek  Daly ,0.11321267485618591
1962,Derek  Daly ,0.11514335870742798
1963,Derek  Daly ,0.11714960634708405
1964,Derek  Daly ,0.11896248161792755
1965,Derek  Daly ,0.12046602368354797
1966,Derek  Daly ,0.12164649367332458
1967,Derek  Daly ,0.12254148721694946
1968,Derek  Daly ,0.12320484220981598
1969,Derek  Daly ,0.123686283826828
1970,Derek  Daly ,0.12401929497718811
1971,Derek  Daly ,0.1242116242647171
1972,Derek  Daly ,0.1242341697216034
1973,Derek  Daly ,0.12401017546653748
1974,Derek  Daly ,0.12342581152915955
1975,Derek  Daly ,0.12244485318660736
1976,Derek  Daly ,0.12141504883766174
1977,Derek  Daly ,0.12363749742507935
1978,Derek  Daly ,0.11056721210479736
1979,Derek  Daly ,0.125290647149086
1980,Derek  Daly ,0.20725780725479126
1981,Derek  Daly ,0.13169832527637482
1982,Derek  Daly ,0.19957152009010315
1983,Derek  Daly ,0.12652921676635742
1984,Derek  Daly ,0.12223048508167267
1985,Derek  Daly ,0.12369212508201599
1986,Derek  Daly ,0.12524566054344177
1987,Derek  Daly ,0.12584617733955383
1988,Derek  Daly ,0.12581610679626465
1989,Derek  Daly ,0.12552765011787415
1990,Derek  Daly ,0.12519598007202148
1991,Derek  Daly ,0.12491106986999512
1992,Derek  Daly ,0.12469616532325745
1993,Derek  Daly ,0.12454661726951599
1994,Derek  Daly ,0.12444959580898285
1995,Derek  Daly ,0.12439200282096863
1996,Derek  Daly ,0.12436334788799286
1997,Derek  Daly ,0.12435603141784668
1998,Derek  Daly ,0.1243651807308197
1999,Derek  Daly ,0.12438780069351196
2000,Derek  Daly ,0.1244225949048996
2001,Derek  Daly ,0.12446942925453186
2002,Derek  Daly ,0.12452925741672516
2003,Derek  Daly ,0.1246037483215332
2004,Derek  Daly ,0.12469556927680969
2005,Derek  Daly ,0.12480807304382324
2006,Derek  Daly ,0.12494570016860962
2007,Derek  Daly ,0.1251138299703598
2008,Derek  Daly ,0.12531904876232147
2009,Derek  Daly ,0.125569149851799
2010,Derek  Daly ,0.12587304413318634
2011,Derek  Daly ,0.1262403130531311
2012,Derek  Daly ,0.12667980790138245
2013,Derek  Daly ,0.12719719111919403
2014,Derek  Daly ,0.1277894526720047
2015,Derek  Daly ,0.12843531370162964
2016,Derek  Daly ,0.12907952070236206
2017,Derek  Daly ,0.1296088695526123
2018,Derek  Daly ,0.1298215091228485
2019,Derek  Daly ,0.12939642369747162
2020,Derek  Daly ,0.12786978483200073
2021,Derek  Daly ,0.12457975745201111
2022,Derek  Daly ,0.11832524836063385
2023,Derek  Daly ,0.10611218214035034
2024,Derek  Daly ,0.08146986365318298
2025,Derek  Daly ,0.039903052151203156
2026,Derek  Daly ,-0.06969387829303741
2027,Derek  Daly ,-0.07349970936775208
2028,Derek  Daly ,-0.07349970936775208
2029,Derek  Daly ,-0.07349970936775208
2030,Derek  Daly ,-0.07349970936775208
1958,Derek  Warwick ,0.11338560283184052
1959,Derek  Warwick ,0.11135536432266235
1960,Derek  Warwick ,0.11176407337188721
1961,Derek  Warwick ,0.11319397389888763
1962,Derek  Warwick ,0.11511868238449097
1963,Derek  Warwick ,0.11711752414703369
1964,Derek  Warwick ,0.11892157793045044
1965,Derek  Warwick ,0.12041480839252472
1966,Derek  Warwick ,0.12158405780792236
1967,Derek  Warwick ,0.12246862053871155
1968,Derek  Warwick ,0.12312597036361694
1969,Derek  Warwick ,0.12361377477645874
1970,Derek  Warwick ,0.123981773853302
1971,Derek  Warwick ,0.12426939606666565
1972,Derek  Warwick ,0.12450584769248962
1973,Derek  Warwick ,0.12470988929271698
1974,Derek  Warwick ,0.12488885223865509
1975,Derek  Warwick ,0.12503312528133392
1976,Derek  Warwick ,0.12510398030281067
1977,Derek  Warwick ,0.12501105666160583
1978,Derek  Warwick ,0.12458491325378418
1979,Derek  Warwick ,0.12358987331390381
1980,Derek  Warwick ,0.12195828557014465
1981,Derek  Warwick ,0.12073442339897156
1982,Derek  Warwick ,0.12574440240859985
1983,Derek  Warwick ,0.16874779760837555
1984,Derek  Warwick ,0.26293712854385376
1985,Derek  Warwick ,0.17738142609596252
1986,Derek  Warwick ,0.12087327241897583
1987,Derek  Warwick ,0.14563405513763428
1988,Derek  Warwick ,0.24432846903800964
1989,Derek  Warwick ,0.22193890810012817
1990,Derek  Warwick ,0.1729663908481598
1991,Derek  Warwick ,0.12491749227046967
1992,Derek  Warwick ,0.12696576118469238
1993,Derek  Warwick ,0.1547098457813263
1994,Derek  Warwick ,0.13095274567604065
1995,Derek  Warwick ,0.127447247505188
1996,Derek  Warwick ,0.1273803412914276
1997,Derek  Warwick ,0.12734781205654144
1998,Derek  Warwick ,0.12696263194084167
1999,Derek  Warwick ,0.12642088532447815
2000,Derek  Warwick ,0.1259058713912964
2001,Derek  Warwick ,0.12550097703933716
2002,Derek  Warwick ,0.12522272765636444
2003,Derek  Warwick ,0.12505842745304108
2004,Derek  Warwick ,0.12498778104782104
2005,Derek  Warwick ,0.12499275803565979
2006,Derek  Warwick ,0.12506067752838135
2007,Derek  Warwick ,0.12518441677093506
2008,Derek  Warwick ,0.12536178529262543
2009,Derek  Warwick ,0.12559469044208527
2010,Derek  Warwick ,0.12588810920715332
2011,Derek  Warwick ,0.1262490302324295
2012,Derek  Warwick ,0.12668481469154358
2013,Derek  Warwick ,0.12720000743865967
2014,Derek  Warwick ,0.12779098749160767
2015,Derek  Warwick ,0.1284361481666565
2016,Derek  Warwick ,0.12907996773719788
2017,Derek  Warwick ,0.12960906326770782
2018,Derek  Warwick ,0.12982161343097687
2019,Derek  Warwick ,0.1293964684009552
2020,Derek  Warwick ,0.12786978483200073
2021,Derek  Warwick ,0.12457975745201111
2022,Derek  Warwick ,0.11832524836063385
2023,Derek  Warwick ,0.10611216723918915
2024,Derek  Warwick ,0.0814698338508606
2025,Derek  Warwick ,0.039903052151203156
2026,Derek  Warwick ,-0.06969387829303741
2027,Derek  Warwick ,-0.07349970936775208
2028,Derek  Warwick ,-0.07349970936775208
2029,Derek  Warwick ,-0.07349970936775208
2030,Derek  Warwick ,-0.07349970936775208
1958,Didier  Pironi ,0.11340159177780151
1959,Didier  Pironi ,0.11139652132987976
1960,Didier  Pironi ,0.11182507872581482
1961,Didier  Pironi ,0.11327573657035828
1962,Didier  Pironi ,0.11522440612316132
1963,Didier  Pironi ,0.1172516942024231
1964,Didier  Pironi ,0.11908939480781555
1965,Didier  Pironi ,0.12062187492847443
1966,Didier  Pironi ,0.12183576822280884
1967,Didier  Pironi ,0.12276871502399445
1968,Didier  Pironi ,0.12347382307052612
1969,Didier  Pironi ,0.12399826943874359
1970,Didier  Pironi ,0.12436847388744354
1971,Didier  Pironi ,0.12457393109798431
1972,Didier  Pironi ,0.12454190850257874
1973,Didier  Pironi ,0.12410452961921692
1974,Didier  Pironi ,0.12299628555774689
1975,Didier  Pironi ,0.1210518479347229
1976,Didier  Pironi ,0.11907264590263367
1977,Didier  Pironi ,0.12247246503829956
1978,Didier  Pironi ,0.1638099104166031
1979,Didier  Pironi ,0.21544840931892395
1980,Didier  Pironi ,0.29207274317741394
1981,Didier  Pironi ,0.19495712220668793
1982,Didier  Pironi ,0.3259415328502655
1983,Didier  Pironi ,0.1267579197883606
1984,Didier  Pironi ,0.12057501077651978
1985,Didier  Pironi ,0.12361037731170654
1986,Didier  Pironi ,0.12666982412338257
1987,Didier  Pironi ,0.12773936986923218
1988,Didier  Pironi ,0.1275806576013565
1989,Didier  Pironi ,0.12694375216960907
1990,Didier  Pironi ,0.12624526023864746
1991,Didier  Pironi ,0.12565237283706665
1992,Didier  Pironi ,0.12520408630371094
1993,Didier  Pironi ,0.12488742172718048
1994,Didier  Pironi ,0.1246747076511383
1995,Didier  Pironi ,0.12453889846801758
1996,Didier  Pironi ,0.1244582086801529
1997,Didier  Pironi ,0.12441675364971161
1998,Didier  Pironi ,0.12440371513366699
1999,Didier  Pironi ,0.12441214919090271
2000,Didier  Pironi ,0.12443780899047852
2001,Didier  Pironi ,0.12447896599769592
2002,Didier  Pironi ,0.12453517317771912
2003,Didier  Pironi ,0.12460742890834808
2004,Didier  Pironi ,0.12469783425331116
2005,Didier  Pironi ,0.12480948865413666
2006,Didier  Pironi ,0.12494659423828125
2007,Didier  Pironi ,0.12511438131332397
2008,Didier  Pironi ,0.12531937658786774
2009,Didier  Pironi ,0.12556937336921692
2010,Didier  Pironi ,0.12587317824363708
2011,Didier  Pironi ,0.12624040246009827
2012,Didier  Pironi ,0.12667986750602722
2013,Didier  Pironi ,0.1271972358226776
2014,Didier  Pironi ,0.1277894526720047
2015,Didier  Pironi ,0.12843534350395203
2016,Didier  Pironi ,0.12907952070236206
2017,Didier  Pironi ,0.1296088695526123
2018,Didier  Pironi ,0.1298215389251709
2019,Didier  Pironi ,0.12939642369747162
2020,Didier  Pironi ,0.12786978483200073
2021,Didier  Pironi ,0.12457975745201111
2022,Didier  Pironi ,0.11832524836063385
2023,Didier  Pironi ,0.10611218214035034
2024,Didier  Pironi ,0.08146984875202179
2025,Didier  Pironi ,0.039903052151203156
2026,Didier  Pironi ,-0.06969387829303741
2027,Didier  Pironi ,-0.07349970936775208
2028,Didier  Pironi ,-0.07349970936775208
2029,Didier  Pironi ,-0.07349970936775208
2030,Didier  Pironi ,-0.07349970936775208
1958,Don Branson ,0.11334465444087982
1959,Don Branson ,0.11264675855636597
1960,Don Branson ,0.06715895980596542
1961,Don Branson ,0.11211135983467102
1962,Don Branson ,0.11673161387443542
1963,Don Branson ,0.11916181445121765
1964,Don Branson ,0.12050998210906982
1965,Don Branson ,0.12145614624023438
1966,Don Branson ,0.12217918038368225
1967,Don Branson ,0.12273633480072021
1968,Don Branson ,0.12315653264522552
1969,Don Branson ,0.12346501648426056
1970,Don Branson ,0.1236860454082489
1971,Don Branson ,0.1238413155078888
1972,Don Branson ,0.12394878268241882
1973,Don Branson ,0.12402231991291046
1974,Don Branson ,0.12407223880290985
1975,Don Branson ,0.12410596013069153
1976,Don Branson ,0.12412865459918976
1977,Don Branson ,0.124144047498703
1978,Don Branson ,0.12415452301502228
1979,Don Branson ,0.12416183948516846
1980,Don Branson ,0.12416708469390869
1981,Don Branson ,0.12417101860046387
1982,Don Branson ,0.12417423725128174
1983,Don Branson ,0.12417711317539215
1984,Don Branson ,0.12417986989021301
1985,Don Branson ,0.124182790517807
1986,Don Branson ,0.12418600916862488
1987,Don Branson ,0.12418973445892334
1988,Don Branson ,0.12419408559799194
1989,Don Branson ,0.12419924139976501
1990,Don Branson ,0.12420545518398285
1991,Don Branson ,0.12421298027038574
1992,Don Branson ,0.12422202527523041
1993,Don Branson ,0.12423300743103027
1994,Don Branson ,0.1242462694644928
1995,Don Branson ,0.12426234781742096
1996,Don Branson ,0.1242818683385849
1997,Don Branson ,0.12430548667907715
1998,Don Branson ,0.12433421611785889
1999,Don Branson ,0.1243690550327301
2000,Don Branson ,0.12441134452819824
2001,Don Branson ,0.12446281313896179
2002,Don Branson ,0.12452536821365356
2003,Don Branson ,0.12460151314735413
2004,Don Branson ,0.12469428777694702
2005,Don Branson ,0.12480735778808594
2006,Don Branson ,0.12494529783725739
2007,Don Branson ,0.1251136213541031
2008,Don Branson ,0.12531894445419312
2009,Don Branson ,0.12556907534599304
2010,Don Branson ,0.12587302923202515
2011,Don Branson ,0.12624028325080872
2012,Don Branson ,0.12667980790138245
2013,Don Branson ,0.12719720602035522
2014,Don Branson ,0.1277894377708435
2015,Don Branson ,0.12843531370162964
2016,Don Branson ,0.12907952070236206
2017,Don Branson ,0.1296088695526123
2018,Don Branson ,0.1298215091228485
2019,Don Branson ,0.12939642369747162
2020,Don Branson ,0.12786978483200073
2021,Don Branson ,0.12457975745201111
2022,Don Branson ,0.11832524836063385
2023,Don Branson ,0.10611218214035034
2024,Don Branson ,0.08146986365318298
2025,Don Branson ,0.039903052151203156
2026,Don Branson ,-0.06969387829303741
2027,Don Branson ,-0.07349970936775208
2028,Don Branson ,-0.07349970936775208
2029,Don Branson ,-0.07349970936775208
2030,Don Branson ,-0.07349970936775208
1958,Doug  Serrurier ,0.11324264109134674
1959,Doug  Serrurier ,0.11113083362579346
1960,Doug  Serrurier ,0.11149847507476807
1961,Doug  Serrurier ,0.11310812830924988
1962,Doug  Serrurier ,0.11681365966796875
1963,Doug  Serrurier ,0.07321588695049286
1964,Doug  Serrurier ,0.11912848055362701
1965,Doug  Serrurier ,0.12218084931373596
1966,Doug  Serrurier ,0.12360930442810059
1967,Doug  Serrurier ,0.12397941946983337
1968,Doug  Serrurier ,0.12406480312347412
1969,Doug  Serrurier ,0.12407946586608887
1970,Doug  Serrurier ,0.12408588826656342
1971,Doug  Serrurier ,0.12409557402133942
1972,Doug  Serrurier ,0.1241077184677124
1973,Doug  Serrurier ,0.12412005662918091
1974,Doug  Serrurier ,0.12413129210472107
1975,Doug  Serrurier ,0.12414085865020752
1976,Doug  Serrurier ,0.12414875626564026
1977,Doug  Serrurier ,0.124155193567276
1978,Doug  Serrurier ,0.12416046857833862
1979,Doug  Serrurier ,0.12416476011276245
1980,Doug  Serrurier ,0.12416835129261017
1981,Doug  Serrurier ,0.1241714209318161
1982,Doug  Serrurier ,0.12417425215244293
1983,Doug  Serrurier ,0.12417694926261902
1984,Doug  Serrurier ,0.1241796612739563
1985,Doug  Serrurier ,0.12418258190155029
1986,Doug  Serrurier ,0.12418584525585175
1987,Doug  Serrurier ,0.1241895854473114
1988,Doug  Serrurier ,0.1241939514875412
1989,Doug  Serrurier ,0.12419918179512024
1990,Doug  Serrurier ,0.12420541048049927
1991,Doug  Serrurier ,0.12421293556690216
1992,Doug  Serrurier ,0.12422201037406921
1993,Doug  Serrurier ,0.12423297762870789
1994,Doug  Serrurier ,0.12424623966217041
1995,Doug  Serrurier ,0.12426234781742096
1996,Doug  Serrurier ,0.1242818534374237
1997,Doug  Serrurier ,0.12430548667907715
1998,Doug  Serrurier ,0.12433421611785889
1999,Doug  Serrurier ,0.1243690550327301
2000,Doug  Serrurier ,0.12441137433052063
2001,Doug  Serrurier ,0.12446282804012299
2002,Doug  Serrurier ,0.12452535331249237
2003,Doug  Serrurier ,0.12460151314735413
2004,Doug  Serrurier ,0.12469428777694702
2005,Doug  Serrurier ,0.12480737268924713
2006,Doug  Serrurier ,0.12494528293609619
2007,Doug  Serrurier ,0.1251136213541031
2008,Doug  Serrurier ,0.12531894445419312
2009,Doug  Serrurier ,0.12556907534599304
2010,Doug  Serrurier ,0.12587301433086395
2011,Doug  Serrurier ,0.1262402981519699
2012,Doug  Serrurier ,0.12667980790138245
2013,Doug  Serrurier ,0.12719719111919403
2014,Doug  Serrurier ,0.1277894526720047
2015,Doug  Serrurier ,0.12843531370162964
2016,Doug  Serrurier ,0.12907953560352325
2017,Doug  Serrurier ,0.1296088695526123
2018,Doug  Serrurier ,0.1298215091228485
2019,Doug  Serrurier ,0.12939642369747162
2020,Doug  Serrurier ,0.12786978483200073
2021,Doug  Serrurier ,0.12457975745201111
2022,Doug  Serrurier ,0.11832524836063385
2023,Doug  Serrurier ,0.10611218214035034
2024,Doug  Serrurier ,0.08146986365318298
2025,Doug  Serrurier ,0.039903052151203156
2026,Doug  Serrurier ,-0.06969387829303741
2027,Doug  Serrurier ,-0.07349970936775208
2028,Doug  Serrurier ,-0.07349970936775208
2029,Doug  Serrurier ,-0.07349970936775208
2030,Doug  Serrurier ,-0.07349970936775208
1958,Eddie  Irvine ,0.11337754130363464
1959,Eddie  Irvine ,0.11133258044719696
1960,Eddie  Irvine ,0.11173000931739807
1961,Eddie  Irvine ,0.11314834654331207
1962,Eddie  Irvine ,0.11505985260009766
1963,Eddie  Irvine ,0.11704294383525848
1964,Eddie  Irvine ,0.11882804334163666
1965,Eddie  Irvine ,0.12029826641082764
1966,Eddie  Irvine ,0.12143954634666443
1967,Eddie  Irvine ,0.12228995561599731
1968,Eddie  Irvine ,0.12290577590465546
1969,Eddie  Irvine ,0.12334319949150085
1970,Eddie  Irvine ,0.12365064024925232
1971,Eddie  Irvine ,0.12386655807495117
1972,Eddie  Irvine ,0.12402012944221497
1973,Eddie  Irvine ,0.12413290143013
1974,Eddie  Irvine ,0.12422049045562744
1975,Eddie  Irvine ,0.12429431080818176
1976,Eddie  Irvine ,0.1243627518415451
1977,Eddie  Irvine ,0.1244322806596756
1978,Eddie  Irvine ,0.12450820207595825
1979,Eddie  Irvine ,0.124595046043396
1980,Eddie  Irvine ,0.12469673156738281
1981,Eddie  Irvine ,0.12481653690338135
1982,Eddie  Irvine ,0.12495644390583038
1983,Eddie  Irvine ,0.12511572241783142
1984,Eddie  Irvine ,0.12528768181800842
1985,Eddie  Irvine ,0.12545347213745117
1986,Eddie  Irvine ,0.12557043135166168
1987,Eddie  Irvine ,0.12555336952209473
1988,Eddie  Irvine ,0.1252530813217163
1989,Eddie  Irvine ,0.12446409463882446
1990,Eddie  Irvine ,0.12307944893836975
1991,Eddie  Irvine ,0.12157967686653137
1992,Eddie  Irvine ,0.12422695755958557
1993,Eddie  Irvine ,0.10966289043426514
1994,Eddie  Irvine ,0.14975795149803162
1995,Eddie  Irvine ,0.19292356073856354
1996,Eddie  Irvine ,0.2309628427028656
1997,Eddie  Irvine ,0.27409201860427856
1998,Eddie  Irvine ,0.3284684419631958
1999,Eddie  Irvine ,0.3727733790874481
2000,Eddie  Irvine ,0.1761806309223175
2001,Eddie  Irvine ,0.18839937448501587
2002,Eddie  Irvine ,0.22589930891990662
2003,Eddie  Irvine ,0.13278646767139435
2004,Eddie  Irvine ,0.12851499021053314
2005,Eddie  Irvine ,0.12986189126968384
2006,Eddie  Irvine ,0.13074597716331482
2007,Eddie  Irvine ,0.13044330477714539
2008,Eddie  Irvine ,0.12960952520370483
2009,Eddie  Irvine ,0.12875662744045258
2010,Eddie  Irvine ,0.1281234472990036
2011,Eddie  Irvine ,0.12777620553970337
2012,Eddie  Irvine ,0.1277034878730774
2013,Eddie  Irvine ,0.12786754965782166
2014,Eddie  Irvine ,0.12822231650352478
2015,Eddie  Irvine ,0.12871165573596954
2016,Eddie  Irvine ,0.12925416231155396
2017,Eddie  Irvine ,0.12971824407577515
2018,Eddie  Irvine ,0.12988951802253723
2019,Eddie  Irvine ,0.12943841516971588
2020,Eddie  Irvine ,0.1278955638408661
2021,Eddie  Irvine ,0.12459555268287659
2022,Eddie  Irvine ,0.11833490431308746
2023,Eddie  Irvine ,0.1061180830001831
2024,Eddie  Irvine ,0.0814734548330307
2025,Eddie  Irvine ,0.039903052151203156
2026,Eddie  Irvine ,-0.06969387829303741
2027,Eddie  Irvine ,-0.07349970936775208
2028,Eddie  Irvine ,-0.07349970936775208
2029,Eddie  Irvine ,-0.07349970936775208
2030,Eddie  Irvine ,-0.07349970936775208
1958,Eddie  Johnson ,0.11309415102005005
1959,Eddie  Johnson ,0.10949227213859558
1960,Eddie  Johnson ,0.03314577043056488
1961,Eddie  Johnson ,0.10830757021903992
1962,Eddie  Johnson ,0.11653736233711243
1963,Eddie  Johnson ,0.11972412467002869
1964,Eddie  Johnson ,0.12094666063785553
1965,Eddie  Johnson ,0.1216738373041153
1966,Eddie  Johnson ,0.12225127220153809
1967,Eddie  Johnson ,0.12273648381233215
1968,Eddie  Johnson ,0.12312936782836914
1969,Eddie  Johnson ,0.12343235313892365
1970,Eddie  Johnson ,0.12365670502185822
1971,Eddie  Johnson ,0.12381786108016968
1972,Eddie  Johnson ,0.12393113970756531
1973,Eddie  Johnson ,0.12400949001312256
1974,Eddie  Johnson ,0.1240631639957428
1975,Eddie  Johnson ,0.12409964203834534
1976,Eddie  Johnson ,0.12412433326244354
1977,Eddie  Johnson ,0.12414111196994781
1978,Eddie  Johnson ,0.1241525411605835
1979,Eddie  Johnson ,0.1241605132818222
1980,Eddie  Johnson ,0.12416620552539825
1981,Eddie  Johnson ,0.12417043745517731
1982,Eddie  Johnson ,0.12417389452457428
1983,Eddie  Johnson ,0.12417684495449066
1984,Eddie  Johnson ,0.12417972087860107
1985,Eddie  Johnson ,0.12418267130851746
1986,Eddie  Johnson ,0.12418591976165771
1987,Eddie  Johnson ,0.12418968975543976
1988,Eddie  Johnson ,0.12419404089450836
1989,Eddie  Johnson ,0.12419924139976501
1990,Eddie  Johnson ,0.12420545518398285
1991,Eddie  Johnson ,0.12421296536922455
1992,Eddie  Johnson ,0.12422202527523041
1993,Eddie  Johnson ,0.12423299252986908
1994,Eddie  Johnson ,0.1242462545633316
1995,Eddie  Johnson ,0.12426234781742096
1996,Eddie  Johnson ,0.1242818534374237
1997,Eddie  Johnson ,0.12430548667907715
1998,Eddie  Johnson ,0.12433421611785889
1999,Eddie  Johnson ,0.1243690550327301
2000,Eddie  Johnson ,0.12441134452819824
2001,Eddie  Johnson ,0.12446281313896179
2002,Eddie  Johnson ,0.12452535331249237
2003,Eddie  Johnson ,0.12460151314735413
2004,Eddie  Johnson ,0.12469427287578583
2005,Eddie  Johnson ,0.12480735778808594
2006,Eddie  Johnson ,0.12494528293609619
2007,Eddie  Johnson ,0.1251136213541031
2008,Eddie  Johnson ,0.12531894445419312
2009,Eddie  Johnson ,0.12556907534599304
2010,Eddie  Johnson ,0.12587302923202515
2011,Eddie  Johnson ,0.1262402981519699
2012,Eddie  Johnson ,0.12667980790138245
2013,Eddie  Johnson ,0.12719720602035522
2014,Eddie  Johnson ,0.1277894675731659
2015,Eddie  Johnson ,0.12843531370162964
2016,Eddie  Johnson ,0.12907952070236206
2017,Eddie  Johnson ,0.1296088695526123
2018,Eddie  Johnson ,0.1298215091228485
2019,Eddie  Johnson ,0.12939642369747162
2020,Eddie  Johnson ,0.12786978483200073
2021,Eddie  Johnson ,0.1245797723531723
2022,Eddie  Johnson ,0.11832526326179504
2023,Eddie  Johnson ,0.10611218214035034
2024,Eddie  Johnson ,0.0814698338508606
2025,Eddie  Johnson ,0.039903052151203156
2026,Eddie  Johnson ,-0.06969387829303741
2027,Eddie  Johnson ,-0.07349970936775208
2028,Eddie  Johnson ,-0.07349970936775208
2029,Eddie  Johnson ,-0.07349970936775208
2030,Eddie  Johnson ,-0.07349970936775208
1958,Eddie Cheever ,0.1133897453546524
1959,Eddie Cheever ,0.11136651039123535
1960,Eddie Cheever ,0.11178065836429596
1961,Eddie Cheever ,0.11321623623371124
1962,Eddie Cheever ,0.11514754593372345
1963,Eddie Cheever ,0.1171543151140213
1964,Eddie Cheever ,0.1189679205417633
1965,Eddie Cheever ,0.12047263979911804
1966,Eddie Cheever ,0.12165564298629761
1967,Eddie Cheever ,0.1225564032793045
1968,Eddie Cheever ,0.1232323944568634
1969,Eddie Cheever ,0.12374071776866913
1970,Eddie Cheever ,0.12412960827350616
1971,Eddie Cheever ,0.124434694647789
1972,Eddie Cheever ,0.12467655539512634
1973,Eddie Cheever ,0.12485495209693909
1974,Eddie Cheever ,0.12493658065795898
1975,Eddie Cheever ,0.12483121454715729
1976,Eddie Cheever ,0.1243630051612854
1977,Eddie Cheever ,0.12328551709651947
1978,Eddie Cheever ,0.12153929471969604
1979,Eddie Cheever ,0.12033244967460632
1980,Eddie Cheever ,0.12547266483306885
1981,Eddie Cheever ,0.1985207498073578
1982,Eddie Cheever ,0.20141828060150146
1983,Eddie Cheever ,0.2698057293891907
1984,Eddie Cheever ,0.14917884767055511
1985,Eddie Cheever ,0.1162257194519043
1986,Eddie Cheever ,0.1203443855047226
1987,Eddie Cheever ,0.21202626824378967
1988,Eddie Cheever ,0.2079666554927826
1989,Eddie Cheever ,0.20879796147346497
1990,Eddie Cheever ,0.12783564627170563
1991,Eddie Cheever ,0.12346053123474121
1992,Eddie Cheever ,0.12548863887786865
1993,Eddie Cheever ,0.12711963057518005
1994,Eddie Cheever ,0.12746402621269226
1995,Eddie Cheever ,0.12707947194576263
1996,Eddie Cheever ,0.12646646797657013
1997,Eddie Cheever ,0.12588441371917725
1998,Eddie Cheever ,0.12542560696601868
1999,Eddie Cheever ,0.1251009702682495
2000,Eddie Cheever ,0.12489151954650879
2001,Eddie Cheever ,0.12477238476276398
2002,Eddie Cheever ,0.12472209334373474
2003,Eddie Cheever ,0.12472495436668396
2004,Eddie Cheever ,0.12477080523967743
2005,Eddie Cheever ,0.12485429644584656
2006,Eddie Cheever ,0.12497377395629883
2007,Eddie Cheever ,0.12513068318367004
2008,Eddie Cheever ,0.12532910704612732
2009,Eddie Cheever ,0.12557506561279297
2010,Eddie Cheever ,0.1258765161037445
2011,Eddie Cheever ,0.1262422800064087
2012,Eddie Cheever ,0.12668097019195557
2013,Eddie Cheever ,0.12719783186912537
2014,Eddie Cheever ,0.12778979539871216
2015,Eddie Cheever ,0.12843552231788635
2016,Eddie Cheever ,0.1290796399116516
2017,Eddie Cheever ,0.12960892915725708
2018,Eddie Cheever ,0.1298215538263321
2019,Eddie Cheever ,0.1293964385986328
2020,Eddie Cheever ,0.12786978483200073
2021,Eddie Cheever ,0.12457975745201111
2022,Eddie Cheever ,0.11832524836063385
2023,Eddie Cheever ,0.10611218214035034
2024,Eddie Cheever ,0.08146984875202179
2025,Eddie Cheever ,0.039903052151203156
2026,Eddie Cheever ,-0.06969387829303741
2027,Eddie Cheever ,-0.07349970936775208
2028,Eddie Cheever ,-0.07349970936775208
2029,Eddie Cheever ,-0.07349970936775208
2030,Eddie Cheever ,-0.07349970936775208
1958,Elio  de Angelis ,0.113400399684906
1959,Elio  de Angelis ,0.11139492690563202
1960,Elio  de Angelis ,0.1118229329586029
1961,Elio  de Angelis ,0.11327292025089264
1962,Elio  de Angelis ,0.11522084474563599
1963,Elio  de Angelis ,0.11724738776683807
1964,Elio  de Angelis ,0.11908462643623352
1965,Elio  de Angelis ,0.12061741948127747
1966,Elio  de Angelis ,0.12183336913585663
1967,Elio  de Angelis ,0.12277182936668396
1968,Elio  de Angelis ,0.12348926067352295
1969,Elio  de Angelis ,0.12403950095176697
1970,Elio  de Angelis ,0.12446269392967224
1971,Elio  de Angelis ,0.12477642297744751
1972,Elio  de Angelis ,0.12496250867843628
1973,Elio  de Angelis ,0.12494431436061859
1974,Elio  de Angelis ,0.12455719709396362
1975,Elio  de Angelis ,0.12355116009712219
1976,Elio  de Angelis ,0.12179146707057953
1977,Elio  de Angelis ,0.1200888454914093
1978,Elio  de Angelis ,0.12393665313720703
1979,Elio  de Angelis ,0.15211322903633118
1980,Elio  de Angelis ,0.25224608182907104
1981,Elio  de Angelis ,0.23959136009216309
1982,Elio  de Angelis ,0.2254575788974762
1983,Elio  de Angelis ,0.13742074370384216
1984,Elio  de Angelis ,0.3127674162387848
1985,Elio  de Angelis ,0.30344870686531067
1986,Elio  de Angelis ,0.12953102588653564
1987,Elio  de Angelis ,0.12270873785018921
1988,Elio  de Angelis ,0.1253121793270111
1989,Elio  de Angelis ,0.1278344988822937
1990,Elio  de Angelis ,0.12849920988082886
1991,Elio  de Angelis ,0.12806621193885803
1992,Elio  de Angelis ,0.1272544413805008
1993,Elio  de Angelis ,0.1264486312866211
1994,Elio  de Angelis ,0.1257922500371933
1995,Elio  de Angelis ,0.1253085732460022
1996,Elio  de Angelis ,0.12497463822364807
1997,Elio  de Angelis ,0.12475666403770447
1998,Elio  de Angelis ,0.12462407350540161
1999,Elio  de Angelis ,0.12455311417579651
2000,Elio  de Angelis ,0.12452706694602966
2001,Elio  de Angelis ,0.12453484535217285
2002,Elio  de Angelis ,0.12456981837749481
2003,Elio  de Angelis ,0.12462876737117767
2004,Elio  de Angelis ,0.12471085786819458
2005,Elio  de Angelis ,0.12481735646724701
2006,Elio  de Angelis ,0.1249513030052185
2007,Elio  de Angelis ,0.1251172125339508
2008,Elio  de Angelis ,0.12532107532024384
2009,Elio  de Angelis ,0.1255703568458557
2010,Elio  de Angelis ,0.12587377429008484
2011,Elio  de Angelis ,0.12624074518680573
2012,Elio  de Angelis ,0.12668007612228394
2013,Elio  de Angelis ,0.12719734013080597
2014,Elio  de Angelis ,0.12778955698013306
2015,Elio  de Angelis ,0.12843537330627441
2016,Elio  de Angelis ,0.12907955050468445
2017,Elio  de Angelis ,0.1296088844537735
2018,Elio  de Angelis ,0.1298215389251709
2019,Elio  de Angelis ,0.1293964385986328
2020,Elio  de Angelis ,0.12786978483200073
2021,Elio  de Angelis ,0.12457975745201111
2022,Elio  de Angelis ,0.11832526326179504
2023,Elio  de Angelis ,0.10611216723918915
2024,Elio  de Angelis ,0.0814698338508606
2025,Elio  de Angelis ,0.039903052151203156
2026,Elio  de Angelis ,-0.06969387829303741
2027,Elio  de Angelis ,-0.07349970936775208
2028,Elio  de Angelis ,-0.07349970936775208
2029,Elio  de Angelis ,-0.07349970936775208
2030,Elio  de Angelis ,-0.07349970936775208
1958,Eliseo  Salazar ,0.11338230967521667
1959,Eliseo  Salazar ,0.11134542524814606
1960,Eliseo  Salazar ,0.11174920201301575
1961,Eliseo  Salazar ,0.11317422986030579
1962,Eliseo  Salazar ,0.11509348452091217
1963,Eliseo  Salazar ,0.11708605289459229
1964,Eliseo  Salazar ,0.11888277530670166
1965,Eliseo  Salazar ,0.12036731839179993
1966,Eliseo  Salazar ,0.12152624130249023
1967,Eliseo  Salazar ,0.1223982721567154
1968,Eliseo  Salazar ,0.12304022908210754
1969,Eliseo  Salazar ,0.12350839376449585
1970,Eliseo  Salazar ,0.12385033071041107
1971,Eliseo  Salazar ,0.12410113215446472
1972,Eliseo  Salazar ,0.12428164482116699
1973,Eliseo  Salazar ,0.12439481914043427
1974,Eliseo  Salazar ,0.12441849708557129
1975,Eliseo  Salazar ,0.12429353594779968
1976,Eliseo  Salazar ,0.12391538918018341
1977,Eliseo  Salazar ,0.12316204607486725
1978,Eliseo  Salazar ,0.12207931280136108
1979,Eliseo  Salazar ,0.12141488492488861
1980,Eliseo  Salazar ,0.12569011747837067
1981,Eliseo  Salazar ,0.1305781602859497
1982,Eliseo  Salazar ,0.09289988875389099
1983,Eliseo  Salazar ,0.12184897065162659
1984,Eliseo  Salazar ,0.12320098280906677
1985,Eliseo  Salazar ,0.12539441883563995
1986,Eliseo  Salazar ,0.1261492222547531
1987,Eliseo  Salazar ,0.1261029839515686
1988,Eliseo  Salazar ,0.1257404237985611
1989,Eliseo  Salazar ,0.12533365190029144
1990,Eliseo  Salazar ,0.12499064207077026
1991,Eliseo  Salazar ,0.12473580241203308
1992,Eliseo  Salazar ,0.12456046044826508
1993,Eliseo  Salazar ,0.1244470626115799
1994,Eliseo  Salazar ,0.12437888979911804
1995,Eliseo  Salazar ,0.1243429034948349
1996,Eliseo  Salazar ,0.12432976067066193
1997,Eliseo  Salazar ,0.12433332204818726
1998,Eliseo  Salazar ,0.12434998154640198
1999,Eliseo  Salazar ,0.12437765300273895
2000,Eliseo  Salazar ,0.12441588938236237
2001,Eliseo  Salazar ,0.12446506321430206
2002,Eliseo  Salazar ,0.12452635169029236
2003,Eliseo  Salazar ,0.12460187077522278
2004,Eliseo  Salazar ,0.1246943324804306
2005,Eliseo  Salazar ,0.12480726838111877
2006,Eliseo  Salazar ,0.12494517862796783
2007,Eliseo  Salazar ,0.12511348724365234
2008,Eliseo  Salazar ,0.12531882524490356
2009,Eliseo  Salazar ,0.12556901574134827
2010,Eliseo  Salazar ,0.12587295472621918
2011,Eliseo  Salazar ,0.12624025344848633
2012,Eliseo  Salazar ,0.12667977809906006
2013,Eliseo  Salazar ,0.12719717621803284
2014,Eliseo  Salazar ,0.1277894377708435
2015,Eliseo  Salazar ,0.12843531370162964
2016,Eliseo  Salazar ,0.12907952070236206
2017,Eliseo  Salazar ,0.1296088695526123
2018,Eliseo  Salazar ,0.1298215240240097
2019,Eliseo  Salazar ,0.12939640879631042
2020,Eliseo  Salazar ,0.12786978483200073
2021,Eliseo  Salazar ,0.12457975745201111
2022,Eliseo  Salazar ,0.11832526326179504
2023,Eliseo  Salazar ,0.10611215233802795
2024,Eliseo  Salazar ,0.08146986365318298
2025,Eliseo  Salazar ,0.039903052151203156
2026,Eliseo  Salazar ,-0.06969387829303741
2027,Eliseo  Salazar ,-0.07349970936775208
2028,Eliseo  Salazar ,-0.07349970936775208
2029,Eliseo  Salazar ,-0.07349970936775208
2030,Eliseo  Salazar ,-0.07349970936775208
1958,Emanuele  Pirro ,0.11337690055370331
1959,Emanuele  Pirro ,0.11133068799972534
1960,Emanuele  Pirro ,0.11172719299793243
1961,Emanuele  Pirro ,0.11314462125301361
1962,Emanuele  Pirro ,0.11505506932735443
1963,Emanuele  Pirro ,0.11703696846961975
1964,Emanuele  Pirro ,0.11882062256336212
1965,Emanuele  Pirro ,0.120289146900177
1966,Emanuele  Pirro ,0.12142843008041382
1967,Emanuele  Pirro ,0.12227651476860046
1968,Emanuele  Pirro ,0.12288957834243774
1969,Emanuele  Pirro ,0.12332378327846527
1970,Emanuele  Pirro ,0.12362739443778992
1971,Emanuele  Pirro ,0.12383881211280823
1972,Emanuele  Pirro ,0.12398713827133179
1973,Emanuele  Pirro ,0.1240936815738678
1974,Emanuele  Pirro ,0.12417382001876831
1975,Emanuele  Pirro ,0.12423858046531677
1976,Emanuele  Pirro ,0.12429565191268921
1977,Emanuele  Pirro ,0.1243501752614975
1978,Emanuele  Pirro ,0.12440511584281921
1979,Emanuele  Pirro ,0.12446030974388123
1980,Emanuele  Pirro ,0.12451086938381195
1981,Emanuele  Pirro ,0.12454287707805634
1982,Emanuele  Pirro ,0.12452517449855804
1983,Emanuele  Pirro ,0.12439683079719543
1984,Emanuele  Pirro ,0.12405344843864441
1985,Emanuele  Pirro ,0.12335605919361115
1986,Emanuele  Pirro ,0.12225006520748138
1987,Emanuele  Pirro ,0.12106350064277649
1988,Emanuele  Pirro ,0.12322837114334106
1989,Emanuele  Pirro ,0.10429851710796356
1990,Emanuele  Pirro ,0.12325499951839447
1991,Emanuele  Pirro ,0.1318695992231369
1992,Emanuele  Pirro ,0.12482789158821106
1993,Emanuele  Pirro ,0.1236686110496521
1994,Emanuele  Pirro ,0.1249886006116867
1995,Emanuele  Pirro ,0.12573957443237305
1996,Emanuele  Pirro ,0.12585501372814178
1997,Emanuele  Pirro ,0.12564612925052643
1998,Emanuele  Pirro ,0.1253531128168106
1999,Emanuele  Pirro ,0.12509238719940186
2000,Emanuele  Pirro ,0.12490245699882507
2001,Emanuele  Pirro ,0.12478581070899963
2002,Emanuele  Pirro ,0.1247326135635376
2003,Emanuele  Pirro ,0.12473174929618835
2004,Emanuele  Pirro ,0.12477456033229828
2005,Emanuele  Pirro ,0.12485593557357788
2006,Emanuele  Pirro ,0.12497411668300629
2007,Emanuele  Pirro ,0.12513035535812378
2008,Emanuele  Pirro ,0.1253284513950348
2009,Emanuele  Pirro ,0.12557432055473328
2010,Emanuele  Pirro ,0.1258758008480072
2011,Emanuele  Pirro ,0.12624169886112213
2012,Emanuele  Pirro ,0.12668046355247498
2013,Emanuele  Pirro ,0.1271974891424179
2014,Emanuele  Pirro ,0.12778952717781067
2015,Emanuele  Pirro ,0.12843531370162964
2016,Emanuele  Pirro ,0.12907949090003967
2017,Emanuele  Pirro ,0.12960880994796753
2018,Emanuele  Pirro ,0.12982146441936493
2019,Emanuele  Pirro ,0.12939639389514923
2020,Emanuele  Pirro ,0.12786974012851715
2021,Emanuele  Pirro ,0.12457974255084991
2022,Emanuele  Pirro ,0.11832524836063385
2023,Emanuele  Pirro ,0.10611215233802795
2024,Emanuele  Pirro ,0.0814698338508606
2025,Emanuele  Pirro ,0.039903052151203156
2026,Emanuele  Pirro ,-0.06969387829303741
2027,Emanuele  Pirro ,-0.07349970936775208
2028,Emanuele  Pirro ,-0.07349970936775208
2029,Emanuele  Pirro ,-0.07349970936775208
2030,Emanuele  Pirro ,-0.07349970936775208
1958,Emerson  Fittipaldi ,0.11360406875610352
1959,Emerson  Fittipaldi ,0.11186718940734863
1960,Emerson  Fittipaldi ,0.11248718202114105
1961,Emerson  Fittipaldi ,0.11410713195800781
1962,Emerson  Fittipaldi ,0.11619926989078522
1963,Emerson  Fittipaldi ,0.11829578876495361
1964,Emerson  Fittipaldi ,0.12001195549964905
1965,Emerson  Fittipaldi ,0.12100470066070557
1966,Emerson  Fittipaldi ,0.12091726064682007
1967,Emerson  Fittipaldi ,0.1195930689573288
1968,Emerson  Fittipaldi ,0.11833077669143677
1969,Emerson  Fittipaldi ,0.12289726734161377
1970,Emerson  Fittipaldi ,0.22488686442375183
1971,Emerson  Fittipaldi ,0.2713069021701813
1972,Emerson  Fittipaldi ,0.35605546832084656
1973,Emerson  Fittipaldi ,0.3451673090457916
1974,Emerson  Fittipaldi ,0.3614441156387329
1975,Emerson  Fittipaldi ,0.33828315138816833
1976,Emerson  Fittipaldi ,0.13340407609939575
1977,Emerson  Fittipaldi ,0.1821444034576416
1978,Emerson  Fittipaldi ,0.22540411353111267
1979,Emerson  Fittipaldi ,0.1100827008485794
1980,Emerson  Fittipaldi ,0.1685333400964737
1981,Emerson  Fittipaldi ,0.13496620953083038
1982,Emerson  Fittipaldi ,0.13125869631767273
1983,Emerson  Fittipaldi ,0.13115662336349487
1984,Emerson  Fittipaldi ,0.130599245429039
1985,Emerson  Fittipaldi ,0.12944862246513367
1986,Emerson  Fittipaldi ,0.12815582752227783
1987,Emerson  Fittipaldi ,0.12701533734798431
1988,Emerson  Fittipaldi ,0.12612751126289368
1989,Emerson  Fittipaldi ,0.1254856437444687
1990,Emerson  Fittipaldi ,0.12504348158836365
1991,Emerson  Fittipaldi ,0.12474969029426575
1992,Emerson  Fittipaldi ,0.12456075847148895
1993,Emerson  Fittipaldi ,0.12444394826889038
1994,Emerson  Fittipaldi ,0.12437598407268524
1995,Emerson  Fittipaldi ,0.12434111535549164
1996,Emerson  Fittipaldi ,0.1243291050195694
1997,Emerson  Fittipaldi ,0.1243334710597992
1998,Emerson  Fittipaldi ,0.12435054779052734
1999,Emerson  Fittipaldi ,0.12437844276428223
2000,Emerson  Fittipaldi ,0.12441669404506683
2001,Emerson  Fittipaldi ,0.12446579337120056
2002,Emerson  Fittipaldi ,0.1245269775390625
2003,Emerson  Fittipaldi ,0.12460237741470337
2004,Emerson  Fittipaldi ,0.12469473481178284
2005,Emerson  Fittipaldi ,0.12480758130550385
2006,Emerson  Fittipaldi ,0.12494538724422455
2007,Emerson  Fittipaldi ,0.12511366605758667
2008,Emerson  Fittipaldi ,0.12531894445419312
2009,Emerson  Fittipaldi ,0.12556907534599304
2010,Emerson  Fittipaldi ,0.12587299942970276
2011,Emerson  Fittipaldi ,0.1262402981519699
2012,Emerson  Fittipaldi ,0.12667980790138245
2013,Emerson  Fittipaldi ,0.12719720602035522
2014,Emerson  Fittipaldi ,0.1277894526720047
2015,Emerson  Fittipaldi ,0.12843531370162964
2016,Emerson  Fittipaldi ,0.12907952070236206
2017,Emerson  Fittipaldi ,0.1296088695526123
2018,Emerson  Fittipaldi ,0.1298215091228485
2019,Emerson  Fittipaldi ,0.12939642369747162
2020,Emerson  Fittipaldi ,0.12786978483200073
2021,Emerson  Fittipaldi ,0.12457975745201111
2022,Emerson  Fittipaldi ,0.11832526326179504
2023,Emerson  Fittipaldi ,0.10611216723918915
2024,Emerson  Fittipaldi ,0.08146984875202179
2025,Emerson  Fittipaldi ,0.039903052151203156
2026,Emerson  Fittipaldi ,-0.06969387829303741
2027,Emerson  Fittipaldi ,-0.07349970936775208
2028,Emerson  Fittipaldi ,-0.07349970936775208
2029,Emerson  Fittipaldi ,-0.07349970936775208
2030,Emerson  Fittipaldi ,-0.07349970936775208
1958,Enrique  Bernoldi ,0.11337578296661377
1959,Enrique  Bernoldi ,0.11132746934890747
1960,Enrique  Bernoldi ,0.11172235012054443
1961,Enrique  Bernoldi ,0.11313821375370026
1962,Enrique  Bernoldi ,0.11504676938056946
1963,Enrique  Bernoldi ,0.11702650785446167
1964,Enrique  Bernoldi ,0.1188075840473175
1965,Enrique  Bernoldi ,0.12027299404144287
1966,Enrique  Bernoldi ,0.12140846252441406
1967,Enrique  Bernoldi ,0.1222519725561142
1968,Enrique  Bernoldi ,0.12285935878753662
1969,Enrique  Bernoldi ,0.12328661978244781
1970,Enrique  Bernoldi ,0.12358167767524719
1971,Enrique  Bernoldi ,0.12378250062465668
1972,Enrique  Bernoldi ,0.12391766905784607
1973,Enrique  Bernoldi ,0.12400791049003601
1974,Enrique  Bernoldi ,0.12406784296035767
1975,Enrique  Bernoldi ,0.12410768866539001
1976,Enrique  Bernoldi ,0.12413434684276581
1977,Enrique  Bernoldi ,0.12415255606174469
1978,Enrique  Bernoldi ,0.12416547536849976
1979,Enrique  Bernoldi ,0.12417520582675934
1980,Enrique  Bernoldi ,0.12418320775032043
1981,Enrique  Bernoldi ,0.12419053912162781
1982,Enrique  Bernoldi ,0.12419793009757996
1983,Enrique  Bernoldi ,0.12420602142810822
1984,Enrique  Bernoldi ,0.12421533465385437
1985,Enrique  Bernoldi ,0.12422642111778259
1986,Enrique  Bernoldi ,0.12423987686634064
1987,Enrique  Bernoldi ,0.12425634264945984
1988,Enrique  Bernoldi ,0.12427647411823273
1989,Enrique  Bernoldi ,0.12430091202259064
1990,Enrique  Bernoldi ,0.12432998418807983
1991,Enrique  Bernoldi ,0.12436346709728241
1992,Enrique  Bernoldi ,0.12439966201782227
1993,Enrique  Bernoldi ,0.12443360686302185
1994,Enrique  Bernoldi ,0.12445411086082458
1995,Enrique  Bernoldi ,0.1244385838508606
1996,Enrique  Bernoldi ,0.1243460476398468
1997,Enrique  Bernoldi ,0.12411320209503174
1998,Enrique  Bernoldi ,0.12367182970046997
1999,Enrique  Bernoldi ,0.12305024266242981
2000,Enrique  Bernoldi ,0.12253111600875854
2001,Enrique  Bernoldi ,0.12477681040763855
2002,Enrique  Bernoldi ,0.09606942534446716
2003,Enrique  Bernoldi ,0.12252581119537354
2004,Enrique  Bernoldi ,0.12346085906028748
2005,Enrique  Bernoldi ,0.12514521181583405
2006,Enrique  Bernoldi ,0.12589605152606964
2007,Enrique  Bernoldi ,0.12613560259342194
2008,Enrique  Bernoldi ,0.12617799639701843
2009,Enrique  Bernoldi ,0.12621204555034637
2010,Enrique  Bernoldi ,0.12632304430007935
2011,Enrique  Bernoldi ,0.1265418529510498
2012,Enrique  Bernoldi ,0.126875638961792
2013,Enrique  Bernoldi ,0.12732118368148804
2014,Enrique  Bernoldi ,0.1278662085533142
2015,Enrique  Bernoldi ,0.12848180532455444
2016,Enrique  Bernoldi ,0.1291070282459259
2017,Enrique  Bernoldi ,0.12962469458580017
2018,Enrique  Bernoldi ,0.12983036041259766
2019,Enrique  Bernoldi ,0.12940117716789246
2020,Enrique  Bernoldi ,0.12787219882011414
2021,Enrique  Bernoldi ,0.12458087503910065
2022,Enrique  Bernoldi ,0.11832568049430847
2023,Enrique  Bernoldi ,0.10611224174499512
2024,Enrique  Bernoldi ,0.08146977424621582
2025,Enrique  Bernoldi ,0.039903052151203156
2026,Enrique  Bernoldi ,-0.06969387829303741
2027,Enrique  Bernoldi ,-0.07349970936775208
2028,Enrique  Bernoldi ,-0.07349970936775208
2029,Enrique  Bernoldi ,-0.07349970936775208
2030,Enrique  Bernoldi ,-0.07349970936775208
1958,Eric  Bernard ,0.11337704956531525
1959,Eric  Bernard ,0.11133112013339996
1960,Eric  Bernard ,0.11172780394554138
1961,Eric  Bernard ,0.11314547061920166
1962,Eric  Bernard ,0.11505614221096039
1963,Eric  Bernard ,0.1170383095741272
1964,Eric  Bernard ,0.11882227659225464
1965,Eric  Bernard ,0.12029120326042175
1966,Eric  Bernard ,0.121430903673172
1967,Eric  Bernard ,0.12227946519851685
1968,Eric  Bernard ,0.12289310991764069
1969,Eric  Bernard ,0.12332797050476074
1970,Eric  Bernard ,0.12363235652446747
1971,Eric  Bernard ,0.12384463846683502
1972,Eric  Bernard ,0.12399391829967499
1973,Eric  Bernard ,0.12410157918930054
1974,Eric  Bernard ,0.12418299913406372
1975,Eric  Bernard ,0.12424927949905396
1976,Eric  Bernard ,0.12430828809738159
1977,Eric  Bernard ,0.12436562776565552
1978,Eric  Bernard ,0.1244249939918518
1979,Eric  Bernard ,0.1244882345199585
1980,Eric  Bernard ,0.1245540976524353
1981,Eric  Bernard ,0.12461604177951813
1982,Eric  Bernard ,0.1246563047170639
1983,Eric  Bernard ,0.12463566660881042
1984,Eric  Bernard ,0.12447658181190491
1985,Eric  Bernard ,0.12404879927635193
1986,Eric  Bernard ,0.12320169806480408
1987,Eric  Bernard ,0.12200482189655304
1988,Eric  Bernard ,0.12160083651542664
1989,Eric  Bernard ,0.12738925218582153
1990,Eric  Bernard ,0.1751992255449295
1991,Eric  Bernard ,0.1324652135372162
1992,Eric  Bernard ,0.12303979694843292
1993,Eric  Bernard ,0.12408354878425598
1994,Eric  Bernard ,0.08064888417720795
1995,Eric  Bernard ,0.12745077908039093
1996,Eric  Bernard ,0.12843333184719086
1997,Eric  Bernard ,0.1283014863729477
1998,Eric  Bernard ,0.1273828148841858
1999,Eric  Bernard ,0.12650351226329803
2000,Eric  Bernard ,0.12583665549755096
2001,Eric  Bernard ,0.12538757920265198
2002,Eric  Bernard ,0.12511324882507324
2003,Eric  Bernard ,0.12496887147426605
2004,Eric  Bernard ,0.12491998076438904
2005,Eric  Bernard ,0.1249435544013977
2006,Eric  Bernard ,0.12502583861351013
2007,Eric  Bernard ,0.1251600682735443
2008,Eric  Bernard ,0.12534494698047638
2009,Eric  Bernard ,0.12558311223983765
2010,Eric  Bernard ,0.1258801817893982
2011,Eric  Bernard ,0.12624365091323853
2012,Eric  Bernard ,0.1266811490058899
2013,Eric  Bernard ,0.1271975189447403
2014,Eric  Bernard ,0.12778931856155396
2015,Eric  Bernard ,0.12843500077724457
2016,Eric  Bernard ,0.1290791928768158
2017,Eric  Bernard ,0.12960855662822723
2018,Eric  Bernard ,0.12982125580310822
2019,Eric  Bernard ,0.1293962299823761
2020,Eric  Bernard ,0.1278696358203888
2021,Eric  Bernard ,0.12457965314388275
2022,Eric  Bernard ,0.11832517385482788
2023,Eric  Bernard ,0.10611212253570557
2024,Eric  Bernard ,0.08146980404853821
2025,Eric  Bernard ,0.039903052151203156
2026,Eric  Bernard ,-0.06969387829303741
2027,Eric  Bernard ,-0.07349970936775208
2028,Eric  Bernard ,-0.07349970936775208
2029,Eric  Bernard ,-0.07349970936775208
2030,Eric  Bernard ,-0.07349970936775208
1958,Erik  Comas ,0.11337673664093018
1959,Erik  Comas ,0.11133021116256714
1960,Erik  Comas ,0.11172646284103394
1961,Erik  Comas ,0.11314363777637482
1962,Erik  Comas ,0.11505378782749176
1963,Erik  Comas ,0.11703534424304962
1964,Erik  Comas ,0.11881858110427856
1965,Erik  Comas ,0.12028659880161285
1966,Erik  Comas ,0.12142521142959595
1967,Erik  Comas ,0.12227249145507812
1968,Erik  Comas ,0.12288446724414825
1969,Erik  Comas ,0.12331730127334595
1970,Erik  Comas ,0.12361916899681091
1971,Erik  Comas ,0.12382838129997253
1972,Erik  Comas ,0.12397381663322449
1973,Erik  Comas ,0.12407666444778442
1974,Erik  Comas ,0.12415224313735962
1975,Erik  Comas ,0.12421135604381561
1976,Erik  Comas ,0.12426184117794037
1977,Erik  Comas ,0.12430933117866516
1978,Erik  Comas ,0.12435799837112427
1979,Erik  Comas ,0.12441098690032959
1980,Erik  Comas ,0.12447027862071991
1981,Erik  Comas ,0.1245364397764206
1982,Erik  Comas ,0.12460707128047943
1983,Erik  Comas ,0.12467381358146667
1984,Erik  Comas ,0.12471570074558258
1985,Erik  Comas ,0.12468653917312622
1986,Erik  Comas ,0.1244945228099823
1987,Erik  Comas ,0.12398391962051392
1988,Erik  Comas ,0.12296971678733826
1989,Erik  Comas ,0.12151437997817993
1990,Erik  Comas ,0.12095442414283752
1991,Erik  Comas ,0.12707887589931488
1992,Erik  Comas ,0.19821402430534363
1993,Erik  Comas ,0.11521445214748383
1994,Erik  Comas ,0.08639112114906311
1995,Erik  Comas ,0.12095841765403748
1996,Erik  Comas ,0.12365886569023132
1997,Erik  Comas ,0.12650355696678162
1998,Erik  Comas ,0.1273323893547058
1999,Erik  Comas ,0.1271410584449768
2000,Erik  Comas ,0.126596137881279
2001,Erik  Comas ,0.12604385614395142
2002,Erik  Comas ,0.12561166286468506
2003,Erik  Comas ,0.12532247602939606
2004,Erik  Comas ,0.12516078352928162
2005,Erik  Comas ,0.12510301172733307
2006,Erik  Comas ,0.12512928247451782
2007,Erik  Comas ,0.12522605061531067
2008,Erik  Comas ,0.12538643181324005
2009,Erik  Comas ,0.12560880184173584
2010,Erik  Comas ,0.1258959174156189
2011,Erik  Comas ,0.126253142952919
2012,Erik  Comas ,0.12668681144714355
2013,Erik  Comas ,0.1272008717060089
2014,Erik  Comas ,0.12779125571250916
2015,Erik  Comas ,0.1284361332654953
2016,Erik  Comas ,0.12907981872558594
2017,Erik  Comas ,0.1296088993549347
2018,Erik  Comas ,0.12982147932052612
2019,Erik  Comas ,0.12939634919166565
2020,Erik  Comas ,0.12786966562271118
2021,Erik  Comas ,0.12457968294620514
2022,Erik  Comas ,0.11832517385482788
2023,Erik  Comas ,0.10611212253570557
2024,Erik  Comas ,0.08146980404853821
2025,Erik  Comas ,0.039903052151203156
2026,Erik  Comas ,-0.06969387829303741
2027,Erik  Comas ,-0.07349970936775208
2028,Erik  Comas ,-0.07349970936775208
2029,Erik  Comas ,-0.07349970936775208
2030,Erik  Comas ,-0.07349970936775208
1958,Ernie  Pieterse ,0.11279869079589844
1959,Ernie  Pieterse ,0.11015826463699341
1960,Ernie  Pieterse ,0.10959544777870178
1961,Ernie  Pieterse ,0.11051124334335327
1962,Ernie  Pieterse ,0.11666260659694672
1963,Ernie  Pieterse ,0.15053106844425201
1964,Ernie  Pieterse ,0.11835135519504547
1965,Ernie  Pieterse ,0.11712601780891418
1966,Ernie  Pieterse ,0.11987526714801788
1967,Ernie  Pieterse ,0.12219567596912384
1968,Ernie  Pieterse ,0.12349283695220947
1969,Ernie  Pieterse ,0.12407594919204712
1970,Ernie  Pieterse ,0.12428328394889832
1971,Ernie  Pieterse ,0.1243247240781784
1972,Ernie  Pieterse ,0.12430569529533386
1973,Ernie  Pieterse ,0.12427213788032532
1974,Ernie  Pieterse ,0.12424111366271973
1975,Ernie  Pieterse ,0.12421725690364838
1976,Ernie  Pieterse ,0.12420062720775604
1977,Ernie  Pieterse ,0.12418979406356812
1978,Ernie  Pieterse ,0.12418320775032043
1979,Ernie  Pieterse ,0.12417954206466675
1980,Ernie  Pieterse ,0.12417790293693542
1981,Ernie  Pieterse ,0.12417754530906677
1982,Ernie  Pieterse ,0.12417812645435333
1983,Ernie  Pieterse ,0.12417939305305481
1984,Ernie  Pieterse ,0.12418124079704285
1985,Ernie  Pieterse ,0.12418356537818909
1986,Ernie  Pieterse ,0.1241864264011383
1987,Ernie  Pieterse ,0.12418997287750244
1988,Ernie  Pieterse ,0.1241942048072815
1989,Ernie  Pieterse ,0.12419933080673218
1990,Ernie  Pieterse ,0.12420552968978882
1991,Ernie  Pieterse ,0.12421299517154694
1992,Ernie  Pieterse ,0.1242220401763916
1993,Ernie  Pieterse ,0.12423300743103027
1994,Ernie  Pieterse ,0.1242462694644928
1995,Ernie  Pieterse ,0.12426236271858215
1996,Ernie  Pieterse ,0.1242818534374237
1997,Ernie  Pieterse ,0.12430551648139954
1998,Ernie  Pieterse ,0.12433421611785889
1999,Ernie  Pieterse ,0.1243690550327301
2000,Ernie  Pieterse ,0.12441137433052063
2001,Ernie  Pieterse ,0.12446282804012299
2002,Ernie  Pieterse ,0.12452533841133118
2003,Ernie  Pieterse ,0.12460151314735413
2004,Ernie  Pieterse ,0.12469428777694702
2005,Ernie  Pieterse ,0.12480735778808594
2006,Ernie  Pieterse ,0.12494531273841858
2007,Ernie  Pieterse ,0.1251136213541031
2008,Ernie  Pieterse ,0.12531894445419312
2009,Ernie  Pieterse ,0.12556907534599304
2010,Ernie  Pieterse ,0.12587301433086395
2011,Ernie  Pieterse ,0.12624028325080872
2012,Ernie  Pieterse ,0.12667980790138245
2013,Ernie  Pieterse ,0.12719720602035522
2014,Ernie  Pieterse ,0.1277894377708435
2015,Ernie  Pieterse ,0.12843531370162964
2016,Ernie  Pieterse ,0.12907952070236206
2017,Ernie  Pieterse ,0.1296088695526123
2018,Ernie  Pieterse ,0.1298215091228485
2019,Ernie  Pieterse ,0.12939642369747162
2020,Ernie  Pieterse ,0.12786979973316193
2021,Ernie  Pieterse ,0.12457975745201111
2022,Ernie  Pieterse ,0.11832524836063385
2023,Ernie  Pieterse ,0.10611218214035034
2024,Ernie  Pieterse ,0.08146986365318298
2025,Ernie  Pieterse ,0.039903052151203156
2026,Ernie  Pieterse ,-0.06969387829303741
2027,Ernie  Pieterse ,-0.07349970936775208
2028,Ernie  Pieterse ,-0.07349970936775208
2029,Ernie  Pieterse ,-0.07349970936775208
2030,Ernie  Pieterse ,-0.07349970936775208
1958,Esteban  Gutierrez,0.11337575316429138
1959,Esteban  Gutierrez,0.11132735013961792
1960,Esteban  Gutierrez,0.1117222011089325
1961,Esteban  Gutierrez,0.11313796043395996
1962,Esteban  Gutierrez,0.11504648625850677
1963,Esteban  Gutierrez,0.11702615022659302
1964,Esteban  Gutierrez,0.1188071221113205
1965,Esteban  Gutierrez,0.12027239799499512
1966,Esteban  Gutierrez,0.12140780687332153
1967,Esteban  Gutierrez,0.12225107848644257
1968,Esteban  Gutierrez,0.12285831570625305
1969,Esteban  Gutierrez,0.12328533828258514
1970,Esteban  Gutierrez,0.12358012795448303
1971,Esteban  Gutierrez,0.12378065288066864
1972,Esteban  Gutierrez,0.1239154040813446
1973,Esteban  Gutierrez,0.12400512397289276
1974,Esteban  Gutierrez,0.12406447529792786
1975,Esteban  Gutierrez,0.1241035908460617
1976,Esteban  Gutierrez,0.12412938475608826
1977,Esteban  Gutierrez,0.1241464614868164
1978,Esteban  Gutierrez,0.12415805459022522
1979,Esteban  Gutierrez,0.12416613101959229
1980,Esteban  Gutierrez,0.12417209148406982
1981,Esteban  Gutierrez,0.12417688965797424
1982,Esteban  Gutierrez,0.12418109178543091
1983,Esteban  Gutierrez,0.12418520450592041
1984,Esteban  Gutierrez,0.12418952584266663
1985,Esteban  Gutierrez,0.12419438362121582
1986,Esteban  Gutierrez,0.12419995665550232
1987,Esteban  Gutierrez,0.12420660257339478
1988,Esteban  Gutierrez,0.1242145299911499
1989,Esteban  Gutierrez,0.12422409653663635
1990,Esteban  Gutierrez,0.12423571944236755
1991,Esteban  Gutierrez,0.12424981594085693
1992,Esteban  Gutierrez,0.12426705658435822
1993,Esteban  Gutierrez,0.12428808212280273
1994,Esteban  Gutierrez,0.12431380152702332
1995,Esteban  Gutierrez,0.12434528768062592
1996,Esteban  Gutierrez,0.12438389658927917
1997,Esteban  Gutierrez,0.12443120777606964
1998,Esteban  Gutierrez,0.12448914349079132
1999,Esteban  Gutierrez,0.12455995380878448
2000,Esteban  Gutierrez,0.12464606761932373
2001,Esteban  Gutierrez,0.12474983930587769
2002,Esteban  Gutierrez,0.1248731017112732
2003,Esteban  Gutierrez,0.12501578032970428
2004,Esteban  Gutierrez,0.12517286837100983
2005,Esteban  Gutierrez,0.12532880902290344
2006,Esteban  Gutierrez,0.1254466474056244
2007,Esteban  Gutierrez,0.12545126676559448
2008,Esteban  Gutierrez,0.12521526217460632
2009,Esteban  Gutierrez,0.1245901882648468
2010,Esteban  Gutierrez,0.1236349493265152
2011,Esteban  Gutierrez,0.12338569760322571
2012,Esteban  Gutierrez,0.12907396256923676
2013,Esteban  Gutierrez,0.15862594544887543
2014,Esteban  Gutierrez,0.11874860525131226
2015,Esteban  Gutierrez,0.1275091916322708
2016,Esteban  Gutierrez,0.11520233750343323
2017,Esteban  Gutierrez,0.13061371445655823
2018,Esteban  Gutierrez,0.1309436857700348
2019,Esteban  Gutierrez,0.13182798027992249
2020,Esteban  Gutierrez,0.13061648607254028
2021,Esteban  Gutierrez,0.12703216075897217
2022,Esteban  Gutierrez,0.12026503682136536
2023,Esteban  Gutierrez,0.10754430294036865
2024,Esteban  Gutierrez,0.08246701955795288
2025,Esteban  Gutierrez,0.039903052151203156
2026,Esteban  Gutierrez,-0.06969387829303741
2027,Esteban  Gutierrez,-0.07349970936775208
2028,Esteban  Gutierrez,-0.07349970936775208
2029,Esteban  Gutierrez,-0.07349970936775208
2030,Esteban  Gutierrez,-0.07349970936775208
1958,Esteban  Ocon ,0.11337575316429138
1959,Esteban  Ocon ,0.11132737994194031
1960,Esteban  Ocon ,0.11172223091125488
1961,Esteban  Ocon ,0.11313799023628235
1962,Esteban  Ocon ,0.11504653096199036
1963,Esteban  Ocon ,0.11702620983123779
1964,Esteban  Ocon ,0.11880719661712646
1965,Esteban  Ocon ,0.12027251720428467
1966,Esteban  Ocon ,0.1214078962802887
1967,Esteban  Ocon ,0.12225127220153809
1968,Esteban  Ocon ,0.12285849452018738
1969,Esteban  Ocon ,0.12328557670116425
1970,Esteban  Ocon ,0.12358039617538452
1971,Esteban  Ocon ,0.12378096580505371
1972,Esteban  Ocon ,0.12391579151153564
1973,Esteban  Ocon ,0.12400560081005096
1974,Esteban  Ocon ,0.12406505644321442
1975,Esteban  Ocon ,0.12410426139831543
1976,Esteban  Ocon ,0.12413018941879272
1977,Esteban  Ocon ,0.12414750456809998
1978,Esteban  Ocon ,0.12415927648544312
1979,Esteban  Ocon ,0.12416762113571167
1980,Esteban  Ocon ,0.12417390942573547
1981,Esteban  Ocon ,0.12417908012866974
1982,Esteban  Ocon ,0.12418372929096222
1983,Esteban  Ocon ,0.12418840825557709
1984,Esteban  Ocon ,0.12419340014457703
1985,Esteban  Ocon ,0.1241990327835083
1986,Esteban  Ocon ,0.1242055743932724
1987,Esteban  Ocon ,0.12421338260173798
1988,Esteban  Ocon ,0.12422269582748413
1989,Esteban  Ocon ,0.12423396110534668
1990,Esteban  Ocon ,0.12424756586551666
1991,Esteban  Ocon ,0.12426406145095825
1992,Esteban  Ocon ,0.12428408861160278
1993,Esteban  Ocon ,0.12430843710899353
1994,Esteban  Ocon ,0.12433809041976929
1995,Esteban  Ocon ,0.12437421083450317
1996,Esteban  Ocon ,0.12441827356815338
1997,Esteban  Ocon ,0.12447211146354675
1998,Esteban  Ocon ,0.12453794479370117
1999,Esteban  Ocon ,0.12461847066879272
2000,Esteban  Ocon ,0.12471707165241241
2001,Esteban  Ocon ,0.12483765184879303
2002,Esteban  Ocon ,0.12498492002487183
2003,Esteban  Ocon ,0.12516425549983978
2004,Esteban  Ocon ,0.12538139522075653
2005,Esteban  Ocon ,0.12564197182655334
2006,Esteban  Ocon ,0.12595008313655853
2007,Esteban  Ocon ,0.1263054609298706
2008,Esteban  Ocon ,0.1266975700855255
2009,Esteban  Ocon ,0.12709413468837738
2010,Esteban  Ocon ,0.12742196023464203
2011,Esteban  Ocon ,0.12754350900650024
2012,Esteban  Ocon ,0.1272594928741455
2013,Esteban  Ocon ,0.12645159661769867
2014,Esteban  Ocon ,0.1255517601966858
2015,Esteban  Ocon ,0.12815749645233154
2016,Esteban  Ocon ,0.09584029018878937
2017,Esteban  Ocon ,0.30195650458335876
2018,Esteban  Ocon ,0.24523499608039856
2019,Esteban  Ocon ,0.1484014242887497
2020,Esteban  Ocon ,0.2576422095298767
2021,Esteban  Ocon ,0.29519742727279663
2022,Esteban  Ocon ,0.3387056291103363
2023,Esteban  Ocon ,0.25528398156166077
2024,Esteban  Ocon ,0.1450851708650589
2025,Esteban  Ocon ,0.08572056889533997
2026,Esteban  Ocon ,0.030725732445716858
2027,Esteban  Ocon ,0.02208457887172699
2028,Esteban  Ocon ,0.020741641521453857
2029,Esteban  Ocon ,0.02053329348564148
2030,Esteban  Ocon ,0.020500972867012024
1958,Esteban  Tuero ,0.11337585747241974
1959,Esteban  Tuero ,0.1113276481628418
1960,Esteban  Tuero ,0.11172264814376831
1961,Esteban  Tuero ,0.1131385862827301
1962,Esteban  Tuero ,0.11504724621772766
1963,Esteban  Tuero ,0.11702711880207062
1964,Esteban  Tuero ,0.1188083291053772
1965,Esteban  Tuero ,0.12027391791343689
1966,Esteban  Tuero ,0.12140960991382599
1967,Esteban  Tuero ,0.12225332856178284
1968,Esteban  Tuero ,0.12286105751991272
1969,Esteban  Tuero ,0.12328870594501495
1970,Esteban  Tuero ,0.12358419597148895
1971,Esteban  Tuero ,0.1237855851650238
1972,Esteban  Tuero ,0.1239214539527893
1973,Esteban  Tuero ,0.12401250004768372
1974,Esteban  Tuero ,0.12407347559928894
1975,Esteban  Tuero ,0.12411454319953918
1976,Esteban  Tuero ,0.12414275109767914
1977,Esteban  Tuero ,0.12416289746761322
1978,Esteban  Tuero ,0.12417823076248169
1979,Esteban  Tuero ,0.12419100105762482
1980,Esteban  Tuero ,0.12420278787612915
1981,Esteban  Tuero ,0.12421488761901855
1982,Esteban  Tuero ,0.12422820925712585
1983,Esteban  Tuero ,0.12424367666244507
1984,Esteban  Tuero ,0.1242620199918747
1985,Esteban  Tuero ,0.12428389489650726
1986,Esteban  Tuero ,0.12430959939956665
1987,Esteban  Tuero ,0.12433886528015137
1988,Esteban  Tuero ,0.12436972558498383
1989,Esteban  Tuero ,0.12439700961112976
1990,Esteban  Tuero ,0.12440869212150574
1991,Esteban  Tuero ,0.12438023090362549
1992,Esteban  Tuero ,0.1242656409740448
1993,Esteban  Tuero ,0.1239909827709198
1994,Esteban  Tuero ,0.12347052991390228
1995,Esteban  Tuero ,0.12272070348262787
1996,Esteban  Tuero ,0.12210112810134888
1997,Esteban  Tuero ,0.12467244267463684
1998,Esteban  Tuero ,0.10485240817070007
1999,Esteban  Tuero ,0.12216567993164062
2000,Esteban  Tuero ,0.12258970737457275
2001,Esteban  Tuero ,0.1243676096200943
2002,Esteban  Tuero ,0.1252693235874176
2003,Esteban  Tuero ,0.12555670738220215
2004,Esteban  Tuero ,0.12555205821990967
2005,Esteban  Tuero ,0.12547218799591064
2006,Esteban  Tuero ,0.12542086839675903
2007,Esteban  Tuero ,0.12543721497058868
2008,Esteban  Tuero ,0.1255316138267517
2009,Esteban  Tuero ,0.12570518255233765
2010,Esteban  Tuero ,0.1259581446647644
2011,Esteban  Tuero ,0.1262924075126648
2012,Esteban  Tuero ,0.12671102583408356
2013,Esteban  Tuero ,0.12721550464630127
2014,Esteban  Tuero ,0.1277998834848404
2015,Esteban  Tuero ,0.12844109535217285
2016,Esteban  Tuero ,0.129082590341568
2017,Esteban  Tuero ,0.12961041927337646
2018,Esteban  Tuero ,0.12982222437858582
2019,Esteban  Tuero ,0.12939667701721191
2020,Esteban  Tuero ,0.12786981463432312
2021,Esteban  Tuero ,0.12457972764968872
2022,Esteban  Tuero ,0.11832517385482788
2023,Esteban  Tuero ,0.10611209273338318
2024,Esteban  Tuero ,0.08146977424621582
2025,Esteban  Tuero ,0.039903052151203156
2026,Esteban  Tuero ,-0.06969387829303741
2027,Esteban  Tuero ,-0.07349970936775208
2028,Esteban  Tuero ,-0.07349970936775208
2029,Esteban  Tuero ,-0.07349970936775208
2030,Esteban  Tuero ,-0.07349970936775208
1958,Fabrizio  Barbazza ,0.11337605118751526
1959,Fabrizio  Barbazza ,0.11132819950580597
1960,Fabrizio  Barbazza ,0.11172345280647278
1961,Fabrizio  Barbazza ,0.11313964426517487
1962,Fabrizio  Barbazza ,0.11504864692687988
1963,Fabrizio  Barbazza ,0.11702889204025269
1964,Fabrizio  Barbazza ,0.1188105046749115
1965,Fabrizio  Barbazza ,0.12027662992477417
1966,Fabrizio  Barbazza ,0.12141294777393341
1967,Fabrizio  Barbazza ,0.12225744128227234
1968,Fabrizio  Barbazza ,0.12286609411239624
1969,Fabrizio  Barbazza ,0.12329483032226562
1970,Fabrizio  Barbazza ,0.12359175086021423
1971,Fabrizio  Barbazza ,0.12379485368728638
1972,Fabrizio  Barbazza ,0.12393277883529663
1973,Fabrizio  Barbazza ,0.12402649223804474
1974,Fabrizio  Barbazza ,0.12409071624279022
1975,Fabrizio  Barbazza ,0.12413595616817474
1976,Fabrizio  Barbazza ,0.12416929006576538
1977,Fabrizio  Barbazza ,0.12419581413269043
1978,Fabrizio  Barbazza ,0.12421904504299164
1979,Fabrizio  Barbazza ,0.12424138188362122
1980,Fabrizio  Barbazza ,0.12426453828811646
1981,Fabrizio  Barbazza ,0.12428957223892212
1982,Fabrizio  Barbazza ,0.12431634962558746
1983,Fabrizio  Barbazza ,0.12434318661689758
1984,Fabrizio  Barbazza ,0.12436477839946747
1985,Fabrizio  Barbazza ,0.12436914443969727
1986,Fabrizio  Barbazza ,0.12433120608329773
1987,Fabrizio  Barbazza ,0.12420430779457092
1988,Fabrizio  Barbazza ,0.12391388416290283
1989,Fabrizio  Barbazza ,0.12337952852249146
1990,Fabrizio  Barbazza ,0.12265413999557495
1991,Fabrizio  Barbazza ,0.12229639291763306
1992,Fabrizio  Barbazza ,0.12584912776947021
1993,Fabrizio  Barbazza ,0.12413206696510315
1994,Fabrizio  Barbazza ,0.12383237481117249
1995,Fabrizio  Barbazza ,0.12275701761245728
1996,Fabrizio  Barbazza ,0.12405207753181458
1997,Fabrizio  Barbazza ,0.12490159273147583
1998,Fabrizio  Barbazza ,0.12520134449005127
1999,Fabrizio  Barbazza ,0.12518873810768127
2000,Fabrizio  Barbazza ,0.12506666779518127
2001,Fabrizio  Barbazza ,0.12494200468063354
2002,Fabrizio  Barbazza ,0.12485712766647339
2003,Fabrizio  Barbazza ,0.12482288479804993
2004,Fabrizio  Barbazza ,0.1248379647731781
2005,Fabrizio  Barbazza ,0.12489855289459229
2006,Fabrizio  Barbazza ,0.12500202655792236
2007,Fabrizio  Barbazza ,0.1251482218503952
2008,Fabrizio  Barbazza ,0.12533962726593018
2009,Fabrizio  Barbazza ,0.12558124959468842
2010,Fabrizio  Barbazza ,0.12587997317314148
2011,Fabrizio  Barbazza ,0.1262441873550415
2012,Fabrizio  Barbazza ,0.12668192386627197
2013,Fabrizio  Barbazza ,0.12719827890396118
2014,Fabrizio  Barbazza ,0.12778998911380768
2015,Fabrizio  Barbazza ,0.12843553721904755
2016,Fabrizio  Barbazza ,0.12907961010932922
2017,Fabrizio  Barbazza ,0.1296088993549347
2018,Fabrizio  Barbazza ,0.1298215091228485
2019,Fabrizio  Barbazza ,0.12939636409282684
2020,Fabrizio  Barbazza ,0.12786975502967834
2021,Fabrizio  Barbazza ,0.12457974255084991
2022,Fabrizio  Barbazza ,0.11832523345947266
2023,Fabrizio  Barbazza ,0.10611215233802795
2024,Fabrizio  Barbazza ,0.08146984875202179
2025,Fabrizio  Barbazza ,0.039903052151203156
2026,Fabrizio  Barbazza ,-0.06969387829303741
2027,Fabrizio  Barbazza ,-0.07349970936775208
2028,Fabrizio  Barbazza ,-0.07349970936775208
2029,Fabrizio  Barbazza ,-0.07349970936775208
2030,Fabrizio  Barbazza ,-0.07349970936775208
1958,Felipe  Massa ,0.11337608098983765
1959,Felipe  Massa ,0.11132833361625671
1960,Felipe  Massa ,0.11172369122505188
1961,Felipe  Massa ,0.11313994228839874
1962,Felipe  Massa ,0.11504898965358734
1963,Felipe  Massa ,0.1170293390750885
1964,Felipe  Massa ,0.11881105601787567
1965,Felipe  Massa ,0.12027725577354431
1966,Felipe  Massa ,0.12141372263431549
1967,Felipe  Massa ,0.12225838005542755
1968,Felipe  Massa ,0.12286719679832458
1969,Felipe  Massa ,0.1232961118221283
1970,Felipe  Massa ,0.12359321117401123
1971,Felipe  Massa ,0.12379652261734009
1972,Felipe  Massa ,0.12393465638160706
1973,Felipe  Massa ,0.12402848899364471
1974,Felipe  Massa ,0.12409281730651855
1975,Felipe  Massa ,0.12413795292377472
1976,Felipe  Massa ,0.12417103350162506
1977,Felipe  Massa ,0.12419703602790833
1978,Felipe  Massa ,0.12421940267086029
1979,Felipe  Massa ,0.12424065172672272
1980,Felipe  Massa ,0.12426264584064484
1981,Felipe  Massa ,0.12428702414035797
1982,Felipe  Massa ,0.12431514263153076
1983,Felipe  Massa ,0.1243484616279602
1984,Felipe  Massa ,0.12438860535621643
1985,Felipe  Massa ,0.12443727254867554
1986,Felipe  Massa ,0.12449657917022705
1987,Felipe  Massa ,0.12456884980201721
1988,Felipe  Massa ,0.12465687096118927
1989,Felipe  Massa ,0.12476357817649841
1990,Felipe  Massa ,0.12489202618598938
1991,Felipe  Massa ,0.12504476308822632
1992,Felipe  Massa ,0.1252225786447525
1993,Felipe  Massa ,0.12542173266410828
1994,Felipe  Massa ,0.12562844157218933
1995,Felipe  Massa ,0.12580741941928864
1996,Felipe  Massa ,0.125883549451828
1997,Felipe  Massa ,0.12572184205055237
1998,Felipe  Massa ,0.12514916062355042
1999,Felipe  Massa ,0.12417390942573547
2000,Felipe  Massa ,0.12384355068206787
2001,Felipe  Massa ,0.12915071845054626
2002,Felipe  Massa ,0.18266479671001434
2003,Felipe  Massa ,0.13070611655712128
2004,Felipe  Massa ,0.1934790462255478
2005,Felipe  Massa ,0.18877437710762024
2006,Felipe  Massa ,0.3616746664047241
2007,Felipe  Massa ,0.3737170994281769
2008,Felipe  Massa ,0.3933010399341583
2009,Felipe  Massa ,0.23831364512443542
2010,Felipe  Massa ,0.373511403799057
2011,Felipe  Massa ,0.3765087425708771
2012,Felipe  Massa ,0.3722146451473236
2013,Felipe  Massa ,0.35387393832206726
2014,Felipe  Massa ,0.37500450015068054
2015,Felipe  Massa ,0.38515880703926086
2016,Felipe  Massa ,0.2762170732021332
2017,Felipe  Massa ,0.2498706877231598
2018,Felipe  Massa ,0.14130845665931702
2019,Felipe  Massa ,0.13576893508434296
2020,Felipe  Massa ,0.1357855498790741
2021,Felipe  Massa ,0.13321098685264587
2022,Felipe  Massa ,0.126164972782135
2023,Felipe  Massa ,0.11248590052127838
2024,Felipe  Massa ,0.08624133467674255
2025,Felipe  Massa ,0.039903052151203156
2026,Felipe  Massa ,-0.06969387829303741
2027,Felipe  Massa ,-0.07349970936775208
2028,Felipe  Massa ,-0.07349970936775208
2029,Felipe  Massa ,-0.07349970936775208
2030,Felipe  Massa ,-0.07349970936775208
1958,Felipe  Nasr ,0.11337575316429138
1959,Felipe  Nasr ,0.11132730543613434
1960,Felipe  Nasr ,0.11172215640544891
1961,Felipe  Nasr ,0.11313790082931519
1962,Felipe  Nasr ,0.11504645645618439
1963,Felipe  Nasr ,0.11702607572078705
1964,Felipe  Nasr ,0.11880703270435333
1965,Felipe  Nasr ,0.12027232348918915
1966,Felipe  Nasr ,0.1214076578617096
1967,Felipe  Nasr ,0.12225094437599182
1968,Felipe  Nasr ,0.12285813689231873
1969,Felipe  Nasr ,0.12328509986400604
1970,Felipe  Nasr ,0.12357984483242035
1971,Felipe  Nasr ,0.1237802505493164
1972,Felipe  Nasr ,0.1239149421453476
1973,Felipe  Nasr ,0.12400461733341217
1974,Felipe  Nasr ,0.12406381964683533
1975,Felipe  Nasr ,0.12410280108451843
1976,Felipe  Nasr ,0.12412840127944946
1977,Felipe  Nasr ,0.12414532899856567
1978,Felipe  Nasr ,0.124156653881073
1979,Felipe  Nasr ,0.12416441738605499
1980,Felipe  Nasr ,0.12417003512382507
1981,Felipe  Nasr ,0.12417440116405487
1982,Felipe  Nasr ,0.12417806684970856
1983,Felipe  Nasr ,0.12418150901794434
1984,Felipe  Nasr ,0.12418505549430847
1985,Felipe  Nasr ,0.12418892979621887
1986,Felipe  Nasr ,0.12419337034225464
1987,Felipe  Nasr ,0.1241985559463501
1988,Felipe  Nasr ,0.12420475482940674
1989,Felipe  Nasr ,0.12421220541000366
1990,Felipe  Nasr ,0.12422119081020355
1991,Felipe  Nasr ,0.12423211336135864
1992,Felipe  Nasr ,0.12424534559249878
1993,Felipe  Nasr ,0.12426145374774933
1994,Felipe  Nasr ,0.12428103387355804
1995,Felipe  Nasr ,0.12430490553379059
1996,Felipe  Nasr ,0.12433403730392456
1997,Felipe  Nasr ,0.1243695616722107
1998,Felipe  Nasr ,0.12441298365592957
1999,Felipe  Nasr ,0.12446597218513489
2000,Felipe  Nasr ,0.12453055381774902
2001,Felipe  Nasr ,0.12460911273956299
2002,Felipe  Nasr ,0.12470424175262451
2003,Felipe  Nasr ,0.12481862306594849
2004,Felipe  Nasr ,0.12495443224906921
2005,Felipe  Nasr ,0.12511222064495087
2006,Felipe  Nasr ,0.1252882033586502
2007,Felipe  Nasr ,0.12546882033348083
2008,Felipe  Nasr ,0.12562009692192078
2009,Felipe  Nasr ,0.12567138671875
2010,Felipe  Nasr ,0.12550315260887146
2011,Felipe  Nasr ,0.1249902993440628
2012,Felipe  Nasr ,0.12428027391433716
2013,Felipe  Nasr ,0.12477964162826538
2014,Felipe  Nasr ,0.13257987797260284
2015,Felipe  Nasr ,0.1925157904624939
2016,Felipe  Nasr ,0.14986024796962738
2017,Felipe  Nasr ,0.1304132044315338
2018,Felipe  Nasr ,0.12810967862606049
2019,Felipe  Nasr ,0.12957538664340973
2020,Felipe  Nasr ,0.12937448918819427
2021,Felipe  Nasr ,0.12648044526576996
2022,Felipe  Nasr ,0.120085209608078
2023,Felipe  Nasr ,0.10753646492958069
2024,Felipe  Nasr ,0.08252410590648651
2025,Felipe  Nasr ,0.039903052151203156
2026,Felipe  Nasr ,-0.06969387829303741
2027,Felipe  Nasr ,-0.07349970936775208
2028,Felipe  Nasr ,-0.07349970936775208
2029,Felipe  Nasr ,-0.07349970936775208
2030,Felipe  Nasr ,-0.07349970936775208
1958,Fernando  Alonso ,0.11337617039680481
1959,Fernando  Alonso ,0.1113286018371582
1960,Fernando  Alonso ,0.11172403395175934
1961,Fernando  Alonso ,0.11314046382904053
1962,Fernando  Alonso ,0.11504967510700226
1963,Fernando  Alonso ,0.11703017354011536
1964,Fernando  Alonso ,0.11881209909915924
1965,Fernando  Alonso ,0.12027856707572937
1966,Fernando  Alonso ,0.12141531705856323
1967,Fernando  Alonso ,0.12226031720638275
1968,Fernando  Alonso ,0.12286955118179321
1969,Fernando  Alonso ,0.1232990026473999
1970,Fernando  Alonso ,0.12359672784805298
1971,Fernando  Alonso ,0.12380076944828033
1972,Fernando  Alonso ,0.12393981218338013
1973,Fernando  Alonso ,0.12403471767902374
1974,Fernando  Alonso ,0.12410034239292145
1975,Fernando  Alonso ,0.12414708733558655
1976,Fernando  Alonso ,0.12418210506439209
1977,Fernando  Alonso ,0.12421044707298279
1978,Fernando  Alonso ,0.12423565983772278
1979,Fernando  Alonso ,0.1242603063583374
1980,Fernando  Alonso ,0.12428644299507141
1981,Fernando  Alonso ,0.12431579828262329
1982,Fernando  Alonso ,0.1243499219417572
1983,Fernando  Alonso ,0.12439051270484924
1984,Fernando  Alonso ,0.12443934381008148
1985,Fernando  Alonso ,0.12449847161769867
1986,Fernando  Alonso ,0.12457026541233063
1987,Fernando  Alonso ,0.12465740740299225
1988,Fernando  Alonso ,0.12476307153701782
1989,Fernando  Alonso ,0.12489061057567596
1990,Fernando  Alonso ,0.12504369020462036
1991,Fernando  Alonso ,0.12522584199905396
1992,Fernando  Alonso ,0.12543971836566925
1993,Fernando  Alonso ,0.1256856620311737
1994,Fernando  Alonso ,0.12595771253108978
1995,Fernando  Alonso ,0.12623465061187744
1996,Fernando  Alonso ,0.1264599859714508
1997,Fernando  Alonso ,0.12650488317012787
1998,Fernando  Alonso ,0.1261204034090042
1999,Fernando  Alonso ,0.12495747208595276
2000,Fernando  Alonso ,0.1229669451713562
2001,Fernando  Alonso ,0.12220379710197449
2002,Fernando  Alonso ,0.12964104115962982
2003,Fernando  Alonso ,0.29382380843162537
2004,Fernando  Alonso ,0.3472606837749481
2005,Fernando  Alonso ,0.4380464255809784
2006,Fernando  Alonso ,0.4418025314807892
2007,Fernando  Alonso ,0.38412126898765564
2008,Fernando  Alonso ,0.3170948028564453
2009,Fernando  Alonso ,0.24510711431503296
2010,Fernando  Alonso ,0.5184552669525146
2011,Fernando  Alonso ,0.5381838083267212
2012,Fernando  Alonso ,0.5915987491607666
2013,Fernando  Alonso ,0.5609397888183594
2014,Fernando  Alonso ,0.4254954159259796
2015,Fernando  Alonso ,0.15687872469425201
2016,Fernando  Alonso ,0.25615426898002625
2017,Fernando  Alonso ,0.19928085803985596
2018,Fernando  Alonso ,0.26251456141471863
2019,Fernando  Alonso ,0.15069341659545898
2020,Fernando  Alonso ,0.15437015891075134
2021,Fernando  Alonso ,0.3057512044906616
2022,Fernando  Alonso ,0.3551543951034546
2023,Fernando  Alonso ,0.4512660801410675
2024,Fernando  Alonso ,0.2466808557510376
2025,Fernando  Alonso ,0.1442754566669464
2026,Fernando  Alonso ,0.044636376202106476
2027,Fernando  Alonso ,0.028551504015922546
2028,Fernando  Alonso ,0.026005253195762634
2029,Fernando  Alonso ,0.025603465735912323
2030,Fernando  Alonso ,0.025540098547935486
1958,Franck  Montagny ,0.11337575316429138
1959,Franck  Montagny ,0.11132737994194031
1960,Franck  Montagny ,0.11172223091125488
1961,Franck  Montagny ,0.11313802003860474
1962,Franck  Montagny ,0.11504657566547394
1963,Franck  Montagny ,0.11702623963356018
1964,Franck  Montagny ,0.11880725622177124
1965,Franck  Montagny ,0.12027257680892944
1966,Franck  Montagny ,0.12140798568725586
1967,Franck  Montagny ,0.12225133180618286
1968,Franck  Montagny ,0.12285862863063812
1969,Franck  Montagny ,0.12328571081161499
1970,Franck  Montagny ,0.12358058989048004
1971,Franck  Montagny ,0.12378117442131042
1972,Franck  Montagny ,0.12391604483127594
1973,Franck  Montagny ,0.12400592863559723
1974,Franck  Montagny ,0.12406542897224426
1975,Franck  Montagny ,0.12410475313663483
1976,Franck  Montagny ,0.12413078546524048
1977,Franck  Montagny ,0.1241481751203537
1978,Franck  Montagny ,0.12416012585163116
1979,Franck  Montagny ,0.12416866421699524
1980,Franck  Montagny ,0.12417519092559814
1981,Franck  Montagny ,0.12418067455291748
1982,Franck  Montagny ,0.12418574094772339
1983,Franck  Montagny ,0.12419092655181885
1984,Franck  Montagny ,0.12419658899307251
1985,Franck  Montagny ,0.12420313060283661
1986,Franck  Montagny ,0.12421086430549622
1987,Franck  Montagny ,0.12422020733356476
1988,Franck  Montagny ,0.12423165142536163
1989,Franck  Montagny ,0.12424573302268982
1990,Franck  Montagny ,0.12426310777664185
1991,Franck  Montagny ,0.12428459525108337
1992,Franck  Montagny ,0.12431105971336365
1993,Franck  Montagny ,0.12434345483779907
1994,Franck  Montagny ,0.12438252568244934
1995,Franck  Montagny ,0.12442846596240997
1996,Franck  Montagny ,0.1244799792766571
1997,Franck  Montagny ,0.12453286349773407
1998,Franck  Montagny ,0.12457728385925293
1999,Franck  Montagny ,0.12459389865398407
2000,Franck  Montagny ,0.12454934418201447
2001,Franck  Montagny ,0.1243949830532074
2002,Franck  Montagny ,0.12407565116882324
2003,Franck  Montagny ,0.1235719621181488
2004,Franck  Montagny ,0.12271639704704285
2005,Franck  Montagny ,0.12250733375549316
2006,Franck  Montagny ,0.056015923619270325
2007,Franck  Montagny ,0.12026447057723999
2008,Franck  Montagny ,0.1242915540933609
2009,Franck  Montagny ,0.12666425108909607
2010,Franck  Montagny ,0.127326101064682
2011,Franck  Montagny ,0.12749210000038147
2012,Franck  Montagny ,0.12760406732559204
2013,Franck  Montagny ,0.12782873213291168
2014,Franck  Montagny ,0.12820130586624146
2015,Franck  Montagny ,0.1286953091621399
2016,Franck  Montagny ,0.1292392611503601
2017,Franck  Montagny ,0.12970444560050964
2018,Franck  Montagny ,0.1298770308494568
2019,Franck  Montagny ,0.1294274926185608
2020,Franck  Montagny ,0.1278863251209259
2021,Franck  Montagny ,0.12458795309066772
2022,Franck  Montagny ,0.11832877993583679
2023,Franck  Montagny ,0.10611322522163391
2024,Franck  Montagny ,0.08146968483924866
2025,Franck  Montagny ,0.039903052151203156
2026,Franck  Montagny ,-0.06969387829303741
2027,Franck  Montagny ,-0.07349970936775208
2028,Franck  Montagny ,-0.07349970936775208
2029,Franck  Montagny ,-0.07349970936775208
2030,Franck  Montagny ,-0.07349970936775208
1958,Francois Cevert,0.11352704465389252
1959,Francois Cevert,0.11165237426757812
1960,Francois Cevert,0.11217013001441956
1961,Francois Cevert,0.11368958652019501
1962,Francois Cevert,0.11567382514476776
1963,Francois Cevert,0.11765840649604797
1964,Francois Cevert,0.11927738785743713
1965,Francois Cevert,0.12022675573825836
1966,Francois Cevert,0.12018410861492157
1967,Francois Cevert,0.11885957419872284
1968,Francois Cevert,0.11644475162029266
1969,Francois Cevert,0.11775106191635132
1970,Francois Cevert,0.09693847596645355
1971,Francois Cevert,0.3035019338130951
1972,Francois Cevert,0.28853747248649597
1973,Francois Cevert,0.3172740638256073
1974,Francois Cevert,0.1224299818277359
1975,Francois Cevert,0.11724153161048889
1976,Francois Cevert,0.12162801623344421
1977,Francois Cevert,0.125543475151062
1978,Francois Cevert,0.1271086037158966
1979,Francois Cevert,0.12722182273864746
1980,Francois Cevert,0.12673111259937286
1981,Francois Cevert,0.12611016631126404
1982,Francois Cevert,0.1255573034286499
1983,Francois Cevert,0.12512773275375366
1984,Francois Cevert,0.12481698393821716
1985,Francois Cevert,0.12460185587406158
1986,Francois Cevert,0.12445765733718872
1987,Francois Cevert,0.12436363101005554
1988,Francois Cevert,0.12430423498153687
1989,Francois Cevert,0.12426835298538208
1990,Francois Cevert,0.12424847483634949
1991,Francois Cevert,0.12423950433731079
1992,Francois Cevert,0.1242382675409317
1993,Francois Cevert,0.1242428869009018
1994,Francois Cevert,0.12425225973129272
1995,Francois Cevert,0.12426596879959106
1996,Francois Cevert,0.12428402900695801
1997,Francois Cevert,0.1243068128824234
1998,Francois Cevert,0.12433500587940216
1999,Francois Cevert,0.12436950206756592
2000,Francois Cevert,0.12441165745258331
2001,Francois Cevert,0.12446297705173492
2002,Francois Cevert,0.12452545762062073
2003,Francois Cevert,0.1246015876531601
2004,Francois Cevert,0.12469431757926941
2005,Francois Cevert,0.12480738759040833
2006,Francois Cevert,0.12494532763957977
2007,Francois Cevert,0.1251136064529419
2008,Francois Cevert,0.12531892955303192
2009,Francois Cevert,0.12556909024715424
2010,Francois Cevert,0.12587302923202515
2011,Francois Cevert,0.1262402981519699
2012,Francois Cevert,0.12667982280254364
2013,Francois Cevert,0.12719720602035522
2014,Francois Cevert,0.1277894377708435
2015,Francois Cevert,0.12843531370162964
2016,Francois Cevert,0.12907952070236206
2017,Francois Cevert,0.1296088695526123
2018,Francois Cevert,0.1298215091228485
2019,Francois Cevert,0.1293964385986328
2020,Francois Cevert,0.12786978483200073
2021,Francois Cevert,0.12457975745201111
2022,Francois Cevert,0.11832524836063385
2023,Francois Cevert,0.10611218214035034
2024,Francois Cevert,0.08146984875202179
2025,Francois Cevert,0.039903052151203156
2026,Francois Cevert,-0.06969387829303741
2027,Francois Cevert,-0.07349970936775208
2028,Francois Cevert,-0.07349970936775208
2029,Francois Cevert,-0.07349970936775208
2030,Francois Cevert,-0.07349970936775208
1958,Gabriele  Tarquini ,0.11337646842002869
1959,Gabriele  Tarquini ,0.11132943630218506
1960,Gabriele  Tarquini ,0.1117253303527832
1961,Gabriele  Tarquini ,0.11314216256141663
1962,Gabriele  Tarquini ,0.11505188047885895
1963,Gabriele  Tarquini ,0.11703293025493622
1964,Gabriele  Tarquini ,0.1188156008720398
1965,Gabriele  Tarquini ,0.12028294801712036
1966,Gabriele  Tarquini ,0.12142077088356018
1967,Gabriele  Tarquini ,0.12226711213588715
1968,Gabriele  Tarquini ,0.1228780448436737
1969,Gabriele  Tarquini ,0.12330961227416992
1970,Gabriele  Tarquini ,0.12361006438732147
1971,Gabriele  Tarquini ,0.12381762266159058
1972,Gabriele  Tarquini ,0.1239611804485321
1973,Gabriele  Tarquini ,0.12406192719936371
1974,Gabriele  Tarquini ,0.12413503229618073
1975,Gabriele  Tarquini ,0.1241912692785263
1976,Gabriele  Tarquini ,0.12423805892467499
1977,Gabriele  Tarquini ,0.12428045272827148
1978,Gabriele  Tarquini ,0.12432113289833069
1979,Gabriele  Tarquini ,0.12436032295227051
1980,Gabriele  Tarquini ,0.12439441680908203
1981,Gabriele  Tarquini ,0.12441372871398926
1982,Gabriele  Tarquini ,0.12439870834350586
1983,Gabriele  Tarquini ,0.1243162751197815
1984,Gabriele  Tarquini ,0.12411919236183167
1985,Gabriele  Tarquini ,0.12375748157501221
1986,Gabriele  Tarquini ,0.12322840094566345
1987,Gabriele  Tarquini ,0.12241312861442566
1988,Gabriele  Tarquini ,0.12256115674972534
1989,Gabriele  Tarquini ,0.05867160111665726
1990,Gabriele  Tarquini ,0.11998675763607025
1991,Gabriele  Tarquini ,0.12346135079860687
1992,Gabriele  Tarquini ,0.1253989338874817
1993,Gabriele  Tarquini ,0.12569312751293182
1994,Gabriele  Tarquini ,0.1254824697971344
1995,Gabriele  Tarquini ,0.12516844272613525
1996,Gabriele  Tarquini ,0.1248987466096878
1997,Gabriele  Tarquini ,0.12470704317092896
1998,Gabriele  Tarquini ,0.12458738684654236
1999,Gabriele  Tarquini ,0.12452448904514313
2000,Gabriele  Tarquini ,0.12450434267520905
2001,Gabriele  Tarquini ,0.12451682984828949
2002,Gabriele  Tarquini ,0.12455567717552185
2003,Gabriele  Tarquini ,0.12461772561073303
2004,Gabriele  Tarquini ,0.12470239400863647
2005,Gabriele  Tarquini ,0.12481096386909485
2006,Gabriele  Tarquini ,0.12494653463363647
2007,Gabriele  Tarquini ,0.12511366605758667
2008,Gabriele  Tarquini ,0.1253184974193573
2009,Gabriele  Tarquini ,0.12556850910186768
2010,Gabriele  Tarquini ,0.12587246298789978
2011,Gabriele  Tarquini ,0.1262398064136505
2012,Gabriele  Tarquini ,0.1266794502735138
2013,Gabriele  Tarquini ,0.12719690799713135
2014,Gabriele  Tarquini ,0.12778924405574799
2015,Gabriele  Tarquini ,0.1284351646900177
2016,Gabriele  Tarquini ,0.1290794014930725
2017,Gabriele  Tarquini ,0.12960878014564514
2018,Gabriele  Tarquini ,0.12982146441936493
2019,Gabriele  Tarquini ,0.12939639389514923
2020,Gabriele  Tarquini ,0.12786975502967834
2021,Gabriele  Tarquini ,0.12457974255084991
2022,Gabriele  Tarquini ,0.11832524836063385
2023,Gabriele  Tarquini ,0.10611215233802795
2024,Gabriele  Tarquini ,0.08146984875202179
2025,Gabriele  Tarquini ,0.039903052151203156
2026,Gabriele  Tarquini ,-0.06969387829303741
2027,Gabriele  Tarquini ,-0.07349970936775208
2028,Gabriele  Tarquini ,-0.07349970936775208
2029,Gabriele  Tarquini ,-0.07349970936775208
2030,Gabriele  Tarquini ,-0.07349970936775208
1958,Gaston  Mazzacane ,0.11337582767009735
1959,Gaston  Mazzacane ,0.11132755875587463
1960,Gaston  Mazzacane ,0.11172248423099518
1961,Gaston  Mazzacane ,0.1131383627653122
1962,Gaston  Mazzacane ,0.11504702270030975
1963,Gaston  Mazzacane ,0.11702680587768555
1964,Gaston  Mazzacane ,0.11880794167518616
1965,Gaston  Mazzacane ,0.12027344107627869
1966,Gaston  Mazzacane ,0.12140905857086182
1967,Gaston  Mazzacane ,0.12225264310836792
1968,Gaston  Mazzacane ,0.12286022305488586
1969,Gaston  Mazzacane ,0.12328766286373138
1970,Gaston  Mazzacane ,0.12358291447162628
1971,Gaston  Mazzacane ,0.12378403544425964
1972,Gaston  Mazzacane ,0.1239195317029953
1973,Gaston  Mazzacane ,0.12401014566421509
1974,Gaston  Mazzacane ,0.12407055497169495
1975,Gaston  Mazzacane ,0.12411096692085266
1976,Gaston  Mazzacane ,0.12413838505744934
1977,Gaston  Mazzacane ,0.12415748834609985
1978,Gaston  Mazzacane ,0.12417149543762207
1979,Gaston  Mazzacane ,0.12418258190155029
1980,Gaston  Mazzacane ,0.12419229745864868
1981,Gaston  Mazzacane ,0.12420177459716797
1982,Gaston  Mazzacane ,0.12421178817749023
1983,Gaston  Mazzacane ,0.12422323226928711
1984,Gaston  Mazzacane ,0.12423673272132874
1985,Gaston  Mazzacane ,0.12425306439399719
1986,Gaston  Mazzacane ,0.1242729127407074
1987,Gaston  Mazzacane ,0.12429699301719666
1988,Gaston  Mazzacane ,0.12432566285133362
1989,Gaston  Mazzacane ,0.12435868382453918
1990,Gaston  Mazzacane ,0.12439432740211487
1991,Gaston  Mazzacane ,0.12442830204963684
1992,Gaston  Mazzacane ,0.1244521290063858
1993,Gaston  Mazzacane ,0.12445202469825745
1994,Gaston  Mazzacane ,0.12441049516201019
1995,Gaston  Mazzacane ,0.1243165135383606
1996,Gaston  Mazzacane ,0.12419107556343079
1997,Gaston  Mazzacane ,0.12413835525512695
1998,Gaston  Mazzacane ,0.12413685023784637
1999,Gaston  Mazzacane ,0.1249506026506424
2000,Gaston  Mazzacane ,0.06448637694120407
2001,Gaston  Mazzacane ,0.12393054366111755
2002,Gaston  Mazzacane ,0.12644854187965393
2003,Gaston  Mazzacane ,0.1270671784877777
2004,Gaston  Mazzacane ,0.12660911679267883
2005,Gaston  Mazzacane ,0.12610748410224915
2006,Gaston  Mazzacane ,0.12577389180660248
2007,Gaston  Mazzacane ,0.12562450766563416
2008,Gaston  Mazzacane ,0.12562736868858337
2009,Gaston  Mazzacane ,0.12575197219848633
2010,Gaston  Mazzacane ,0.1259792298078537
2011,Gaston  Mazzacane ,0.12630030512809753
2012,Gaston  Mazzacane ,0.12671241164207458
2013,Gaston  Mazzacane ,0.1272139549255371
2014,Gaston  Mazzacane ,0.1277972161769867
2015,Gaston  Mazzacane ,0.12843826413154602
2016,Gaston  Mazzacane ,0.12907999753952026
2017,Gaston  Mazzacane ,0.12960822880268097
2018,Gaston  Mazzacane ,0.12982049584388733
2019,Gaston  Mazzacane ,0.12939535081386566
2020,Gaston  Mazzacane ,0.12786880135536194
2021,Gaston  Mazzacane ,0.12457898259162903
2022,Gaston  Mazzacane ,0.11832460761070251
2023,Gaston  Mazzacane ,0.10611166059970856
2024,Gaston  Mazzacane ,0.08146947622299194
2025,Gaston  Mazzacane ,0.039903052151203156
2026,Gaston  Mazzacane ,-0.06969387829303741
2027,Gaston  Mazzacane ,-0.07349970936775208
2028,Gaston  Mazzacane ,-0.07349970936775208
2029,Gaston  Mazzacane ,-0.07349970936775208
2030,Gaston  Mazzacane ,-0.07349970936775208
1958,George  Russell ,0.11337573826313019
1959,George  Russell ,0.11132735013961792
1960,George  Russell ,0.1117221862077713
1961,George  Russell ,0.11313796043395996
1962,George  Russell ,0.11504647135734558
1963,George  Russell ,0.11702613532543182
1964,George  Russell ,0.1188071072101593
1965,George  Russell ,0.12027236819267273
1966,George  Russell ,0.12140774726867676
1967,George  Russell ,0.12225106358528137
1968,George  Russell ,0.12285828590393066
1969,George  Russell ,0.12328529357910156
1970,George  Russell ,0.12358003854751587
1971,George  Russell ,0.12378054857254028
1972,George  Russell ,0.12391528487205505
1973,George  Russell ,0.12400498986244202
1974,George  Russell ,0.12406431138515472
1975,George  Russell ,0.12410338222980499
1976,George  Russell ,0.12412913143634796
1977,George  Russell ,0.12414619326591492
1978,George  Russell ,0.12415769696235657
1979,George  Russell ,0.12416569888591766
1980,George  Russell ,0.12417158484458923
1981,George  Russell ,0.1241762638092041
1982,George  Russell ,0.12418034672737122
1983,George  Russell ,0.1241842657327652
1984,George  Russell ,0.1241883933544159
1985,George  Russell ,0.1241929680109024
1986,George  Russell ,0.12419822812080383
1987,George  Russell ,0.12420445680618286
1988,George  Russell ,0.1242118775844574
1989,George  Russell ,0.12422080338001251
1990,George  Russell ,0.12423156201839447
1991,George  Russell ,0.12424463033676147
1992,George  Russell ,0.12426042556762695
1993,George  Russell ,0.12427958846092224
1994,George  Russell ,0.12430286407470703
1995,George  Russell ,0.12433114647865295
1996,George  Russell ,0.12436556816101074
1997,George  Russell ,0.12440744042396545
1998,George  Russell ,0.12445849180221558
1999,George  Russell ,0.12452080845832825
2000,George  Russell ,0.12459689378738403
2001,George  Russell ,0.1246899664402008
2002,George  Russell ,0.12480388581752777
2003,George  Russell ,0.12494343519210815
2004,George  Russell ,0.1251143366098404
2005,George  Russell ,0.12532339990139008
2006,George  Russell ,0.12557858228683472
2007,George  Russell ,0.12588870525360107
2008,George  Russell ,0.12626269459724426
2009,George  Russell ,0.12670819461345673
2010,George  Russell ,0.12722812592983246
2011,George  Russell ,0.12781381607055664
2012,George  Russell ,0.12843257188796997
2013,George  Russell ,0.1290069818496704
2014,George  Russell ,0.1293916553258896
2015,George  Russell ,0.12938058376312256
2016,George  Russell ,0.1288558542728424
2017,George  Russell ,0.12826958298683167
2018,George  Russell ,0.13048596680164337
2019,George  Russell ,0.11751310527324677
2020,George  Russell ,0.14259973168373108
2021,George  Russell ,0.20587649941444397
2022,George  Russell ,0.5393613576889038
2023,George  Russell ,0.4393680989742279
2024,George  Russell ,0.277445524930954
2025,George  Russell ,0.1692977249622345
2026,George  Russell ,0.05275289714336395
2027,George  Russell ,0.0335979163646698
2028,George  Russell ,0.030520260334014893
2029,George  Russell ,0.03002762794494629
2030,George  Russell ,0.029948845505714417
1958,George Amick ,0.10650995373725891
1959,George Amick ,0.11380550265312195
1960,George Amick ,0.11323201656341553
1961,George Amick ,0.11432252824306488
1962,George Amick ,0.11602446436882019
1963,George Amick ,0.11780433356761932
1964,George Amick ,0.11939150094985962
1965,George Amick ,0.12068869173526764
1966,George Amick ,0.12169167399406433
1967,George Amick ,0.12243786454200745
1968,George Amick ,0.12297746539115906
1969,George Amick ,0.12335921823978424
1970,George Amick ,0.12362457811832428
1971,George Amick ,0.12380646169185638
1972,George Amick ,0.12392966449260712
1973,George Amick ,0.12401238083839417
1974,George Amick ,0.12406748533248901
1975,George Amick ,0.12410403788089752
1976,George Amick ,0.12412822246551514
1977,George Amick ,0.1241443008184433
1978,George Amick ,0.12415501475334167
1979,George Amick ,0.12416237592697144
1980,George Amick ,0.1241675615310669
1981,George Amick ,0.1241714358329773
1982,George Amick ,0.1241745799779892
1983,George Amick ,0.12417735159397125
1984,George Amick ,0.12418004870414734
1985,George Amick ,0.12418290972709656
1986,George Amick ,0.12418609857559204
1987,George Amick ,0.12418979406356812
1988,George Amick ,0.12419411540031433
1989,George Amick ,0.1241992712020874
1990,George Amick ,0.12420549988746643
1991,George Amick ,0.12421299517154694
1992,George Amick ,0.1242220550775528
1993,George Amick ,0.12423300743103027
1994,George Amick ,0.1242462694644928
1995,George Amick ,0.12426234781742096
1996,George Amick ,0.1242818683385849
1997,George Amick ,0.12430551648139954
1998,George Amick ,0.12433421611785889
1999,George Amick ,0.1243690550327301
2000,George Amick ,0.12441134452819824
2001,George Amick ,0.1244627982378006
2002,George Amick ,0.12452536821365356
2003,George Amick ,0.12460151314735413
2004,George Amick ,0.12469427287578583
2005,George Amick ,0.12480735778808594
2006,George Amick ,0.12494528293609619
2007,George Amick ,0.1251136064529419
2008,George Amick ,0.12531894445419312
2009,George Amick ,0.12556907534599304
2010,George Amick ,0.12587301433086395
2011,George Amick ,0.1262403130531311
2012,George Amick ,0.12667980790138245
2013,George Amick ,0.12719720602035522
2014,George Amick ,0.1277894377708435
2015,George Amick ,0.12843531370162964
2016,George Amick ,0.12907952070236206
2017,George Amick ,0.1296088695526123
2018,George Amick ,0.1298215091228485
2019,George Amick ,0.12939642369747162
2020,George Amick ,0.12786979973316193
2021,George Amick ,0.12457975745201111
2022,George Amick ,0.11832524836063385
2023,George Amick ,0.10611218214035034
2024,George Amick ,0.08146986365318298
2025,George Amick ,0.039903052151203156
2026,George Amick ,-0.06969387829303741
2027,George Amick ,-0.07349970936775208
2028,George Amick ,-0.07349970936775208
2029,George Amick ,-0.07349970936775208
2030,George Amick ,-0.07349970936775208
1958,George Follmer,0.11339868605136871
1959,George Follmer,0.11137798428535461
1960,George Follmer,0.11179432272911072
1961,George Follmer,0.11323130130767822
1962,George Follmer,0.11516165733337402
1963,George Follmer,0.11716179549694061
1964,George Follmer,0.11895596981048584
1965,George Follmer,0.12041379511356354
1966,George Follmer,0.12149229645729065
1967,George Follmer,0.1221734881401062
1968,George Follmer,0.12242081761360168
1969,George Follmer,0.12219129502773285
1970,George Follmer,0.12163467705249786
1971,George Follmer,0.12183304131031036
1972,George Follmer,0.1273754984140396
1973,George Follmer,0.17941847443580627
1974,George Follmer,0.1268441081047058
1975,George Follmer,0.12218546867370605
1976,George Follmer,0.12289600074291229
1977,George Follmer,0.12410512566566467
1978,George Follmer,0.12474101781845093
1979,George Follmer,0.12490841746330261
1980,George Follmer,0.12484338879585266
1981,George Follmer,0.1247025728225708
1982,George Follmer,0.12456104159355164
1983,George Follmer,0.12444542348384857
1984,George Follmer,0.1243600845336914
1985,George Follmer,0.12430095672607422
1986,George Follmer,0.12426203489303589
1987,George Follmer,0.12423783540725708
1988,George Follmer,0.12422409653663635
1989,George Follmer,0.12421773374080658
1990,George Follmer,0.12421667575836182
1991,George Follmer,0.12421970069408417
1992,George Follmer,0.12422601878643036
1993,George Follmer,0.12423531711101532
1994,George Follmer,0.12424759566783905
1995,George Follmer,0.12426313757896423
1996,George Follmer,0.12428230047225952
1997,George Follmer,0.12430572509765625
1998,George Follmer,0.12433433532714844
1999,George Follmer,0.12436909973621368
2000,George Follmer,0.12441140413284302
2001,George Follmer,0.12446284294128418
2002,George Follmer,0.12452535331249237
2003,George Follmer,0.12460152804851532
2004,George Follmer,0.12469428777694702
2005,George Follmer,0.12480737268924713
2006,George Follmer,0.12494529783725739
2007,George Follmer,0.1251136213541031
2008,George Follmer,0.12531894445419312
2009,George Follmer,0.12556907534599304
2010,George Follmer,0.12587302923202515
2011,George Follmer,0.12624028325080872
2012,George Follmer,0.12667982280254364
2013,George Follmer,0.12719720602035522
2014,George Follmer,0.1277894377708435
2015,George Follmer,0.12843531370162964
2016,George Follmer,0.12907952070236206
2017,George Follmer,0.1296088695526123
2018,George Follmer,0.1298215091228485
2019,George Follmer,0.12939642369747162
2020,George Follmer,0.12786979973316193
2021,George Follmer,0.12457975745201111
2022,George Follmer,0.11832526326179504
2023,George Follmer,0.10611218214035034
2024,George Follmer,0.08146986365318298
2025,George Follmer,0.039903052151203156
2026,George Follmer,-0.06969387829303741
2027,George Follmer,-0.07349970936775208
2028,George Follmer,-0.07349970936775208
2029,George Follmer,-0.07349970936775208
2030,George Follmer,-0.07349970936775208
1958,Gerhard  Berger ,0.11338548362255096
1959,Gerhard  Berger ,0.11135530471801758
1960,Gerhard  Berger ,0.11176395416259766
1961,Gerhard  Berger ,0.11319373548030853
1962,Gerhard  Berger ,0.11511825025081635
1963,Gerhard  Berger ,0.117116779088974
1964,Gerhard  Berger ,0.11892032623291016
1965,Gerhard  Berger ,0.12041282653808594
1966,Gerhard  Berger ,0.12158116698265076
1967,Gerhard  Berger ,0.12246447801589966
1968,Gerhard  Berger ,0.12312042713165283
1969,Gerhard  Berger ,0.12360687553882599
1970,Gerhard  Berger ,0.12397408485412598
1971,Gerhard  Berger ,0.12426254153251648
1972,Gerhard  Berger ,0.12450353801250458
1973,Gerhard  Berger ,0.12472030520439148
1974,Gerhard  Berger ,0.12492889165878296
1975,Gerhard  Berger ,0.12513861060142517
1976,Gerhard  Berger ,0.1253499686717987
1977,Gerhard  Berger ,0.12554940581321716
1978,Gerhard  Berger ,0.12569774687290192
1979,Gerhard  Berger ,0.12570860981941223
1980,Gerhard  Berger ,0.12541913986206055
1981,Gerhard  Berger ,0.124580517411232
1982,Gerhard  Berger ,0.12299239635467529
1983,Gerhard  Berger ,0.12102639675140381
1984,Gerhard  Berger ,0.12310177087783813
1985,Gerhard  Berger ,0.1076117753982544
1986,Gerhard  Berger ,0.24219492077827454
1987,Gerhard  Berger ,0.2995360195636749
1988,Gerhard  Berger ,0.3253568410873413
1989,Gerhard  Berger ,0.26371070742607117
1990,Gerhard  Berger ,0.3368329703807831
1991,Gerhard  Berger ,0.3235969543457031
1992,Gerhard  Berger ,0.30552050471305847
1993,Gerhard  Berger ,0.23907318711280823
1994,Gerhard  Berger ,0.3174171447753906
1995,Gerhard  Berger ,0.2884872257709503
1996,Gerhard  Berger ,0.2928120195865631
1997,Gerhard  Berger ,0.30156955122947693
1998,Gerhard  Berger ,0.12883688509464264
1999,Gerhard  Berger ,0.12472966313362122
2000,Gerhard  Berger ,0.12784816324710846
2001,Gerhard  Berger ,0.13016022741794586
2002,Gerhard  Berger ,0.1304093301296234
2003,Gerhard  Berger ,0.12959809601306915
2004,Gerhard  Berger ,0.1285175234079361
2005,Gerhard  Berger ,0.12755773961544037
2006,Gerhard  Berger ,0.12684783339500427
2007,Gerhard  Berger ,0.12639527022838593
2008,Gerhard  Berger ,0.12616607546806335
2009,Gerhard  Berger ,0.1261209100484848
2010,Gerhard  Berger ,0.1262282133102417
2011,Gerhard  Berger ,0.12646663188934326
2012,Gerhard  Berger ,0.1268228143453598
2013,Gerhard  Berger ,0.12728682160377502
2014,Gerhard  Berger ,0.12784525752067566
2015,Gerhard  Berger ,0.12846988439559937
2016,Gerhard  Berger ,0.12910082936286926
2017,Gerhard  Berger ,0.1296219527721405
2018,Gerhard  Berger ,0.129829540848732
2019,Gerhard  Berger ,0.12940135598182678
2020,Gerhard  Berger ,0.1278727948665619
2021,Gerhard  Berger ,0.12458162009716034
2022,Gerhard  Berger ,0.11832642555236816
2023,Gerhard  Berger ,0.10611289739608765
2024,Gerhard  Berger ,0.0814703106880188
2025,Gerhard  Berger ,0.039903052151203156
2026,Gerhard  Berger ,-0.06969387829303741
2027,Gerhard  Berger ,-0.07349970936775208
2028,Gerhard  Berger ,-0.07349970936775208
2029,Gerhard  Berger ,-0.07349970936775208
2030,Gerhard  Berger ,-0.07349970936775208
1958,Gerhard  Mitter ,0.11271628737449646
1959,Gerhard  Mitter ,0.11007153987884521
1960,Gerhard  Mitter ,0.10958510637283325
1961,Gerhard  Mitter ,0.11100603640079498
1962,Gerhard  Mitter ,0.11851850152015686
1963,Gerhard  Mitter ,0.18834993243217468
1964,Gerhard  Mitter ,0.12196852266788483
1965,Gerhard  Mitter ,0.11778110265731812
1966,Gerhard  Mitter ,0.11965595185756683
1967,Gerhard  Mitter ,0.12192970514297485
1968,Gerhard  Mitter ,0.12332887947559357
1969,Gerhard  Mitter ,0.12400221824645996
1970,Gerhard  Mitter ,0.12426280975341797
1971,Gerhard  Mitter ,0.12432953715324402
1972,Gerhard  Mitter ,0.1243198812007904
1973,Gerhard  Mitter ,0.12428787350654602
1974,Gerhard  Mitter ,0.12425516545772552
1975,Gerhard  Mitter ,0.12422868609428406
1976,Gerhard  Mitter ,0.12420940399169922
1977,Gerhard  Mitter ,0.12419632077217102
1978,Gerhard  Mitter ,0.1241879016160965
1979,Gerhard  Mitter ,0.12418290972709656
1980,Gerhard  Mitter ,0.12418024241924286
1981,Gerhard  Mitter ,0.12417915463447571
1982,Gerhard  Mitter ,0.12417924404144287
1983,Gerhard  Mitter ,0.12418016791343689
1984,Gerhard  Mitter ,0.12418173253536224
1985,Gerhard  Mitter ,0.12418390810489655
1986,Gerhard  Mitter ,0.1241866946220398
1987,Gerhard  Mitter ,0.12419012188911438
1988,Gerhard  Mitter ,0.12419430911540985
1989,Gerhard  Mitter ,0.12419942021369934
1990,Gerhard  Mitter ,0.12420552968978882
1991,Gerhard  Mitter ,0.12421303987503052
1992,Gerhard  Mitter ,0.1242220550775528
1993,Gerhard  Mitter ,0.12423300743103027
1994,Gerhard  Mitter ,0.1242462694644928
1995,Gerhard  Mitter ,0.12426234781742096
1996,Gerhard  Mitter ,0.1242818534374237
1997,Gerhard  Mitter ,0.12430550158023834
1998,Gerhard  Mitter ,0.1243341863155365
1999,Gerhard  Mitter ,0.1243690550327301
2000,Gerhard  Mitter ,0.12441137433052063
2001,Gerhard  Mitter ,0.12446281313896179
2002,Gerhard  Mitter ,0.12452535331249237
2003,Gerhard  Mitter ,0.12460151314735413
2004,Gerhard  Mitter ,0.12469428777694702
2005,Gerhard  Mitter ,0.12480735778808594
2006,Gerhard  Mitter ,0.12494529783725739
2007,Gerhard  Mitter ,0.1251136213541031
2008,Gerhard  Mitter ,0.12531894445419312
2009,Gerhard  Mitter ,0.12556907534599304
2010,Gerhard  Mitter ,0.12587301433086395
2011,Gerhard  Mitter ,0.12624028325080872
2012,Gerhard  Mitter ,0.12667982280254364
2013,Gerhard  Mitter ,0.12719719111919403
2014,Gerhard  Mitter ,0.1277894377708435
2015,Gerhard  Mitter ,0.12843531370162964
2016,Gerhard  Mitter ,0.12907952070236206
2017,Gerhard  Mitter ,0.1296088844537735
2018,Gerhard  Mitter ,0.1298215091228485
2019,Gerhard  Mitter ,0.12939642369747162
2020,Gerhard  Mitter ,0.12786978483200073
2021,Gerhard  Mitter ,0.12457975745201111
2022,Gerhard  Mitter ,0.11832524836063385
2023,Gerhard  Mitter ,0.10611218214035034
2024,Gerhard  Mitter ,0.08146986365318298
2025,Gerhard  Mitter ,0.039903052151203156
2026,Gerhard  Mitter ,-0.06969387829303741
2027,Gerhard  Mitter ,-0.07349970936775208
2028,Gerhard  Mitter ,-0.07349970936775208
2029,Gerhard  Mitter ,-0.07349970936775208
2030,Gerhard  Mitter ,-0.07349970936775208
1958,Giancarlo  Baghetti ,0.10925936698913574
1959,Giancarlo  Baghetti ,0.10696087777614594
1960,Giancarlo  Baghetti ,0.11401332914829254
1961,Giancarlo  Baghetti ,0.2312363088130951
1962,Giancarlo  Baghetti ,0.21356087923049927
1963,Giancarlo  Baghetti ,0.06853856891393661
1964,Giancarlo  Baghetti ,0.11459431052207947
1965,Giancarlo  Baghetti ,0.11964628100395203
1966,Giancarlo  Baghetti ,0.12377417087554932
1967,Giancarlo  Baghetti ,0.12538501620292664
1968,Giancarlo  Baghetti ,0.1257207691669464
1969,Giancarlo  Baghetti ,0.12553304433822632
1970,Giancarlo  Baghetti ,0.12520931661128998
1971,Giancarlo  Baghetti ,0.12490588426589966
1972,Giancarlo  Baghetti ,0.12466806173324585
1973,Giancarlo  Baghetti ,0.12449684739112854
1974,Giancarlo  Baghetti ,0.12437951564788818
1975,Giancarlo  Baghetti ,0.12430182099342346
1976,Giancarlo  Baghetti ,0.12425172328948975
1977,Giancarlo  Baghetti ,0.12422031164169312
1978,Giancarlo  Baghetti ,0.12420114874839783
1979,Giancarlo  Baghetti ,0.12418997287750244
1980,Giancarlo  Baghetti ,0.12418380379676819
1981,Giancarlo  Baghetti ,0.12418082356452942
1982,Giancarlo  Baghetti ,0.1241798996925354
1983,Giancarlo  Baghetti ,0.12418031692504883
1984,Giancarlo  Baghetti ,0.12418165802955627
1985,Giancarlo  Baghetti ,0.1241837739944458
1986,Giancarlo  Baghetti ,0.12418651580810547
1987,Giancarlo  Baghetti ,0.12419000267982483
1988,Giancarlo  Baghetti ,0.1241941899061203
1989,Giancarlo  Baghetti ,0.12419930100440979
1990,Giancarlo  Baghetti ,0.12420549988746643
1991,Giancarlo  Baghetti ,0.12421298027038574
1992,Giancarlo  Baghetti ,0.1242220401763916
1993,Giancarlo  Baghetti ,0.12423299252986908
1994,Giancarlo  Baghetti ,0.1242462545633316
1995,Giancarlo  Baghetti ,0.12426233291625977
1996,Giancarlo  Baghetti ,0.1242818534374237
1997,Giancarlo  Baghetti ,0.12430550158023834
1998,Giancarlo  Baghetti ,0.12433421611785889
1999,Giancarlo  Baghetti ,0.1243690550327301
2000,Giancarlo  Baghetti ,0.12441135942935944
2001,Giancarlo  Baghetti ,0.12446281313896179
2002,Giancarlo  Baghetti ,0.12452533841133118
2003,Giancarlo  Baghetti ,0.12460151314735413
2004,Giancarlo  Baghetti ,0.12469428777694702
2005,Giancarlo  Baghetti ,0.12480735778808594
2006,Giancarlo  Baghetti ,0.12494528293609619
2007,Giancarlo  Baghetti ,0.1251136064529419
2008,Giancarlo  Baghetti ,0.12531891465187073
2009,Giancarlo  Baghetti ,0.12556907534599304
2010,Giancarlo  Baghetti ,0.12587302923202515
2011,Giancarlo  Baghetti ,0.12624028325080872
2012,Giancarlo  Baghetti ,0.12667982280254364
2013,Giancarlo  Baghetti ,0.12719720602035522
2014,Giancarlo  Baghetti ,0.1277894377708435
2015,Giancarlo  Baghetti ,0.12843531370162964
2016,Giancarlo  Baghetti ,0.12907950580120087
2017,Giancarlo  Baghetti ,0.1296088695526123
2018,Giancarlo  Baghetti ,0.1298215091228485
2019,Giancarlo  Baghetti ,0.12939642369747162
2020,Giancarlo  Baghetti ,0.12786978483200073
2021,Giancarlo  Baghetti ,0.12457975745201111
2022,Giancarlo  Baghetti ,0.11832526326179504
2023,Giancarlo  Baghetti ,0.10611216723918915
2024,Giancarlo  Baghetti ,0.0814698338508606
2025,Giancarlo  Baghetti ,0.039903052151203156
2026,Giancarlo  Baghetti ,-0.06969387829303741
2027,Giancarlo  Baghetti ,-0.07349970936775208
2028,Giancarlo  Baghetti ,-0.07349970936775208
2029,Giancarlo  Baghetti ,-0.07349970936775208
2030,Giancarlo  Baghetti ,-0.07349970936775208
1958,Giancarlo  Fisichella ,0.11337664723396301
1959,Giancarlo  Fisichella ,0.11132997274398804
1960,Giancarlo  Fisichella ,0.11172609031200409
1961,Giancarlo  Fisichella ,0.11314314603805542
1962,Giancarlo  Fisichella ,0.11505316197872162
1963,Giancarlo  Fisichella ,0.11703455448150635
1964,Giancarlo  Fisichella ,0.118817538022995
1965,Giancarlo  Fisichella ,0.12028530240058899
1966,Giancarlo  Fisichella ,0.12142360210418701
1967,Giancarlo  Fisichella ,0.12227040529251099
1968,Giancarlo  Fisichella ,0.12288187444210052
1969,Giancarlo  Fisichella ,0.1233140081167221
1970,Giancarlo  Fisichella ,0.12361496686935425
1971,Giancarlo  Fisichella ,0.12382297217845917
1972,Giancarlo  Fisichella ,0.12396684288978577
1973,Giancarlo  Fisichella ,0.12406763434410095
1974,Giancarlo  Fisichella ,0.1241404265165329
1975,Giancarlo  Fisichella ,0.12419599294662476
1976,Giancarlo  Fisichella ,0.12424179911613464
1977,Giancarlo  Fisichella ,0.12428340315818787
1978,Giancarlo  Fisichella ,0.12432494759559631
1979,Giancarlo  Fisichella ,0.12436971068382263
1980,Giancarlo  Fisichella ,0.12442059814929962
1981,Giancarlo  Fisichella ,0.12448029220104218
1982,Giancarlo  Fisichella ,0.12455147504806519
1983,Giancarlo  Fisichella ,0.1246369481086731
1984,Giancarlo  Fisichella ,0.1247393786907196
1985,Giancarlo  Fisichella ,0.12486135959625244
1986,Giancarlo  Fisichella ,0.12500444054603577
1987,Giancarlo  Fisichella ,0.1251678764820099
1988,Giancarlo  Fisichella ,0.12534499168395996
1989,Giancarlo  Fisichella ,0.12551528215408325
1990,Giancarlo  Fisichella ,0.12562821805477142
1991,Giancarlo  Fisichella ,0.12557442486286163
1992,Giancarlo  Fisichella ,0.12515145540237427
1993,Giancarlo  Fisichella ,0.12408781051635742
1994,Giancarlo  Fisichella ,0.12236827611923218
1995,Giancarlo  Fisichella ,0.12161970138549805
1996,Giancarlo  Fisichella ,0.1281217783689499
1997,Giancarlo  Fisichella ,0.24162736535072327
1998,Giancarlo  Fisichella ,0.23775705695152283
1999,Giancarlo  Fisichella ,0.23291316628456116
2000,Giancarlo  Fisichella ,0.2659057676792145
2001,Giancarlo  Fisichella ,0.19757196307182312
2002,Giancarlo  Fisichella ,0.20259824395179749
2003,Giancarlo  Fisichella ,0.18648262321949005
2004,Giancarlo  Fisichella ,0.21429595351219177
2005,Giancarlo  Fisichella ,0.3361632525920868
2006,Giancarlo  Fisichella ,0.36282309889793396
2007,Giancarlo  Fisichella ,0.2728728950023651
2008,Giancarlo  Fisichella ,0.11729711294174194
2009,Giancarlo  Fisichella ,0.192895770072937
2010,Giancarlo  Fisichella ,0.1323370337486267
2011,Giancarlo  Fisichella ,0.13055622577667236
2012,Giancarlo  Fisichella ,0.13264773786067963
2013,Giancarlo  Fisichella ,0.13367988169193268
2014,Giancarlo  Fisichella ,0.13353975117206573
2015,Giancarlo  Fisichella ,0.1329631358385086
2016,Giancarlo  Fisichella ,0.1323956400156021
2017,Giancarlo  Fisichella ,0.13192875683307648
2018,Giancarlo  Fisichella ,0.13139629364013672
2019,Giancarlo  Fisichella ,0.1304434835910797
2020,Giancarlo  Fisichella ,0.12855583429336548
2021,Giancarlo  Fisichella ,0.12502458691596985
2022,Giancarlo  Fisichella ,0.11861157417297363
2023,Giancarlo  Fisichella ,0.10629536211490631
2024,Giancarlo  Fisichella ,0.08158530294895172
2025,Giancarlo  Fisichella ,0.039903052151203156
2026,Giancarlo  Fisichella ,-0.06969387829303741
2027,Giancarlo  Fisichella ,-0.07349970936775208
2028,Giancarlo  Fisichella ,-0.07349970936775208
2029,Giancarlo  Fisichella ,-0.07349970936775208
2030,Giancarlo  Fisichella ,-0.07349970936775208
1958,Gianmaria  Bruni ,0.11337579786777496
1959,Gianmaria  Bruni ,0.1113274097442627
1960,Gianmaria  Bruni ,0.11172229051589966
1961,Gianmaria  Bruni ,0.1131381094455719
1962,Gianmaria  Bruni ,0.1150466650724411
1963,Gianmaria  Bruni ,0.11702635884284973
1964,Gianmaria  Bruni ,0.11880737543106079
1965,Gianmaria  Bruni ,0.12027275562286377
1966,Gianmaria  Bruni ,0.12140822410583496
1967,Gianmaria  Bruni ,0.12225162982940674
1968,Gianmaria  Bruni ,0.1228589415550232
1969,Gianmaria  Bruni ,0.12328609824180603
1970,Gianmaria  Bruni ,0.12358102202415466
1971,Gianmaria  Bruni ,0.12378175556659698
1972,Gianmaria  Bruni ,0.12391671538352966
1973,Gianmaria  Bruni ,0.12400677800178528
1974,Gianmaria  Bruni ,0.12406645715236664
1975,Gianmaria  Bruni ,0.12410597503185272
1976,Gianmaria  Bruni ,0.12413227558135986
1977,Gianmaria  Bruni ,0.12415003776550293
1978,Gianmaria  Bruni ,0.12416236102581024
1979,Gianmaria  Bruni ,0.1241714209318161
1980,Gianmaria  Bruni ,0.12417854368686676
1981,Gianmaria  Bruni ,0.12418478727340698
1982,Gianmaria  Bruni ,0.1241907924413681
1983,Gianmaria  Bruni ,0.12419715523719788
1984,Gianmaria  Bruni ,0.12420430779457092
1985,Gianmaria  Bruni ,0.12421268224716187
1986,Gianmaria  Bruni ,0.1242227852344513
1987,Gianmaria  Bruni ,0.12423509359359741
1988,Gianmaria  Bruni ,0.12425027787685394
1989,Gianmaria  Bruni ,0.12426897883415222
1990,Gianmaria  Bruni ,0.12429197132587433
1991,Gianmaria  Bruni ,0.12432004511356354
1992,Gianmaria  Bruni ,0.1243537962436676
1993,Gianmaria  Bruni ,0.12439312040805817
1994,Gianmaria  Bruni ,0.12443657219409943
1995,Gianmaria  Bruni ,0.12447953224182129
1996,Gianmaria  Bruni ,0.12451159954071045
1997,Gianmaria  Bruni ,0.1245121955871582
1998,Gianmaria  Bruni ,0.12444517016410828
1999,Gianmaria  Bruni ,0.12425687909126282
2000,Gianmaria  Bruni ,0.12388843297958374
2001,Gianmaria  Bruni ,0.12334136664867401
2002,Gianmaria  Bruni ,0.12262558937072754
2003,Gianmaria  Bruni ,0.12342880666255951
2004,Gianmaria  Bruni ,0.07084384560585022
2005,Gianmaria  Bruni ,0.12108901143074036
2006,Gianmaria  Bruni ,0.12389631569385529
2007,Gianmaria  Bruni ,0.12594905495643616
2008,Gianmaria  Bruni ,0.126590758562088
2009,Gianmaria  Bruni ,0.12673473358154297
2010,Gianmaria  Bruni ,0.12677061557769775
2011,Gianmaria  Bruni ,0.12687371671199799
2012,Gianmaria  Bruni ,0.1271040439605713
2013,Gianmaria  Bruni ,0.12747138738632202
2014,Gianmaria  Bruni ,0.12796178460121155
2015,Gianmaria  Bruni ,0.12854096293449402
2016,Gianmaria  Bruni ,0.1291426569223404
2017,Gianmaria  Bruni ,0.12964551150798798
2018,Gianmaria  Bruni ,0.12984208762645721
2019,Gianmaria  Bruni ,0.12940743565559387
2020,Gianmaria  Bruni ,0.12787528336048126
2021,Gianmaria  Bruni ,0.12458223104476929
2022,Gianmaria  Bruni ,0.1183260977268219
2023,Gianmaria  Bruni ,0.10611221194267273
2024,Gianmaria  Bruni ,0.08146952092647552
2025,Gianmaria  Bruni ,0.039903052151203156
2026,Gianmaria  Bruni ,-0.06969387829303741
2027,Gianmaria  Bruni ,-0.07349970936775208
2028,Gianmaria  Bruni ,-0.07349970936775208
2029,Gianmaria  Bruni ,-0.07349970936775208
2030,Gianmaria  Bruni ,-0.07349970936775208
1958,Gianni  Morbidelli ,0.11337672173976898
1959,Gianni  Morbidelli ,0.11133015155792236
1960,Gianni  Morbidelli ,0.11172640323638916
1961,Gianni  Morbidelli ,0.11314356327056885
1962,Gianni  Morbidelli ,0.1150536835193634
1963,Gianni  Morbidelli ,0.11703521013259888
1964,Gianni  Morbidelli ,0.11881840229034424
1965,Gianni  Morbidelli ,0.12028636038303375
1966,Gianni  Morbidelli ,0.12142497301101685
1967,Gianni  Morbidelli ,0.12227217853069305
1968,Gianni  Morbidelli ,0.1228841245174408
1969,Gianni  Morbidelli ,0.1233169287443161
1970,Gianni  Morbidelli ,0.12361878156661987
1971,Gianni  Morbidelli ,0.12382793426513672
1972,Gianni  Morbidelli ,0.12397339940071106
1973,Gianni  Morbidelli ,0.12407636642456055
1974,Gianni  Morbidelli ,0.12415210902690887
1975,Gianni  Morbidelli ,0.12421154975891113
1976,Gianni  Morbidelli ,0.12426254153251648
1977,Gianni  Morbidelli ,0.12431082129478455
1978,Gianni  Morbidelli ,0.124360591173172
1979,Gianni  Morbidelli ,0.12441495060920715
1980,Gianni  Morbidelli ,0.12447550892829895
1981,Gianni  Morbidelli ,0.12454186379909515
1982,Gianni  Morbidelli ,0.12460950016975403
1983,Gianni  Morbidelli ,0.124665766954422
1984,Gianni  Morbidelli ,0.12468236684799194
1985,Gianni  Morbidelli ,0.12460413575172424
1986,Gianni  Morbidelli ,0.12433740496635437
1987,Gianni  Morbidelli ,0.12375898659229279
1988,Gianni  Morbidelli ,0.12282164394855499
1989,Gianni  Morbidelli ,0.12177589535713196
1990,Gianni  Morbidelli ,0.12355916202068329
1991,Gianni  Morbidelli ,0.09701976180076599
1992,Gianni  Morbidelli ,0.11736762523651123
1993,Gianni  Morbidelli ,0.12115420401096344
1994,Gianni  Morbidelli ,0.099591463804245
1995,Gianni  Morbidelli ,0.17013517022132874
1996,Gianni  Morbidelli ,0.1283419132232666
1997,Gianni  Morbidelli ,0.12456658482551575
1998,Gianni  Morbidelli ,0.12537719309329987
1999,Gianni  Morbidelli ,0.12620404362678528
2000,Gianni  Morbidelli ,0.12637588381767273
2001,Gianni  Morbidelli ,0.1261569708585739
2002,Gianni  Morbidelli ,0.1258256733417511
2003,Gianni  Morbidelli ,0.12553170323371887
2004,Gianni  Morbidelli ,0.12532973289489746
2005,Gianni  Morbidelli ,0.12522760033607483
2006,Gianni  Morbidelli ,0.12521642446517944
2007,Gianni  Morbidelli ,0.12528501451015472
2008,Gianni  Morbidelli ,0.1254253089427948
2009,Gianni  Morbidelli ,0.12563398480415344
2010,Gianni  Morbidelli ,0.1259119212627411
2011,Gianni  Morbidelli ,0.12626320123672485
2012,Gianni  Morbidelli ,0.1266930103302002
2013,Gianni  Morbidelli ,0.12720467150211334
2014,Gianni  Morbidelli ,0.127793550491333
2015,Gianni  Morbidelli ,0.12843748927116394
2016,Gianni  Morbidelli ,0.1290806382894516
2017,Gianni  Morbidelli ,0.1296093761920929
2018,Gianni  Morbidelli ,0.1298217475414276
2019,Gianni  Morbidelli ,0.1293964684009552
2020,Gianni  Morbidelli ,0.12786975502967834
2021,Gianni  Morbidelli ,0.12457972764968872
2022,Gianni  Morbidelli ,0.11832520365715027
2023,Gianni  Morbidelli ,0.10611215233802795
2024,Gianni  Morbidelli ,0.08146980404853821
2025,Gianni  Morbidelli ,0.039903052151203156
2026,Gianni  Morbidelli ,-0.06969387829303741
2027,Gianni  Morbidelli ,-0.07349970936775208
2028,Gianni  Morbidelli ,-0.07349970936775208
2029,Gianni  Morbidelli ,-0.07349970936775208
2030,Gianni  Morbidelli ,-0.07349970936775208
1958,Giedo  van der Garde ,0.11337573826313019
1959,Giedo  van der Garde ,0.11132732033729553
1960,Giedo  van der Garde ,0.11172214150428772
1961,Giedo  van der Garde ,0.11313790082931519
1962,Giedo  van der Garde ,0.115046426653862
1963,Giedo  van der Garde ,0.11702606081962585
1964,Giedo  van der Garde ,0.11880700290203094
1965,Giedo  van der Garde ,0.12027227878570557
1966,Giedo  van der Garde ,0.12140758335590363
1967,Giedo  van der Garde ,0.12225089967250824
1968,Giedo  van der Garde ,0.12285804748535156
1969,Giedo  van der Garde ,0.12328502535820007
1970,Giedo  van der Garde ,0.12357974052429199
1971,Giedo  van der Garde ,0.12378016114234924
1972,Giedo  van der Garde ,0.12391486763954163
1973,Giedo  van der Garde ,0.12400445342063904
1974,Giedo  van der Garde ,0.1240636557340622
1975,Giedo  van der Garde ,0.12410257756710052
1976,Giedo  van der Garde ,0.12412817776203156
1977,Giedo  van der Garde ,0.12414500117301941
1978,Giedo  van der Garde ,0.12415626645088196
1979,Giedo  van der Garde ,0.12416397035121918
1980,Giedo  van der Garde ,0.1241694986820221
1981,Giedo  van der Garde ,0.12417370080947876
1982,Giedo  van der Garde ,0.1241772472858429
1983,Giedo  van der Garde ,0.12418055534362793
1984,Giedo  van der Garde ,0.12418389320373535
1985,Giedo  van der Garde ,0.12418752908706665
1986,Giedo  van der Garde ,0.12419167160987854
1987,Giedo  van der Garde ,0.12419652938842773
1988,Giedo  van der Garde ,0.12420231103897095
1989,Giedo  van der Garde ,0.12420924007892609
1990,Giedo  van der Garde ,0.12421765923500061
1991,Giedo  van der Garde ,0.12422783672809601
1992,Giedo  van der Garde ,0.12424024939537048
1993,Giedo  van der Garde ,0.12425535917282104
1994,Giedo  van der Garde ,0.12427379190921783
1995,Giedo  van der Garde ,0.12429630756378174
1996,Giedo  van der Garde ,0.12432387471199036
1997,Giedo  van der Garde ,0.12435761094093323
1998,Giedo  van der Garde ,0.12439888715744019
1999,Giedo  van der Garde ,0.12444928288459778
2000,Giedo  van der Garde ,0.12451061606407166
2001,Giedo  van der Garde ,0.12458464503288269
2002,Giedo  van der Garde ,0.12467294931411743
2003,Giedo  van der Garde ,0.12477591633796692
2004,Giedo  van der Garde ,0.12489137053489685
2005,Giedo  van der Garde ,0.12501160800457
2006,Giedo  van der Garde ,0.12511911988258362
2007,Giedo  van der Garde ,0.12518048286437988
2008,Giedo  van der Garde ,0.12514445185661316
2009,Giedo  van der Garde ,0.12496048212051392
2010,Giedo  van der Garde ,0.12467138469219208
2011,Giedo  van der Garde ,0.12453682720661163
2012,Giedo  van der Garde ,0.12665769457817078
2013,Giedo  van der Garde ,0.09495985507965088
2014,Giedo  van der Garde ,0.12595894932746887
2015,Giedo  van der Garde ,0.12762656807899475
2016,Giedo  van der Garde ,0.1297074556350708
2017,Giedo  van der Garde ,0.13071271777153015
2018,Giedo  van der Garde ,0.13091403245925903
2019,Giedo  van der Garde ,0.13028571009635925
2020,Giedo  van der Garde ,0.12852612137794495
2021,Giedo  van der Garde ,0.12503744661808014
2022,Giedo  van der Garde ,0.11863335967063904
2023,Giedo  van der Garde ,0.10631446540355682
2024,Giedo  van der Garde ,0.08159774541854858
2025,Giedo  van der Garde ,0.039903052151203156
2026,Giedo  van der Garde ,-0.06969387829303741
2027,Giedo  van der Garde ,-0.07349970936775208
2028,Giedo  van der Garde ,-0.07349970936775208
2029,Giedo  van der Garde ,-0.07349970936775208
2030,Giedo  van der Garde ,-0.07349970936775208
1958,Gijs  van Lennep ,0.11341693997383118
1959,Gijs  van Lennep ,0.11142024397850037
1960,Gijs  van Lennep ,0.11185663938522339
1961,Gijs  van Lennep ,0.11331525444984436
1962,Gijs  van Lennep ,0.11527091264724731
1963,Gijs  van Lennep ,0.11730070412158966
1964,Gijs  van Lennep ,0.1191289871931076
1965,Gijs  van Lennep ,0.12062448263168335
1966,Gijs  van Lennep ,0.12174314260482788
1967,Gijs  van Lennep ,0.12246695160865784
1968,Gijs  van Lennep ,0.12276101112365723
1969,Gijs  van Lennep ,0.12257468700408936
1970,Gijs  van Lennep ,0.1219729334115982
1971,Gijs  van Lennep ,0.12150001525878906
1972,Gijs  van Lennep ,0.12478688359260559
1973,Gijs  van Lennep ,0.11773011088371277
1974,Gijs  van Lennep ,0.1252860426902771
1975,Gijs  van Lennep ,0.11465373635292053
1976,Gijs  van Lennep ,0.12459354102611542
1977,Gijs  van Lennep ,0.12422080338001251
1978,Gijs  van Lennep ,0.12541110813617706
1979,Gijs  van Lennep ,0.12586942315101624
1980,Gijs  van Lennep ,0.1257936954498291
1981,Gijs  van Lennep ,0.12548601627349854
1982,Gijs  van Lennep ,0.12514403462409973
1983,Gijs  van Lennep ,0.12485238909721375
1984,Gijs  van Lennep ,0.12463212013244629
1985,Gijs  van Lennep ,0.12447701394557953
1986,Gijs  van Lennep ,0.12437298893928528
1987,Gijs  van Lennep ,0.12430614233016968
1988,Gijs  van Lennep ,0.12426511943340302
1989,Gijs  van Lennep ,0.12424176931381226
1990,Gijs  van Lennep ,0.12423035502433777
1991,Gijs  van Lennep ,0.12422719597816467
1992,Gijs  van Lennep ,0.12422993779182434
1993,Gijs  van Lennep ,0.12423723936080933
1994,Gijs  van Lennep ,0.12424841523170471
1995,Gijs  van Lennep ,0.12426337599754333
1996,Gijs  van Lennep ,0.12428230047225952
1997,Gijs  van Lennep ,0.1243056207895279
1998,Gijs  van Lennep ,0.1243341863155365
1999,Gijs  van Lennep ,0.12436896562576294
2000,Gijs  van Lennep ,0.12441128492355347
2001,Gijs  van Lennep ,0.12446273863315582
2002,Gijs  van Lennep ,0.1245252788066864
2003,Gijs  van Lennep ,0.12460146844387054
2004,Gijs  van Lennep ,0.12469424307346344
2005,Gijs  van Lennep ,0.12480734288692474
2006,Gijs  van Lennep ,0.12494528293609619
2007,Gijs  van Lennep ,0.1251136064529419
2008,Gijs  van Lennep ,0.12531892955303192
2009,Gijs  van Lennep ,0.12556907534599304
2010,Gijs  van Lennep ,0.12587301433086395
2011,Gijs  van Lennep ,0.1262403130531311
2012,Gijs  van Lennep ,0.12667980790138245
2013,Gijs  van Lennep ,0.12719720602035522
2014,Gijs  van Lennep ,0.1277894377708435
2015,Gijs  van Lennep ,0.12843531370162964
2016,Gijs  van Lennep ,0.12907953560352325
2017,Gijs  van Lennep ,0.1296088695526123
2018,Gijs  van Lennep ,0.1298215091228485
2019,Gijs  van Lennep ,0.12939642369747162
2020,Gijs  van Lennep ,0.12786978483200073
2021,Gijs  van Lennep ,0.12457975745201111
2022,Gijs  van Lennep ,0.11832524836063385
2023,Gijs  van Lennep ,0.10611215233802795
2024,Gijs  van Lennep ,0.08146986365318298
2025,Gijs  van Lennep ,0.039903052151203156
2026,Gijs  van Lennep ,-0.06969387829303741
2027,Gijs  van Lennep ,-0.07349970936775208
2028,Gijs  van Lennep ,-0.07349970936775208
2029,Gijs  van Lennep ,-0.07349970936775208
2030,Gijs  van Lennep ,-0.07349970936775208
1958,Gilles  Villeneuve ,0.11340168118476868
1959,Gilles  Villeneuve ,0.11139687895774841
1960,Gilles  Villeneuve ,0.11182548105716705
1961,Gilles  Villeneuve ,0.11327603459358215
1962,Gilles  Villeneuve ,0.11522442102432251
1963,Gilles  Villeneuve ,0.11725102365016937
1964,Gilles  Villeneuve ,0.11908748745918274
1965,Gilles  Villeneuve ,0.12061789631843567
1966,Gilles  Villeneuve ,0.12182861566543579
1967,Gilles  Villeneuve ,0.12275698781013489
1968,Gilles  Villeneuve ,0.12345577776432037
1969,Gilles  Villeneuve ,0.12397171556949615
1970,Gilles  Villeneuve ,0.12432935833930969
1971,Gilles  Villeneuve ,0.12451194226741791
1972,Gilles  Villeneuve ,0.12442867457866669
1973,Gilles  Villeneuve ,0.12387138605117798
1974,Gilles  Villeneuve ,0.12251363694667816
1975,Gilles  Villeneuve ,0.1201973408460617
1976,Gilles  Villeneuve ,0.11831910908222198
1977,Gilles  Villeneuve ,0.12227407097816467
1978,Gilles  Villeneuve ,0.23921993374824524
1979,Gilles  Villeneuve ,0.33387291431427
1980,Gilles  Villeneuve ,0.2183738648891449
1981,Gilles  Villeneuve ,0.25731340050697327
1982,Gilles  Villeneuve ,0.17673157155513763
1983,Gilles  Villeneuve ,0.11998531222343445
1984,Gilles  Villeneuve ,0.12072895467281342
1985,Gilles  Villeneuve ,0.12542852759361267
1986,Gilles  Villeneuve ,0.1279238611459732
1987,Gilles  Villeneuve ,0.12837207317352295
1988,Gilles  Villeneuve ,0.1278252750635147
1989,Gilles  Villeneuve ,0.12699705362319946
1990,Gilles  Villeneuve ,0.12622088193893433
1991,Gilles  Villeneuve ,0.12560534477233887
1992,Gilles  Villeneuve ,0.12515732645988464
1993,Gilles  Villeneuve ,0.12484858930110931
1994,Gilles  Villeneuve ,0.12464496493339539
1995,Gilles  Villeneuve ,0.12451712787151337
1996,Gilles  Villeneuve ,0.12444278597831726
1997,Gilles  Villeneuve ,0.12440602481365204
1998,Gilles  Villeneuve ,0.12439638376235962
1999,Gilles  Villeneuve ,0.12440714240074158
2000,Gilles  Villeneuve ,0.1244344711303711
2001,Gilles  Villeneuve ,0.12447676062583923
2002,Gilles  Villeneuve ,0.12453371286392212
2003,Gilles  Villeneuve ,0.12460647523403168
2004,Gilles  Villeneuve ,0.12469719350337982
2005,Gilles  Villeneuve ,0.12480908632278442
2006,Gilles  Villeneuve ,0.12494629621505737
2007,Gilles  Villeneuve ,0.12511418759822845
2008,Gilles  Villeneuve ,0.12531925737857819
2009,Gilles  Villeneuve ,0.12556928396224976
2010,Gilles  Villeneuve ,0.1258731484413147
2011,Gilles  Villeneuve ,0.12624037265777588
2012,Gilles  Villeneuve ,0.12667985260486603
2013,Gilles  Villeneuve ,0.12719722092151642
2014,Gilles  Villeneuve ,0.1277894675731659
2015,Gilles  Villeneuve ,0.12843532860279083
2016,Gilles  Villeneuve ,0.12907953560352325
2017,Gilles  Villeneuve ,0.1296088695526123
2018,Gilles  Villeneuve ,0.1298215091228485
2019,Gilles  Villeneuve ,0.1293964385986328
2020,Gilles  Villeneuve ,0.12786978483200073
2021,Gilles  Villeneuve ,0.12457975745201111
2022,Gilles  Villeneuve ,0.11832524836063385
2023,Gilles  Villeneuve ,0.10611218214035034
2024,Gilles  Villeneuve ,0.08146984875202179
2025,Gilles  Villeneuve ,0.039903052151203156
2026,Gilles  Villeneuve ,-0.06969387829303741
2027,Gilles  Villeneuve ,-0.07349970936775208
2028,Gilles  Villeneuve ,-0.07349970936775208
2029,Gilles  Villeneuve ,-0.07349970936775208
2030,Gilles  Villeneuve ,-0.07349970936775208
1958,Giorgio  Pantano ,0.11337578296661377
1959,Giorgio  Pantano ,0.1113274097442627
1960,Giorgio  Pantano ,0.11172227561473846
1961,Giorgio  Pantano ,0.11313807964324951
1962,Giorgio  Pantano ,0.11504665017127991
1963,Giorgio  Pantano ,0.11702637374401093
1964,Giorgio  Pantano ,0.11880739033222198
1965,Giorgio  Pantano ,0.12027272582054138
1966,Giorgio  Pantano ,0.12140819430351257
1967,Giorgio  Pantano ,0.12225158512592316
1968,Giorgio  Pantano ,0.1228589117527008
1969,Giorgio  Pantano ,0.12328606843948364
1970,Giorgio  Pantano ,0.12358099222183228
1971,Giorgio  Pantano ,0.1237817108631134
1972,Giorgio  Pantano ,0.12391668558120728
1973,Giorgio  Pantano ,0.1240067183971405
1974,Giorgio  Pantano ,0.12406639754772186
1975,Giorgio  Pantano ,0.12410590052604675
1976,Giorgio  Pantano ,0.1241321861743927
1977,Giorgio  Pantano ,0.12414994835853577
1978,Giorgio  Pantano ,0.12416224181652069
1979,Giorgio  Pantano ,0.12417125701904297
1980,Giorgio  Pantano ,0.12417834997177124
1981,Giorgio  Pantano ,0.12418454885482788
1982,Giorgio  Pantano ,0.12419049441814423
1983,Giorgio  Pantano ,0.12419679760932922
1984,Giorgio  Pantano ,0.1242038756608963
1985,Giorgio  Pantano ,0.12421217560768127
1986,Giorgio  Pantano ,0.12422211468219757
1987,Giorgio  Pantano ,0.12423425912857056
1988,Giorgio  Pantano ,0.12424919009208679
1989,Giorgio  Pantano ,0.124267578125
1990,Giorgio  Pantano ,0.12429013848304749
1991,Giorgio  Pantano ,0.12431763112545013
1992,Giorgio  Pantano ,0.12435060739517212
1993,Giorgio  Pantano ,0.1243889331817627
1994,Giorgio  Pantano ,0.12443104386329651
1995,Giorgio  Pantano ,0.12447229027748108
1996,Giorgio  Pantano ,0.12450180947780609
1997,Giorgio  Pantano ,0.12449765205383301
1998,Giorgio  Pantano ,0.12442027032375336
1999,Giorgio  Pantano ,0.12420855462551117
2000,Giorgio  Pantano ,0.12379378080368042
2001,Giorgio  Pantano ,0.12318284809589386
2002,Giorgio  Pantano ,0.12251549959182739
2003,Giorgio  Pantano ,0.12400184571743011
2004,Giorgio  Pantano ,0.08291944861412048
2005,Giorgio  Pantano ,0.12161634862422943
2006,Giorgio  Pantano ,0.12360009551048279
2007,Giorgio  Pantano ,0.12560534477233887
2008,Giorgio  Pantano ,0.12639877200126648
2009,Giorgio  Pantano ,0.12666043639183044
2010,Giorgio  Pantano ,0.12675891816616058
2011,Giorgio  Pantano ,0.12688764929771423
2012,Giorgio  Pantano ,0.12712474167346954
2013,Giorgio  Pantano ,0.12749090790748596
2014,Giorgio  Pantano ,0.12797760963439941
2015,Giorgio  Pantano ,0.1285528838634491
2016,Giorgio  Pantano ,0.12915125489234924
2017,Giorgio  Pantano ,0.12965157628059387
2018,Giorgio  Pantano ,0.12984628975391388
2019,Giorgio  Pantano ,0.12941032648086548
2020,Giorgio  Pantano ,0.12787723541259766
2021,Giorgio  Pantano ,0.12458354234695435
2022,Giorgio  Pantano ,0.11832699179649353
2023,Giorgio  Pantano ,0.10611279308795929
2024,Giorgio  Pantano ,0.08146992325782776
2025,Giorgio  Pantano ,0.039903052151203156
2026,Giorgio  Pantano ,-0.06969387829303741
2027,Giorgio  Pantano ,-0.07349970936775208
2028,Giorgio  Pantano ,-0.07349970936775208
2029,Giorgio  Pantano ,-0.07349970936775208
2030,Giorgio  Pantano ,-0.07349970936775208
1958,Giulio  Cabianca ,0.11130179464817047
1959,Giulio  Cabianca ,0.11337114870548248
1960,Giulio  Cabianca ,0.12608285248279572
1961,Giulio  Cabianca ,0.11291344463825226
1962,Giulio  Cabianca ,0.11293867230415344
1963,Giulio  Cabianca ,0.11618581414222717
1964,Giulio  Cabianca ,0.11903375387191772
1965,Giulio  Cabianca ,0.12095366418361664
1966,Giulio  Cabianca ,0.12214529514312744
1967,Giulio  Cabianca ,0.12287433445453644
1968,Giulio  Cabianca ,0.12332722544670105
1969,Giulio  Cabianca ,0.1236153244972229
1970,Giulio  Cabianca ,0.12380248308181763
1971,Giulio  Cabianca ,0.12392577528953552
1972,Giulio  Cabianca ,0.12400773167610168
1973,Giulio  Cabianca ,0.1240624189376831
1974,Giulio  Cabianca ,0.12409904599189758
1975,Giulio  Cabianca ,0.12412360310554504
1976,Giulio  Cabianca ,0.12414014339447021
1977,Giulio  Cabianca ,0.12415146827697754
1978,Giulio  Cabianca ,0.12415927648544312
1979,Giulio  Cabianca ,0.124164879322052
1980,Giulio  Cabianca ,0.1241690069437027
1981,Giulio  Cabianca ,0.12417224049568176
1982,Giulio  Cabianca ,0.12417499721050262
1983,Giulio  Cabianca ,0.12417760491371155
1984,Giulio  Cabianca ,0.12418018281459808
1985,Giulio  Cabianca ,0.12418296933174133
1986,Giulio  Cabianca ,0.12418612837791443
1987,Giulio  Cabianca ,0.12418980896472931
1988,Giulio  Cabianca ,0.12419411540031433
1989,Giulio  Cabianca ,0.1241992861032486
1990,Giulio  Cabianca ,0.12420548498630524
1991,Giulio  Cabianca ,0.12421298027038574
1992,Giulio  Cabianca ,0.1242220401763916
1993,Giulio  Cabianca ,0.12423300743103027
1994,Giulio  Cabianca ,0.1242462545633316
1995,Giulio  Cabianca ,0.12426234781742096
1996,Giulio  Cabianca ,0.1242818683385849
1997,Giulio  Cabianca ,0.12430548667907715
1998,Giulio  Cabianca ,0.12433421611785889
1999,Giulio  Cabianca ,0.1243690550327301
2000,Giulio  Cabianca ,0.12441134452819824
2001,Giulio  Cabianca ,0.12446281313896179
2002,Giulio  Cabianca ,0.12452535331249237
2003,Giulio  Cabianca ,0.12460151314735413
2004,Giulio  Cabianca ,0.12469428777694702
2005,Giulio  Cabianca ,0.12480735778808594
2006,Giulio  Cabianca ,0.12494529783725739
2007,Giulio  Cabianca ,0.1251136213541031
2008,Giulio  Cabianca ,0.12531894445419312
2009,Giulio  Cabianca ,0.12556907534599304
2010,Giulio  Cabianca ,0.12587301433086395
2011,Giulio  Cabianca ,0.12624028325080872
2012,Giulio  Cabianca ,0.12667980790138245
2013,Giulio  Cabianca ,0.12719720602035522
2014,Giulio  Cabianca ,0.1277894526720047
2015,Giulio  Cabianca ,0.12843531370162964
2016,Giulio  Cabianca ,0.12907953560352325
2017,Giulio  Cabianca ,0.1296088695526123
2018,Giulio  Cabianca ,0.1298215091228485
2019,Giulio  Cabianca ,0.12939642369747162
2020,Giulio  Cabianca ,0.12786976993083954
2021,Giulio  Cabianca ,0.12457975745201111
2022,Giulio  Cabianca ,0.11832524836063385
2023,Giulio  Cabianca ,0.10611216723918915
2024,Giulio  Cabianca ,0.08146984875202179
2025,Giulio  Cabianca ,0.039903052151203156
2026,Giulio  Cabianca ,-0.06969387829303741
2027,Giulio  Cabianca ,-0.07349970936775208
2028,Giulio  Cabianca ,-0.07349970936775208
2029,Giulio  Cabianca ,-0.07349970936775208
2030,Giulio  Cabianca ,-0.07349970936775208
1958,Graham  Hill ,0.10778877139091492
1959,Graham  Hill ,0.1111735850572586
1960,Graham  Hill ,0.16001442074775696
1961,Graham  Hill ,0.17294582724571228
1962,Graham  Hill ,0.3302899897098541
1963,Graham  Hill ,0.3262505829334259
1964,Graham  Hill ,0.3279822766780853
1965,Graham  Hill ,0.32435140013694763
1966,Graham  Hill ,0.2714735269546509
1967,Graham  Hill ,0.2649940252304077
1968,Graham  Hill ,0.35416051745414734
1969,Graham  Hill ,0.27362170815467834
1970,Graham  Hill ,0.20012131333351135
1971,Graham  Hill ,0.10410284996032715
1972,Graham  Hill ,0.1936507374048233
1973,Graham  Hill ,0.13563768565654755
1974,Graham  Hill ,0.1346365511417389
1975,Graham  Hill ,0.1335657835006714
1976,Graham  Hill ,0.1309293657541275
1977,Graham  Hill ,0.13049881160259247
1978,Graham  Hill ,0.12961137294769287
1979,Graham  Hill ,0.12844505906105042
1980,Graham  Hill ,0.12730684876441956
1981,Graham  Hill ,0.12636449933052063
1982,Graham  Hill ,0.12565521895885468
1983,Graham  Hill ,0.1251521110534668
1984,Graham  Hill ,0.12480926513671875
1985,Graham  Hill ,0.124582439661026
1986,Graham  Hill ,0.12443609535694122
1987,Graham  Hill ,0.1243441104888916
1988,Graham  Hill ,0.12428811192512512
1989,Graham  Hill ,0.12425577640533447
1990,Graham  Hill ,0.1242389976978302
1991,Graham  Hill ,0.12423257529735565
1992,Graham  Hill ,0.12423330545425415
1993,Graham  Hill ,0.12423938512802124
1994,Graham  Hill ,0.12424981594085693
1995,Graham  Hill ,0.12426428496837616
1996,Graham  Hill ,0.12428288161754608
1997,Graham  Hill ,0.12430603802204132
1998,Graham  Hill ,0.12433448433876038
1999,Graham  Hill ,0.12436917424201965
2000,Graham  Hill ,0.12441140413284302
2001,Graham  Hill ,0.12446281313896179
2002,Graham  Hill ,0.12452533841133118
2003,Graham  Hill ,0.12460151314735413
2004,Graham  Hill ,0.12469425797462463
2005,Graham  Hill ,0.12480734288692474
2006,Graham  Hill ,0.12494531273841858
2007,Graham  Hill ,0.1251136064529419
2008,Graham  Hill ,0.12531892955303192
2009,Graham  Hill ,0.12556907534599304
2010,Graham  Hill ,0.12587302923202515
2011,Graham  Hill ,0.12624028325080872
2012,Graham  Hill ,0.12667980790138245
2013,Graham  Hill ,0.12719719111919403
2014,Graham  Hill ,0.1277894377708435
2015,Graham  Hill ,0.12843531370162964
2016,Graham  Hill ,0.12907952070236206
2017,Graham  Hill ,0.1296088695526123
2018,Graham  Hill ,0.1298215091228485
2019,Graham  Hill ,0.12939642369747162
2020,Graham  Hill ,0.12786979973316193
2021,Graham  Hill ,0.12457975745201111
2022,Graham  Hill ,0.11832526326179504
2023,Graham  Hill ,0.10611218214035034
2024,Graham  Hill ,0.08146986365318298
2025,Graham  Hill ,0.039903052151203156
2026,Graham  Hill ,-0.06969387829303741
2027,Graham  Hill ,-0.07349970936775208
2028,Graham  Hill ,-0.07349970936775208
2029,Graham  Hill ,-0.07349970936775208
2030,Graham  Hill ,-0.07349970936775208
1958,Gunnar  Nilsson ,0.11339610815048218
1959,Gunnar  Nilsson ,0.11137816309928894
1960,Gunnar  Nilsson ,0.1117967814207077
1961,Gunnar  Nilsson ,0.11323702335357666
1962,Gunnar  Nilsson ,0.11517313122749329
1963,Gunnar  Nilsson ,0.11718437075614929
1964,Gunnar  Nilsson ,0.11900079250335693
1965,Gunnar  Nilsson ,0.120504230260849
1966,Gunnar  Nilsson ,0.12167689204216003
1967,Gunnar  Nilsson ,0.1225479245185852
1968,Gunnar  Nilsson ,0.12315285205841064
1969,Gunnar  Nilsson ,0.12350165843963623
1970,Gunnar  Nilsson ,0.1235460638999939
1971,Gunnar  Nilsson ,0.12314668297767639
1972,Gunnar  Nilsson ,0.12208808958530426
1973,Gunnar  Nilsson ,0.12035499513149261
1974,Gunnar  Nilsson ,0.11934152245521545
1975,Gunnar  Nilsson ,0.12448655068874359
1976,Gunnar  Nilsson ,0.2255915105342865
1977,Gunnar  Nilsson ,0.25871720910072327
1978,Gunnar  Nilsson ,0.12527452409267426
1979,Gunnar  Nilsson ,0.1183856725692749
1980,Gunnar  Nilsson ,0.12096497416496277
1981,Gunnar  Nilsson ,0.12393161654472351
1982,Gunnar  Nilsson ,0.12538506090641022
1983,Gunnar  Nilsson ,0.12575769424438477
1984,Gunnar  Nilsson ,0.12561774253845215
1985,Gunnar  Nilsson ,0.12531548738479614
1986,Gunnar  Nilsson ,0.1250128298997879
1987,Gunnar  Nilsson ,0.12476611137390137
1988,Gunnar  Nilsson ,0.12458375096321106
1989,Gunnar  Nilsson ,0.124456986784935
1990,Gunnar  Nilsson ,0.12437303364276886
1991,Gunnar  Nilsson ,0.12432040274143219
1992,Gunnar  Nilsson ,0.12429004907608032
1993,Gunnar  Nilsson ,0.12427559494972229
1994,Gunnar  Nilsson ,0.1242726743221283
1995,Gunnar  Nilsson ,0.12427857518196106
1996,Gunnar  Nilsson ,0.12429176270961761
1997,Gunnar  Nilsson ,0.12431149184703827
1998,Gunnar  Nilsson ,0.1243378072977066
1999,Gunnar  Nilsson ,0.12437120079994202
2000,Gunnar  Nilsson ,0.12441262602806091
2001,Gunnar  Nilsson ,0.12446355819702148
2002,Gunnar  Nilsson ,0.12452581524848938
2003,Gunnar  Nilsson ,0.12460178136825562
2004,Gunnar  Nilsson ,0.12469442188739777
2005,Gunnar  Nilsson ,0.1248074471950531
2006,Gunnar  Nilsson ,0.12494534254074097
2007,Gunnar  Nilsson ,0.12511365115642548
2008,Gunnar  Nilsson ,0.12531894445419312
2009,Gunnar  Nilsson ,0.12556910514831543
2010,Gunnar  Nilsson ,0.12587302923202515
2011,Gunnar  Nilsson ,0.1262402981519699
2012,Gunnar  Nilsson ,0.12667980790138245
2013,Gunnar  Nilsson ,0.12719720602035522
2014,Gunnar  Nilsson ,0.1277894526720047
2015,Gunnar  Nilsson ,0.12843531370162964
2016,Gunnar  Nilsson ,0.12907952070236206
2017,Gunnar  Nilsson ,0.1296088546514511
2018,Gunnar  Nilsson ,0.1298215091228485
2019,Gunnar  Nilsson ,0.12939642369747162
2020,Gunnar  Nilsson ,0.12786978483200073
2021,Gunnar  Nilsson ,0.12457975745201111
2022,Gunnar  Nilsson ,0.11832524836063385
2023,Gunnar  Nilsson ,0.10611218214035034
2024,Gunnar  Nilsson ,0.0814698338508606
2025,Gunnar  Nilsson ,0.039903052151203156
2026,Gunnar  Nilsson ,-0.06969387829303741
2027,Gunnar  Nilsson ,-0.07349970936775208
2028,Gunnar  Nilsson ,-0.07349970936775208
2029,Gunnar  Nilsson ,-0.07349970936775208
2030,Gunnar  Nilsson ,-0.07349970936775208
1958,Guy Ligier,0.11345747113227844
1959,Guy Ligier,0.11145561933517456
1960,Guy Ligier,0.11182242631912231
1961,Guy Ligier,0.11309884488582611
1962,Guy Ligier,0.1146669089794159
1963,Guy Ligier,0.11599016189575195
1964,Guy Ligier,0.11682234704494476
1965,Guy Ligier,0.11773553490638733
1966,Guy Ligier,0.12277096509933472
1967,Guy Ligier,0.14102526009082794
1968,Guy Ligier,0.12201978266239166
1969,Guy Ligier,0.12056604027748108
1970,Guy Ligier,0.12247952818870544
1971,Guy Ligier,0.12396618723869324
1972,Guy Ligier,0.12465070188045502
1973,Guy Ligier,0.12482206523418427
1974,Guy Ligier,0.12476199865341187
1975,Guy Ligier,0.12463173270225525
1976,Guy Ligier,0.12450268864631653
1977,Guy Ligier,0.12439876794815063
1978,Guy Ligier,0.12432272732257843
1979,Guy Ligier,0.12427034974098206
1980,Guy Ligier,0.12423571944236755
1981,Guy Ligier,0.12421366572380066
1982,Guy Ligier,0.12420031428337097
1983,Guy Ligier,0.12419277429580688
1984,Guy Ligier,0.12418912351131439
1985,Guy Ligier,0.12418815493583679
1986,Guy Ligier,0.12418906390666962
1987,Guy Ligier,0.12419143319129944
1988,Guy Ligier,0.12419497966766357
1989,Guy Ligier,0.1241997480392456
1990,Guy Ligier,0.12420572340488434
1991,Guy Ligier,0.1242130845785141
1992,Guy Ligier,0.12422206997871399
1993,Guy Ligier,0.12423300743103027
1994,Guy Ligier,0.1242462694644928
1995,Guy Ligier,0.12426233291625977
1996,Guy Ligier,0.1242818534374237
1997,Guy Ligier,0.12430548667907715
1998,Guy Ligier,0.12433421611785889
1999,Guy Ligier,0.1243690550327301
2000,Guy Ligier,0.12441135942935944
2001,Guy Ligier,0.12446281313896179
2002,Guy Ligier,0.12452535331249237
2003,Guy Ligier,0.12460151314735413
2004,Guy Ligier,0.12469428777694702
2005,Guy Ligier,0.12480735778808594
2006,Guy Ligier,0.12494531273841858
2007,Guy Ligier,0.1251136064529419
2008,Guy Ligier,0.12531892955303192
2009,Guy Ligier,0.12556907534599304
2010,Guy Ligier,0.12587302923202515
2011,Guy Ligier,0.12624028325080872
2012,Guy Ligier,0.12667982280254364
2013,Guy Ligier,0.12719720602035522
2014,Guy Ligier,0.1277894377708435
2015,Guy Ligier,0.12843531370162964
2016,Guy Ligier,0.12907952070236206
2017,Guy Ligier,0.1296088695526123
2018,Guy Ligier,0.1298215091228485
2019,Guy Ligier,0.12939642369747162
2020,Guy Ligier,0.12786979973316193
2021,Guy Ligier,0.12457975745201111
2022,Guy Ligier,0.11832526326179504
2023,Guy Ligier,0.10611218214035034
2024,Guy Ligier,0.08146986365318298
2025,Guy Ligier,0.039903052151203156
2026,Guy Ligier,-0.06969387829303741
2027,Guy Ligier,-0.07349970936775208
2028,Guy Ligier,-0.07349970936775208
2029,Guy Ligier,-0.07349970936775208
2030,Guy Ligier,-0.07349970936775208
1958,Hans Herrmann ,0.11113646626472473
1959,Hans Herrmann ,0.1113215982913971
1960,Hans Herrmann ,0.09156283736228943
1961,Hans Herrmann ,0.10945938527584076
1962,Hans Herrmann ,0.11265870928764343
1963,Hans Herrmann ,0.11661019921302795
1964,Hans Herrmann ,0.11938652396202087
1965,Hans Herrmann ,0.12113915383815765
1966,Hans Herrmann ,0.12221363186836243
1967,Hans Herrmann ,0.12288209795951843
1968,Hans Herrmann ,0.12331020832061768
1969,Hans Herrmann ,0.12359178066253662
1970,Hans Herrmann ,0.1237802505493164
1971,Hans Herrmann ,0.12390753626823425
1972,Hans Herrmann ,0.12399369478225708
1973,Hans Herrmann ,0.12405207753181458
1974,Hans Herrmann ,0.12409159541130066
1975,Hans Herrmann ,0.124118372797966
1976,Hans Herrmann ,0.1241365373134613
1977,Hans Herrmann ,0.12414899468421936
1978,Hans Herrmann ,0.1241576075553894
1979,Hans Herrmann ,0.12416371703147888
1980,Hans Herrmann ,0.12416824698448181
1981,Hans Herrmann ,0.12417173385620117
1982,Hans Herrmann ,0.12417468428611755
1983,Hans Herrmann ,0.12417739629745483
1984,Hans Herrmann ,0.12418004870414734
1985,Hans Herrmann ,0.12418289482593536
1986,Hans Herrmann ,0.12418606877326965
1987,Hans Herrmann ,0.12418976426124573
1988,Hans Herrmann ,0.12419410049915314
1989,Hans Herrmann ,0.12419924139976501
1990,Hans Herrmann ,0.12420547008514404
1991,Hans Herrmann ,0.12421298027038574
1992,Hans Herrmann ,0.12422202527523041
1993,Hans Herrmann ,0.12423302233219147
1994,Hans Herrmann ,0.1242462694644928
1995,Hans Herrmann ,0.12426234781742096
1996,Hans Herrmann ,0.1242818683385849
1997,Hans Herrmann ,0.12430548667907715
1998,Hans Herrmann ,0.12433421611785889
1999,Hans Herrmann ,0.1243690550327301
2000,Hans Herrmann ,0.12441137433052063
2001,Hans Herrmann ,0.12446284294128418
2002,Hans Herrmann ,0.12452536821365356
2003,Hans Herrmann ,0.12460151314735413
2004,Hans Herrmann ,0.12469428777694702
2005,Hans Herrmann ,0.12480735778808594
2006,Hans Herrmann ,0.12494531273841858
2007,Hans Herrmann ,0.1251136064529419
2008,Hans Herrmann ,0.12531894445419312
2009,Hans Herrmann ,0.12556907534599304
2010,Hans Herrmann ,0.12587301433086395
2011,Hans Herrmann ,0.1262402981519699
2012,Hans Herrmann ,0.12667980790138245
2013,Hans Herrmann ,0.12719720602035522
2014,Hans Herrmann ,0.1277894526720047
2015,Hans Herrmann ,0.12843531370162964
2016,Hans Herrmann ,0.12907952070236206
2017,Hans Herrmann ,0.1296088695526123
2018,Hans Herrmann ,0.1298215389251709
2019,Hans Herrmann ,0.12939642369747162
2020,Hans Herrmann ,0.12786978483200073
2021,Hans Herrmann ,0.1245797723531723
2022,Hans Herrmann ,0.11832524836063385
2023,Hans Herrmann ,0.10611215233802795
2024,Hans Herrmann ,0.08146984875202179
2025,Hans Herrmann ,0.039903052151203156
2026,Hans Herrmann ,-0.06969387829303741
2027,Hans Herrmann ,-0.07349970936775208
2028,Hans Herrmann ,-0.07349970936775208
2029,Hans Herrmann ,-0.07349970936775208
2030,Hans Herrmann ,-0.07349970936775208
1958,Hans-Joachim  Stuck ,0.11343029141426086
1959,Hans-Joachim  Stuck ,0.11146119236946106
1960,Hans-Joachim  Stuck ,0.11191870272159576
1961,Hans-Joachim  Stuck ,0.11339941620826721
1962,Hans-Joachim  Stuck ,0.11538153886795044
1963,Hans-Joachim  Stuck ,0.11744549870491028
1964,Hans-Joachim  Stuck ,0.11932039260864258
1965,Hans-Joachim  Stuck ,0.12088322639465332
1966,Hans-Joachim  Stuck ,0.1221042275428772
1967,Hans-Joachim  Stuck ,0.12298622727394104
1968,Hans-Joachim  Stuck ,0.12351477146148682
1969,Hans-Joachim  Stuck ,0.1236225962638855
1970,Hans-Joachim  Stuck ,0.12319493293762207
1971,Hans-Joachim  Stuck ,0.12223492562770844
1972,Hans-Joachim  Stuck ,0.12146088480949402
1973,Hans-Joachim  Stuck ,0.12514503300189972
1974,Hans-Joachim  Stuck ,0.1469351202249527
1975,Hans-Joachim  Stuck ,0.12638501822948456
1976,Hans-Joachim  Stuck ,0.1800180971622467
1977,Hans-Joachim  Stuck ,0.2129439413547516
1978,Hans-Joachim  Stuck ,0.13255316019058228
1979,Hans-Joachim  Stuck ,0.1198129951953888
1980,Hans-Joachim  Stuck ,0.12490954995155334
1981,Hans-Joachim  Stuck ,0.1254453808069229
1982,Hans-Joachim  Stuck ,0.12764523923397064
1983,Hans-Joachim  Stuck ,0.12825345993041992
1984,Hans-Joachim  Stuck ,0.12784011662006378
1985,Hans-Joachim  Stuck ,0.12705346941947937
1986,Hans-Joachim  Stuck ,0.1262681782245636
1987,Hans-Joachim  Stuck ,0.12562750279903412
1988,Hans-Joachim  Stuck ,0.12515440583229065
1989,Hans-Joachim  Stuck ,0.12482526898384094
1990,Hans-Joachim  Stuck ,0.12460574507713318
1991,Hans-Joachim  Stuck ,0.12446466088294983
1992,Hans-Joachim  Stuck ,0.12437781691551208
1993,Hans-Joachim  Stuck ,0.12432798743247986
1994,Hans-Joachim  Stuck ,0.12430331110954285
1995,Hans-Joachim  Stuck ,0.12429606914520264
1996,Hans-Joachim  Stuck ,0.12430144846439362
1997,Hans-Joachim  Stuck ,0.12431666254997253
1998,Hans-Joachim  Stuck ,0.12434041500091553
1999,Hans-Joachim  Stuck ,0.12437242269515991
2000,Hans-Joachim  Stuck ,0.1244131326675415
2001,Hans-Joachim  Stuck ,0.12446370720863342
2002,Hans-Joachim  Stuck ,0.12452578544616699
2003,Hans-Joachim  Stuck ,0.12460167706012726
2004,Hans-Joachim  Stuck ,0.12469431757926941
2005,Hans-Joachim  Stuck ,0.12480732798576355
2006,Hans-Joachim  Stuck ,0.124945268034935
2007,Hans-Joachim  Stuck ,0.1251135766506195
2008,Hans-Joachim  Stuck ,0.12531888484954834
2009,Hans-Joachim  Stuck ,0.12556904554367065
2010,Hans-Joachim  Stuck ,0.12587299942970276
2011,Hans-Joachim  Stuck ,0.12624028325080872
2012,Hans-Joachim  Stuck ,0.12667980790138245
2013,Hans-Joachim  Stuck ,0.12719719111919403
2014,Hans-Joachim  Stuck ,0.1277894526720047
2015,Hans-Joachim  Stuck ,0.12843532860279083
2016,Hans-Joachim  Stuck ,0.12907952070236206
2017,Hans-Joachim  Stuck ,0.1296088695526123
2018,Hans-Joachim  Stuck ,0.1298215091228485
2019,Hans-Joachim  Stuck ,0.12939640879631042
2020,Hans-Joachim  Stuck ,0.12786976993083954
2021,Hans-Joachim  Stuck ,0.12457975745201111
2022,Hans-Joachim  Stuck ,0.11832524836063385
2023,Hans-Joachim  Stuck ,0.10611218214035034
2024,Hans-Joachim  Stuck ,0.08146986365318298
2025,Hans-Joachim  Stuck ,0.039903052151203156
2026,Hans-Joachim  Stuck ,-0.06969387829303741
2027,Hans-Joachim  Stuck ,-0.07349970936775208
2028,Hans-Joachim  Stuck ,-0.07349970936775208
2029,Hans-Joachim  Stuck ,-0.07349970936775208
2030,Hans-Joachim  Stuck ,-0.07349970936775208
1958,Hap Sharp,0.11291499435901642
1959,Hap Sharp,0.1104070246219635
1960,Hap Sharp,0.1100844293832779
1961,Hap Sharp,0.11119958758354187
1962,Hap Sharp,0.11699628829956055
1963,Hap Sharp,0.12915556132793427
1964,Hap Sharp,0.11865416169166565
1965,Hap Sharp,0.11844097077846527
1966,Hap Sharp,0.12082795798778534
1967,Hap Sharp,0.1226457804441452
1968,Hap Sharp,0.1236359179019928
1969,Hap Sharp,0.12407633662223816
1970,Hap Sharp,0.12423372268676758
1971,Hap Sharp,0.1242675632238388
1972,Hap Sharp,0.12425650656223297
1973,Hap Sharp,0.12423445284366608
1974,Hap Sharp,0.12421396374702454
1975,Hap Sharp,0.12419842183589935
1976,Hap Sharp,0.1241878867149353
1977,Hap Sharp,0.12418131530284882
1978,Hap Sharp,0.12417760491371155
1979,Hap Sharp,0.12417593598365784
1980,Hap Sharp,0.1241755485534668
1981,Hap Sharp,0.1241760402917862
1982,Hap Sharp,0.12417718768119812
1983,Hap Sharp,0.12417879700660706
1984,Hap Sharp,0.1241808533668518
1985,Hap Sharp,0.12418332695960999
1986,Hap Sharp,0.12418630719184875
1987,Hap Sharp,0.12418988347053528
1988,Hap Sharp,0.12419416010379791
1989,Hap Sharp,0.12419930100440979
1990,Hap Sharp,0.12420548498630524
1991,Hap Sharp,0.12421298027038574
1992,Hap Sharp,0.12422202527523041
1993,Hap Sharp,0.12423300743103027
1994,Hap Sharp,0.1242462545633316
1995,Hap Sharp,0.12426236271858215
1996,Hap Sharp,0.1242818683385849
1997,Hap Sharp,0.12430548667907715
1998,Hap Sharp,0.12433421611785889
1999,Hap Sharp,0.1243690550327301
2000,Hap Sharp,0.12441137433052063
2001,Hap Sharp,0.12446281313896179
2002,Hap Sharp,0.12452535331249237
2003,Hap Sharp,0.12460151314735413
2004,Hap Sharp,0.12469428777694702
2005,Hap Sharp,0.12480735778808594
2006,Hap Sharp,0.12494529783725739
2007,Hap Sharp,0.1251136064529419
2008,Hap Sharp,0.12531891465187073
2009,Hap Sharp,0.12556907534599304
2010,Hap Sharp,0.12587301433086395
2011,Hap Sharp,0.12624028325080872
2012,Hap Sharp,0.12667980790138245
2013,Hap Sharp,0.12719720602035522
2014,Hap Sharp,0.1277894377708435
2015,Hap Sharp,0.12843529880046844
2016,Hap Sharp,0.12907952070236206
2017,Hap Sharp,0.1296088695526123
2018,Hap Sharp,0.1298215091228485
2019,Hap Sharp,0.12939642369747162
2020,Hap Sharp,0.12786979973316193
2021,Hap Sharp,0.12457975745201111
2022,Hap Sharp,0.11832524836063385
2023,Hap Sharp,0.10611218214035034
2024,Hap Sharp,0.08146986365318298
2025,Hap Sharp,0.039903052151203156
2026,Hap Sharp,-0.06969387829303741
2027,Hap Sharp,-0.07349970936775208
2028,Hap Sharp,-0.07349970936775208
2029,Hap Sharp,-0.07349970936775208
2030,Hap Sharp,-0.07349970936775208
1958,Harry  Schell ,0.24655672907829285
1959,Harry  Schell ,0.2150251567363739
1960,Harry  Schell ,0.11512620747089386
1961,Harry  Schell ,0.1069699227809906
1962,Harry  Schell ,0.111183300614357
1963,Harry  Schell ,0.11614027619361877
1964,Harry  Schell ,0.11951185762882233
1965,Harry  Schell ,0.12148258090019226
1966,Harry  Schell ,0.12258096039295197
1967,Harry  Schell ,0.12319663166999817
1968,Harry  Schell ,0.12355393171310425
1969,Harry  Schell ,0.12377059459686279
1970,Harry  Schell ,0.12390723824501038
1971,Harry  Schell ,0.12399575114250183
1972,Harry  Schell ,0.12405417859554291
1973,Harry  Schell ,0.12409307062625885
1974,Harry  Schell ,0.12411916255950928
1975,Harry  Schell ,0.1241367757320404
1976,Harry  Schell ,0.12414878606796265
1977,Harry  Schell ,0.12415707111358643
1978,Harry  Schell ,0.1241629421710968
1979,Harry  Schell ,0.12416723370552063
1980,Harry  Schell ,0.12417054176330566
1981,Harry  Schell ,0.12417323887348175
1982,Harry  Schell ,0.12417566776275635
1983,Harry  Schell ,0.12417800724506378
1984,Harry  Schell ,0.12418045103549957
1985,Harry  Schell ,0.12418314814567566
1986,Harry  Schell ,0.12418624758720398
1987,Harry  Schell ,0.12418988347053528
1988,Harry  Schell ,0.1241941750049591
1989,Harry  Schell ,0.12419931590557098
1990,Harry  Schell ,0.12420551478862762
1991,Harry  Schell ,0.12421301007270813
1992,Harry  Schell ,0.1242220401763916
1993,Harry  Schell ,0.12423300743103027
1994,Harry  Schell ,0.1242462694644928
1995,Harry  Schell ,0.12426234781742096
1996,Harry  Schell ,0.1242818683385849
1997,Harry  Schell ,0.12430548667907715
1998,Harry  Schell ,0.12433421611785889
1999,Harry  Schell ,0.1243690550327301
2000,Harry  Schell ,0.12441134452819824
2001,Harry  Schell ,0.1244627982378006
2002,Harry  Schell ,0.12452536821365356
2003,Harry  Schell ,0.12460151314735413
2004,Harry  Schell ,0.12469428777694702
2005,Harry  Schell ,0.12480735778808594
2006,Harry  Schell ,0.12494528293609619
2007,Harry  Schell ,0.1251136213541031
2008,Harry  Schell ,0.12531894445419312
2009,Harry  Schell ,0.12556907534599304
2010,Harry  Schell ,0.12587302923202515
2011,Harry  Schell ,0.12624028325080872
2012,Harry  Schell ,0.12667980790138245
2013,Harry  Schell ,0.12719720602035522
2014,Harry  Schell ,0.1277894377708435
2015,Harry  Schell ,0.12843531370162964
2016,Harry  Schell ,0.12907952070236206
2017,Harry  Schell ,0.1296088695526123
2018,Harry  Schell ,0.1298215091228485
2019,Harry  Schell ,0.12939642369747162
2020,Harry  Schell ,0.12786979973316193
2021,Harry  Schell ,0.12457975745201111
2022,Harry  Schell ,0.11832524836063385
2023,Harry  Schell ,0.10611218214035034
2024,Harry  Schell ,0.08146986365318298
2025,Harry  Schell ,0.039903052151203156
2026,Harry  Schell ,-0.06969387829303741
2027,Harry  Schell ,-0.07349970936775208
2028,Harry  Schell ,-0.07349970936775208
2029,Harry  Schell ,-0.07349970936775208
2030,Harry  Schell ,-0.07349970936775208
1958,Hector  Rebaque ,0.11339128017425537
1959,Hector  Rebaque ,0.11136840283870697
1960,Hector  Rebaque ,0.11178325116634369
1961,Hector  Rebaque ,0.11321994662284851
1962,Hector  Rebaque ,0.1151527464389801
1963,Hector  Rebaque ,0.11716151237487793
1964,Hector  Rebaque ,0.11897745728492737
1965,Hector  Rebaque ,0.12048467993736267
1966,Hector  Rebaque ,0.12166957557201385
1967,Hector  Rebaque ,0.12256991863250732
1968,Hector  Rebaque ,0.12323954701423645
1969,Hector  Rebaque ,0.1237277090549469
1970,Hector  Rebaque ,0.12406592071056366
1971,Hector  Rebaque ,0.12425592541694641
1972,Hector  Rebaque ,0.12425313889980316
1973,Hector  Rebaque ,0.12394863367080688
1974,Hector  Rebaque ,0.1231776773929596
1975,Hector  Rebaque ,0.12187407910823822
1976,Hector  Rebaque ,0.12061253190040588
1977,Hector  Rebaque ,0.12353703379631042
1978,Hector  Rebaque ,0.1382136046886444
1979,Hector  Rebaque ,0.12212902307510376
1980,Hector  Rebaque ,0.12284941971302032
1981,Hector  Rebaque ,0.23258191347122192
1982,Hector  Rebaque ,0.1283639371395111
1983,Hector  Rebaque ,0.12232109904289246
1984,Hector  Rebaque ,0.12369078397750854
1985,Hector  Rebaque ,0.12546215951442719
1986,Hector  Rebaque ,0.12615641951560974
1987,Hector  Rebaque ,0.12611402571201324
1988,Hector  Rebaque ,0.12576712667942047
1989,Hector  Rebaque ,0.12536992132663727
1990,Hector  Rebaque ,0.12502871453762054
1991,Hector  Rebaque ,0.12477074563503265
1992,Hector  Rebaque ,0.12459006905555725
1993,Hector  Rebaque ,0.12447094917297363
1994,Hector  Rebaque ,0.12439751625061035
1995,Hector  Rebaque ,0.12435708940029144
1996,Hector  Rebaque ,0.12434041500091553
1997,Hector  Rebaque ,0.12434121966362
1998,Hector  Rebaque ,0.12435570359230042
1999,Hector  Rebaque ,0.12438184022903442
2000,Hector  Rebaque ,0.12441888451576233
2001,Hector  Rebaque ,0.1244671642780304
2002,Hector  Rebaque ,0.12452784180641174
2003,Hector  Rebaque ,0.12460291385650635
2004,Hector  Rebaque ,0.1246950626373291
2005,Hector  Rebaque ,0.12480777502059937
2006,Hector  Rebaque ,0.12494552135467529
2007,Hector  Rebaque ,0.12511372566223145
2008,Hector  Rebaque ,0.1253189742565155
2009,Hector  Rebaque ,0.12556910514831543
2010,Hector  Rebaque ,0.12587302923202515
2011,Hector  Rebaque ,0.1262403130531311
2012,Hector  Rebaque ,0.12667979300022125
2013,Hector  Rebaque ,0.12719720602035522
2014,Hector  Rebaque ,0.1277894377708435
2015,Hector  Rebaque ,0.12843532860279083
2016,Hector  Rebaque ,0.12907952070236206
2017,Hector  Rebaque ,0.1296088695526123
2018,Hector  Rebaque ,0.1298215091228485
2019,Hector  Rebaque ,0.12939640879631042
2020,Hector  Rebaque ,0.12786978483200073
2021,Hector  Rebaque ,0.12457975745201111
2022,Hector  Rebaque ,0.11832524836063385
2023,Hector  Rebaque ,0.10611215233802795
2024,Hector  Rebaque ,0.08146986365318298
2025,Hector  Rebaque ,0.039903052151203156
2026,Hector  Rebaque ,-0.06969387829303741
2027,Hector  Rebaque ,-0.07349970936775208
2028,Hector  Rebaque ,-0.07349970936775208
2029,Hector  Rebaque ,-0.07349970936775208
2030,Hector  Rebaque ,-0.07349970936775208
1958,Heikki  Kovalainen ,0.11337582767009735
1959,Heikki  Kovalainen ,0.11132760345935822
1960,Heikki  Kovalainen ,0.11172255873680115
1961,Heikki  Kovalainen ,0.11313849687576294
1962,Heikki  Kovalainen ,0.1150471568107605
1963,Heikki  Kovalainen ,0.11702701449394226
1964,Heikki  Kovalainen ,0.11880818009376526
1965,Heikki  Kovalainen ,0.12027376890182495
1966,Heikki  Kovalainen ,0.12140943109989166
1967,Heikki  Kovalainen ,0.12225309014320374
1968,Heikki  Kovalainen ,0.12286075949668884
1969,Heikki  Kovalainen ,0.12328830361366272
1970,Heikki  Kovalainen ,0.12358370423316956
1971,Heikki  Kovalainen ,0.12378498911857605
1972,Heikki  Kovalainen ,0.12392067909240723
1973,Heikki  Kovalainen ,0.12401151657104492
1974,Heikki  Kovalainen ,0.12407222390174866
1975,Heikki  Kovalainen ,0.12411297857761383
1976,Heikki  Kovalainen ,0.12414073944091797
1977,Heikki  Kovalainen ,0.1241602897644043
1978,Heikki  Kovalainen ,0.12417477369308472
1979,Heikki  Kovalainen ,0.12418641149997711
1980,Heikki  Kovalainen ,0.12419669330120087
1981,Heikki  Kovalainen ,0.12420675158500671
1982,Heikki  Kovalainen ,0.12421736121177673
1983,Heikki  Kovalainen ,0.12422928214073181
1984,Heikki  Kovalainen ,0.1242431104183197
1985,Heikki  Kovalainen ,0.1242595911026001
1986,Heikki  Kovalainen ,0.12427940964698792
1987,Heikki  Kovalainen ,0.12430346012115479
1988,Heikki  Kovalainen ,0.12433275580406189
1989,Heikki  Kovalainen ,0.12436851859092712
1990,Heikki  Kovalainen ,0.1244121789932251
1991,Heikki  Kovalainen ,0.12446548044681549
1992,Heikki  Kovalainen ,0.12453034520149231
1993,Heikki  Kovalainen ,0.12460893392562866
1994,Heikki  Kovalainen ,0.1247035413980484
1995,Heikki  Kovalainen ,0.12481608986854553
1996,Heikki  Kovalainen ,0.12494784593582153
1997,Heikki  Kovalainen ,0.12509742379188538
1998,Heikki  Kovalainen ,0.12525725364685059
1999,Heikki  Kovalainen ,0.12540490925312042
2000,Heikki  Kovalainen ,0.12548434734344482
2001,Heikki  Kovalainen ,0.1253727525472641
2002,Heikki  Kovalainen ,0.12484012544155121
2003,Heikki  Kovalainen ,0.12357370555400848
2004,Heikki  Kovalainen ,0.12155067920684814
2005,Heikki  Kovalainen ,0.12066809833049774
2006,Heikki  Kovalainen ,0.12706229090690613
2007,Heikki  Kovalainen ,0.2732113301753998
2008,Heikki  Kovalainen ,0.30205538868904114
2009,Heikki  Kovalainen ,0.23035070300102234
2010,Heikki  Kovalainen ,0.10151109099388123
2011,Heikki  Kovalainen ,0.0979776382446289
2012,Heikki  Kovalainen ,0.09357763826847076
2013,Heikki  Kovalainen ,0.13918499648571014
2014,Heikki  Kovalainen ,0.1352802813053131
2015,Heikki  Kovalainen ,0.13391482830047607
2016,Heikki  Kovalainen ,0.1351153701543808
2017,Heikki  Kovalainen ,0.13528737425804138
2018,Heikki  Kovalainen ,0.13449615240097046
2019,Heikki  Kovalainen ,0.13291659951210022
2020,Heikki  Kovalainen ,0.13037267327308655
2021,Heikki  Kovalainen ,0.12629473209381104
2022,Heikki  Kovalainen ,0.11947298049926758
2023,Heikki  Kovalainen ,0.1068679690361023
2024,Heikki  Kovalainen ,0.08195480704307556
2025,Heikki  Kovalainen ,0.039903052151203156
2026,Heikki  Kovalainen ,-0.06969387829303741
2027,Heikki  Kovalainen ,-0.07349970936775208
2028,Heikki  Kovalainen ,-0.07349970936775208
2029,Heikki  Kovalainen ,-0.07349970936775208
2030,Heikki  Kovalainen ,-0.07349970936775208
1958,Heinz-Harald  Frentzen ,0.11337719857692719
1959,Heinz-Harald  Frentzen ,0.11133161187171936
1960,Heinz-Harald  Frentzen ,0.11172853410243988
1961,Heinz-Harald  Frentzen ,0.11314645409584045
1962,Heinz-Harald  Frentzen ,0.11505737900733948
1963,Heinz-Harald  Frentzen ,0.11703982949256897
1964,Heinz-Harald  Frentzen ,0.11882415413856506
1965,Heinz-Harald  Frentzen ,0.12029343843460083
1966,Heinz-Harald  Frentzen ,0.12143363058567047
1967,Heinz-Harald  Frentzen ,0.1222827136516571
1968,Heinz-Harald  Frentzen ,0.12289687991142273
1969,Heinz-Harald  Frentzen ,0.12333235144615173
1970,Heinz-Harald  Frentzen ,0.12363734841346741
1971,Heinz-Harald  Frentzen ,0.12385031580924988
1972,Heinz-Harald  Frentzen ,0.12400023639202118
1973,Heinz-Harald  Frentzen ,0.1241084486246109
1974,Heinz-Harald  Frentzen ,0.12419043481349945
1975,Heinz-Harald  Frentzen ,0.12425723671913147
1976,Heinz-Harald  Frentzen ,0.1243169754743576
1977,Heinz-Harald  Frentzen ,0.12437570095062256
1978,Heinz-Harald  Frentzen ,0.12443828582763672
1979,Heinz-Harald  Frentzen ,0.12450867891311646
1980,Heinz-Harald  Frentzen ,0.12459048628807068
1981,Heinz-Harald  Frentzen ,0.12468688189983368
1982,Heinz-Harald  Frentzen ,0.1248004138469696
1983,Heinz-Harald  Frentzen ,0.1249326765537262
1984,Heinz-Harald  Frentzen ,0.12508243322372437
1985,Heinz-Harald  Frentzen ,0.12524273991584778
1986,Heinz-Harald  Frentzen ,0.1253938376903534
1987,Heinz-Harald  Frentzen ,0.12548917531967163
1988,Heinz-Harald  Frentzen ,0.1254313737154007
1989,Heinz-Harald  Frentzen ,0.12504300475120544
1990,Heinz-Harald  Frentzen ,0.12407903373241425
1991,Heinz-Harald  Frentzen ,0.12246385216712952
1992,Heinz-Harald  Frentzen ,0.12126195430755615
1993,Heinz-Harald  Frentzen ,0.12623436748981476
1994,Heinz-Harald  Frentzen ,0.1767255961894989
1995,Heinz-Harald  Frentzen ,0.2225109040737152
1996,Heinz-Harald  Frentzen ,0.18820536136627197
1997,Heinz-Harald  Frentzen ,0.3381270170211792
1998,Heinz-Harald  Frentzen ,0.2590935528278351
1999,Heinz-Harald  Frentzen ,0.3249739706516266
2000,Heinz-Harald  Frentzen ,0.2340318262577057
2001,Heinz-Harald  Frentzen ,0.17461121082305908
2002,Heinz-Harald  Frentzen ,0.14179375767707825
2003,Heinz-Harald  Frentzen ,0.2177887260913849
2004,Heinz-Harald  Frentzen ,0.1342470645904541
2005,Heinz-Harald  Frentzen ,0.12954336404800415
2006,Heinz-Harald  Frentzen ,0.1303521990776062
2007,Heinz-Harald  Frentzen ,0.1309134066104889
2008,Heinz-Harald  Frentzen ,0.13050276041030884
2009,Heinz-Harald  Frentzen ,0.12968245148658752
2010,Heinz-Harald  Frentzen ,0.1289007067680359
2011,Heinz-Harald  Frentzen ,0.12836302816867828
2012,Heinz-Harald  Frentzen ,0.12811997532844543
2013,Heinz-Harald  Frentzen ,0.1281517893075943
2014,Heinz-Harald  Frentzen ,0.1284111887216568
2015,Heinz-Harald  Frentzen ,0.12883464992046356
2016,Heinz-Harald  Frentzen ,0.12933297455310822
2017,Heinz-Harald  Frentzen ,0.12976808845996857
2018,Heinz-Harald  Frentzen ,0.12992064654827118
2019,Heinz-Harald  Frentzen ,0.12945759296417236
2020,Heinz-Harald  Frentzen ,0.12790727615356445
2021,Heinz-Harald  Frentzen ,0.12460264563560486
2022,Heinz-Harald  Frentzen ,0.11833915114402771
2023,Heinz-Harald  Frentzen ,0.10612060129642487
2024,Heinz-Harald  Frentzen ,0.08147493004798889
2025,Heinz-Harald  Frentzen ,0.039903052151203156
2026,Heinz-Harald  Frentzen ,-0.06969387829303741
2027,Heinz-Harald  Frentzen ,-0.07349970936775208
2028,Heinz-Harald  Frentzen ,-0.07349970936775208
2029,Heinz-Harald  Frentzen ,-0.07349970936775208
2030,Heinz-Harald  Frentzen ,-0.07349970936775208
1958,Henri  Pescarolo ,0.11346356570720673
1959,Henri  Pescarolo ,0.11150799691677094
1960,Henri  Pescarolo ,0.11196720600128174
1961,Henri  Pescarolo ,0.11343181133270264
1962,Henri  Pescarolo ,0.1153613030910492
1963,Henri  Pescarolo ,0.11729677021503448
1964,Henri  Pescarolo ,0.11889603734016418
1965,Henri  Pescarolo ,0.11992767453193665
1966,Henri  Pescarolo ,0.12027120590209961
1967,Henri  Pescarolo ,0.12014362215995789
1968,Henri  Pescarolo ,0.1210079938173294
1969,Henri  Pescarolo ,0.1285996288061142
1970,Henri  Pescarolo ,0.1929219365119934
1971,Henri  Pescarolo ,0.09718011319637299
1972,Henri  Pescarolo ,0.12469002604484558
1973,Henri  Pescarolo ,0.12474855780601501
1974,Henri  Pescarolo ,0.12600073218345642
1975,Henri  Pescarolo ,0.12628352642059326
1976,Henri  Pescarolo ,0.12605488300323486
1977,Henri  Pescarolo ,0.12564603984355927
1978,Henri  Pescarolo ,0.12524259090423584
1979,Henri  Pescarolo ,0.12491367757320404
1980,Henri  Pescarolo ,0.1246698796749115
1981,Henri  Pescarolo ,0.12449906766414642
1982,Henri  Pescarolo ,0.12438401579856873
1983,Henri  Pescarolo ,0.12430882453918457
1984,Henri  Pescarolo ,0.12426117062568665
1985,Henri  Pescarolo ,0.12423209846019745
1986,Henri  Pescarolo ,0.12421539425849915
1987,Henri  Pescarolo ,0.12420690059661865
1988,Henri  Pescarolo ,0.1242038905620575
1989,Henri  Pescarolo ,0.12420471012592316
1990,Henri  Pescarolo ,0.12420842051506042
1991,Henri  Pescarolo ,0.12421450018882751
1992,Henri  Pescarolo ,0.1242227554321289
1993,Henri  Pescarolo ,0.12423330545425415
1994,Henri  Pescarolo ,0.12424635887145996
1995,Henri  Pescarolo ,0.12426237761974335
1996,Henri  Pescarolo ,0.12428182363510132
1997,Henri  Pescarolo ,0.12430545687675476
1998,Henri  Pescarolo ,0.1243341714143753
1999,Henri  Pescarolo ,0.12436902523040771
2000,Henri  Pescarolo ,0.12441132962703705
2001,Henri  Pescarolo ,0.1244627833366394
2002,Henri  Pescarolo ,0.12452533841133118
2003,Henri  Pescarolo ,0.12460151314735413
2004,Henri  Pescarolo ,0.12469427287578583
2005,Henri  Pescarolo ,0.12480735778808594
2006,Henri  Pescarolo ,0.12494528293609619
2007,Henri  Pescarolo ,0.1251136064529419
2008,Henri  Pescarolo ,0.12531894445419312
2009,Henri  Pescarolo ,0.12556907534599304
2010,Henri  Pescarolo ,0.12587301433086395
2011,Henri  Pescarolo ,0.12624028325080872
2012,Henri  Pescarolo ,0.12667980790138245
2013,Henri  Pescarolo ,0.12719720602035522
2014,Henri  Pescarolo ,0.1277894377708435
2015,Henri  Pescarolo ,0.12843531370162964
2016,Henri  Pescarolo ,0.12907952070236206
2017,Henri  Pescarolo ,0.1296088695526123
2018,Henri  Pescarolo ,0.1298215091228485
2019,Henri  Pescarolo ,0.12939642369747162
2020,Henri  Pescarolo ,0.12786978483200073
2021,Henri  Pescarolo ,0.12457975745201111
2022,Henri  Pescarolo ,0.11832526326179504
2023,Henri  Pescarolo ,0.10611218214035034
2024,Henri  Pescarolo ,0.08146984875202179
2025,Henri  Pescarolo ,0.039903052151203156
2026,Henri  Pescarolo ,-0.06969387829303741
2027,Henri  Pescarolo ,-0.07349970936775208
2028,Henri  Pescarolo ,-0.07349970936775208
2029,Henri  Pescarolo ,-0.07349970936775208
2030,Henri  Pescarolo ,-0.07349970936775208
1958,Henry  Taylor ,0.11081887781620026
1959,Henry  Taylor ,0.11326639354228973
1960,Henry  Taylor ,0.14027361571788788
1961,Henry  Taylor ,0.11302503943443298
1962,Henry  Taylor ,0.11209635436534882
1963,Henry  Taylor ,0.11554211378097534
1964,Henry  Taylor ,0.11871883273124695
1965,Henry  Taylor ,0.12084761261940002
1966,Henry  Taylor ,0.12213855981826782
1967,Henry  Taylor ,0.12290360033512115
1968,Henry  Taylor ,0.12336310744285583
1969,Henry  Taylor ,0.12364675104618073
1970,Henry  Taylor ,0.12382672727108002
1971,Henry  Taylor ,0.12394335865974426
1972,Henry  Taylor ,0.12401993572711945
1973,Henry  Taylor ,0.12407070398330688
1974,Henry  Taylor ,0.1241045594215393
1975,Henry  Taylor ,0.12412722408771515
1976,Henry  Taylor ,0.12414252758026123
1977,Henry  Taylor ,0.1241530179977417
1978,Henry  Taylor ,0.12416025996208191
1979,Henry  Taylor ,0.12416547536849976
1980,Henry  Taylor ,0.12416939437389374
1981,Henry  Taylor ,0.12417247891426086
1982,Henry  Taylor ,0.12417519092559814
1983,Henry  Taylor ,0.12417767941951752
1984,Henry  Taylor ,0.12418025732040405
1985,Henry  Taylor ,0.12418299913406372
1986,Henry  Taylor ,0.12418615818023682
1987,Henry  Taylor ,0.1241898238658905
1988,Henry  Taylor ,0.12419414520263672
1989,Henry  Taylor ,0.1241992861032486
1990,Henry  Taylor ,0.12420548498630524
1991,Henry  Taylor ,0.12421299517154694
1992,Henry  Taylor ,0.1242220401763916
1993,Henry  Taylor ,0.12423300743103027
1994,Henry  Taylor ,0.1242462694644928
1995,Henry  Taylor ,0.12426236271858215
1996,Henry  Taylor ,0.1242818683385849
1997,Henry  Taylor ,0.12430548667907715
1998,Henry  Taylor ,0.12433421611785889
1999,Henry  Taylor ,0.1243690550327301
2000,Henry  Taylor ,0.12441134452819824
2001,Henry  Taylor ,0.12446281313896179
2002,Henry  Taylor ,0.12452535331249237
2003,Henry  Taylor ,0.12460151314735413
2004,Henry  Taylor ,0.12469428777694702
2005,Henry  Taylor ,0.12480735778808594
2006,Henry  Taylor ,0.12494529783725739
2007,Henry  Taylor ,0.1251136213541031
2008,Henry  Taylor ,0.12531891465187073
2009,Henry  Taylor ,0.12556907534599304
2010,Henry  Taylor ,0.12587302923202515
2011,Henry  Taylor ,0.12624028325080872
2012,Henry  Taylor ,0.12667983770370483
2013,Henry  Taylor ,0.12719720602035522
2014,Henry  Taylor ,0.1277894526720047
2015,Henry  Taylor ,0.12843531370162964
2016,Henry  Taylor ,0.12907952070236206
2017,Henry  Taylor ,0.1296088695526123
2018,Henry  Taylor ,0.1298215091228485
2019,Henry  Taylor ,0.12939642369747162
2020,Henry  Taylor ,0.12786978483200073
2021,Henry  Taylor ,0.12457975745201111
2022,Henry  Taylor ,0.11832526326179504
2023,Henry  Taylor ,0.10611216723918915
2024,Henry  Taylor ,0.08146984875202179
2025,Henry  Taylor ,0.039903052151203156
2026,Henry  Taylor ,-0.06969387829303741
2027,Henry  Taylor ,-0.07349970936775208
2028,Henry  Taylor ,-0.07349970936775208
2029,Henry  Taylor ,-0.07349970936775208
2030,Henry  Taylor ,-0.07349970936775208
1958,Howden Ganley,0.11347240209579468
1959,Howden Ganley,0.11153458058834076
1960,Howden Ganley,0.11201268434524536
1961,Howden Ganley,0.1135057657957077
1962,Howden Ganley,0.11548420786857605
1963,Howden Ganley,0.11750724911689758
1964,Howden Ganley,0.11925849318504333
1965,Howden Ganley,0.12052518129348755
1966,Howden Ganley,0.12112131714820862
1967,Howden Ganley,0.12085336446762085
1968,Howden Ganley,0.1197267472743988
1969,Howden Ganley,0.1188884973526001
1970,Howden Ganley,0.12407651543617249
1971,Howden Ganley,0.18040113151073456
1972,Howden Ganley,0.19833293557167053
1973,Howden Ganley,0.11897288262844086
1974,Howden Ganley,0.12071371078491211
1975,Howden Ganley,0.1215997189283371
1976,Howden Ganley,0.1249617338180542
1977,Howden Ganley,0.1265462189912796
1978,Howden Ganley,0.12679779529571533
1979,Howden Ganley,0.1264270395040512
1980,Howden Ganley,0.12589216232299805
1981,Howden Ganley,0.12539947032928467
1982,Howden Ganley,0.12501274049282074
1983,Howden Ganley,0.12473298609256744
1984,Howden Ganley,0.12454040348529816
1985,Howden Ganley,0.1244124174118042
1986,Howden Ganley,0.12432998418807983
1987,Howden Ganley,0.12427864968776703
1988,Howden Ganley,0.1242481917142868
1989,Howden Ganley,0.1242317259311676
1990,Howden Ganley,0.12422466278076172
1991,Howden Ganley,0.12422414124011993
1992,Howden Ganley,0.12422840297222137
1993,Howden Ganley,0.1242365837097168
1994,Howden Ganley,0.12424822151660919
1995,Howden Ganley,0.12426337599754333
1996,Howden Ganley,0.12428240478038788
1997,Howden Ganley,0.12430575489997864
1998,Howden Ganley,0.12433433532714844
1999,Howden Ganley,0.12436908483505249
2000,Howden Ganley,0.12441137433052063
2001,Howden Ganley,0.12446281313896179
2002,Howden Ganley,0.12452533841133118
2003,Howden Ganley,0.12460151314735413
2004,Howden Ganley,0.12469428777694702
2005,Howden Ganley,0.12480735778808594
2006,Howden Ganley,0.12494528293609619
2007,Howden Ganley,0.1251136064529419
2008,Howden Ganley,0.12531892955303192
2009,Howden Ganley,0.12556910514831543
2010,Howden Ganley,0.12587302923202515
2011,Howden Ganley,0.12624028325080872
2012,Howden Ganley,0.12667980790138245
2013,Howden Ganley,0.12719720602035522
2014,Howden Ganley,0.1277894377708435
2015,Howden Ganley,0.12843529880046844
2016,Howden Ganley,0.12907950580120087
2017,Howden Ganley,0.1296088695526123
2018,Howden Ganley,0.1298215091228485
2019,Howden Ganley,0.12939642369747162
2020,Howden Ganley,0.12786978483200073
2021,Howden Ganley,0.12457975745201111
2022,Howden Ganley,0.11832524836063385
2023,Howden Ganley,0.10611218214035034
2024,Howden Ganley,0.08146984875202179
2025,Howden Ganley,0.039903052151203156
2026,Howden Ganley,-0.06969387829303741
2027,Howden Ganley,-0.07349970936775208
2028,Howden Ganley,-0.07349970936775208
2029,Howden Ganley,-0.07349970936775208
2030,Howden Ganley,-0.07349970936775208
1958,Ian  Burgess,0.11324264109134674
1959,Ian  Burgess,0.11113083362579346
1960,Ian  Burgess,0.11149847507476807
1961,Ian  Burgess,0.11310812830924988
1962,Ian  Burgess,0.11681365966796875
1963,Ian  Burgess,0.07321588695049286
1964,Ian  Burgess,0.11912848055362701
1965,Ian  Burgess,0.12218084931373596
1966,Ian  Burgess,0.12360930442810059
1967,Ian  Burgess,0.12397941946983337
1968,Ian  Burgess,0.12406480312347412
1969,Ian  Burgess,0.12407946586608887
1970,Ian  Burgess,0.12408588826656342
1971,Ian  Burgess,0.12409557402133942
1972,Ian  Burgess,0.1241077184677124
1973,Ian  Burgess,0.12412005662918091
1974,Ian  Burgess,0.12413129210472107
1975,Ian  Burgess,0.12414085865020752
1976,Ian  Burgess,0.12414875626564026
1977,Ian  Burgess,0.124155193567276
1978,Ian  Burgess,0.12416046857833862
1979,Ian  Burgess,0.12416476011276245
1980,Ian  Burgess,0.12416835129261017
1981,Ian  Burgess,0.1241714209318161
1982,Ian  Burgess,0.12417425215244293
1983,Ian  Burgess,0.12417694926261902
1984,Ian  Burgess,0.1241796612739563
1985,Ian  Burgess,0.12418258190155029
1986,Ian  Burgess,0.12418584525585175
1987,Ian  Burgess,0.1241895854473114
1988,Ian  Burgess,0.1241939514875412
1989,Ian  Burgess,0.12419918179512024
1990,Ian  Burgess,0.12420541048049927
1991,Ian  Burgess,0.12421293556690216
1992,Ian  Burgess,0.12422201037406921
1993,Ian  Burgess,0.12423297762870789
1994,Ian  Burgess,0.12424623966217041
1995,Ian  Burgess,0.12426234781742096
1996,Ian  Burgess,0.1242818534374237
1997,Ian  Burgess,0.12430548667907715
1998,Ian  Burgess,0.12433421611785889
1999,Ian  Burgess,0.1243690550327301
2000,Ian  Burgess,0.12441137433052063
2001,Ian  Burgess,0.12446282804012299
2002,Ian  Burgess,0.12452535331249237
2003,Ian  Burgess,0.12460151314735413
2004,Ian  Burgess,0.12469428777694702
2005,Ian  Burgess,0.12480737268924713
2006,Ian  Burgess,0.12494528293609619
2007,Ian  Burgess,0.1251136213541031
2008,Ian  Burgess,0.12531894445419312
2009,Ian  Burgess,0.12556907534599304
2010,Ian  Burgess,0.12587301433086395
2011,Ian  Burgess,0.1262402981519699
2012,Ian  Burgess,0.12667980790138245
2013,Ian  Burgess,0.12719719111919403
2014,Ian  Burgess,0.1277894526720047
2015,Ian  Burgess,0.12843531370162964
2016,Ian  Burgess,0.12907953560352325
2017,Ian  Burgess,0.1296088695526123
2018,Ian  Burgess,0.1298215091228485
2019,Ian  Burgess,0.12939642369747162
2020,Ian  Burgess,0.12786978483200073
2021,Ian  Burgess,0.12457975745201111
2022,Ian  Burgess,0.11832524836063385
2023,Ian  Burgess,0.10611218214035034
2024,Ian  Burgess,0.08146986365318298
2025,Ian  Burgess,0.039903052151203156
2026,Ian  Burgess,-0.06969387829303741
2027,Ian  Burgess,-0.07349970936775208
2028,Ian  Burgess,-0.07349970936775208
2029,Ian  Burgess,-0.07349970936775208
2030,Ian  Burgess,-0.07349970936775208
1958,Ian  Raby ,0.11324264109134674
1959,Ian  Raby ,0.11113083362579346
1960,Ian  Raby ,0.11149847507476807
1961,Ian  Raby ,0.11310812830924988
1962,Ian  Raby ,0.11681365966796875
1963,Ian  Raby ,0.07321588695049286
1964,Ian  Raby ,0.11912848055362701
1965,Ian  Raby ,0.12218084931373596
1966,Ian  Raby ,0.12360930442810059
1967,Ian  Raby ,0.12397941946983337
1968,Ian  Raby ,0.12406480312347412
1969,Ian  Raby ,0.12407946586608887
1970,Ian  Raby ,0.12408588826656342
1971,Ian  Raby ,0.12409557402133942
1972,Ian  Raby ,0.1241077184677124
1973,Ian  Raby ,0.12412005662918091
1974,Ian  Raby ,0.12413129210472107
1975,Ian  Raby ,0.12414085865020752
1976,Ian  Raby ,0.12414875626564026
1977,Ian  Raby ,0.124155193567276
1978,Ian  Raby ,0.12416046857833862
1979,Ian  Raby ,0.12416476011276245
1980,Ian  Raby ,0.12416835129261017
1981,Ian  Raby ,0.1241714209318161
1982,Ian  Raby ,0.12417425215244293
1983,Ian  Raby ,0.12417694926261902
1984,Ian  Raby ,0.1241796612739563
1985,Ian  Raby ,0.12418258190155029
1986,Ian  Raby ,0.12418584525585175
1987,Ian  Raby ,0.1241895854473114
1988,Ian  Raby ,0.1241939514875412
1989,Ian  Raby ,0.12419918179512024
1990,Ian  Raby ,0.12420541048049927
1991,Ian  Raby ,0.12421293556690216
1992,Ian  Raby ,0.12422201037406921
1993,Ian  Raby ,0.12423297762870789
1994,Ian  Raby ,0.12424623966217041
1995,Ian  Raby ,0.12426234781742096
1996,Ian  Raby ,0.1242818534374237
1997,Ian  Raby ,0.12430548667907715
1998,Ian  Raby ,0.12433421611785889
1999,Ian  Raby ,0.1243690550327301
2000,Ian  Raby ,0.12441137433052063
2001,Ian  Raby ,0.12446282804012299
2002,Ian  Raby ,0.12452535331249237
2003,Ian  Raby ,0.12460151314735413
2004,Ian  Raby ,0.12469428777694702
2005,Ian  Raby ,0.12480737268924713
2006,Ian  Raby ,0.12494528293609619
2007,Ian  Raby ,0.1251136213541031
2008,Ian  Raby ,0.12531894445419312
2009,Ian  Raby ,0.12556907534599304
2010,Ian  Raby ,0.12587301433086395
2011,Ian  Raby ,0.1262402981519699
2012,Ian  Raby ,0.12667980790138245
2013,Ian  Raby ,0.12719719111919403
2014,Ian  Raby ,0.1277894526720047
2015,Ian  Raby ,0.12843531370162964
2016,Ian  Raby ,0.12907953560352325
2017,Ian  Raby ,0.1296088695526123
2018,Ian  Raby ,0.1298215091228485
2019,Ian  Raby ,0.12939642369747162
2020,Ian  Raby ,0.12786978483200073
2021,Ian  Raby ,0.12457975745201111
2022,Ian  Raby ,0.11832524836063385
2023,Ian  Raby ,0.10611218214035034
2024,Ian  Raby ,0.08146986365318298
2025,Ian  Raby ,0.039903052151203156
2026,Ian  Raby ,-0.06969387829303741
2027,Ian  Raby ,-0.07349970936775208
2028,Ian  Raby ,-0.07349970936775208
2029,Ian  Raby ,-0.07349970936775208
2030,Ian  Raby ,-0.07349970936775208
1958,Ignazio Giunti,0.1134265810251236
1959,Ignazio Giunti,0.11142607033252716
1960,Ignazio Giunti,0.11185300350189209
1961,Ignazio Giunti,0.11329013109207153
1962,Ignazio Giunti,0.11519892513751984
1963,Ignazio Giunti,0.11712957918643951
1964,Ignazio Giunti,0.1187552958726883
1965,Ignazio Giunti,0.11986227333545685
1966,Ignazio Giunti,0.1203223168849945
1967,Ignazio Giunti,0.12022131681442261
1968,Ignazio Giunti,0.120443195104599
1969,Ignazio Giunti,0.12534330785274506
1970,Ignazio Giunti,0.15696507692337036
1971,Ignazio Giunti,0.12414205074310303
1972,Ignazio Giunti,0.12134192883968353
1973,Ignazio Giunti,0.12276796996593475
1974,Ignazio Giunti,0.12413090467453003
1975,Ignazio Giunti,0.12477511167526245
1976,Ignazio Giunti,0.12492257356643677
1977,Ignazio Giunti,0.12484127283096313
1978,Ignazio Giunti,0.1246919333934784
1979,Ignazio Giunti,0.12454718351364136
1980,Ignazio Giunti,0.12443119287490845
1981,Ignazio Giunti,0.12434644997119904
1982,Ignazio Giunti,0.12428805232048035
1983,Ignazio Giunti,0.12424951791763306
1984,Ignazio Giunti,0.12422516942024231
1985,Ignazio Giunti,0.1242106556892395
1986,Ignazio Giunti,0.12420289218425751
1987,Ignazio Giunti,0.12419980764389038
1988,Ignazio Giunti,0.12419998645782471
1989,Ignazio Giunti,0.1242026537656784
1990,Ignazio Giunti,0.12420742213726044
1991,Ignazio Giunti,0.1242140531539917
1992,Ignazio Giunti,0.12422260642051697
1993,Ignazio Giunti,0.12423330545425415
1994,Ignazio Giunti,0.12424643337726593
1995,Ignazio Giunti,0.12426243722438812
1996,Ignazio Giunti,0.12428191304206848
1997,Ignazio Giunti,0.12430551648139954
1998,Ignazio Giunti,0.12433421611785889
1999,Ignazio Giunti,0.12436904013156891
2000,Ignazio Giunti,0.12441134452819824
2001,Ignazio Giunti,0.12446281313896179
2002,Ignazio Giunti,0.12452533841133118
2003,Ignazio Giunti,0.12460151314735413
2004,Ignazio Giunti,0.12469427287578583
2005,Ignazio Giunti,0.12480735778808594
2006,Ignazio Giunti,0.12494528293609619
2007,Ignazio Giunti,0.1251136213541031
2008,Ignazio Giunti,0.12531894445419312
2009,Ignazio Giunti,0.12556907534599304
2010,Ignazio Giunti,0.12587302923202515
2011,Ignazio Giunti,0.12624028325080872
2012,Ignazio Giunti,0.12667980790138245
2013,Ignazio Giunti,0.12719720602035522
2014,Ignazio Giunti,0.1277894675731659
2015,Ignazio Giunti,0.12843531370162964
2016,Ignazio Giunti,0.12907952070236206
2017,Ignazio Giunti,0.1296088695526123
2018,Ignazio Giunti,0.1298215091228485
2019,Ignazio Giunti,0.12939642369747162
2020,Ignazio Giunti,0.12786979973316193
2021,Ignazio Giunti,0.12457975745201111
2022,Ignazio Giunti,0.11832524836063385
2023,Ignazio Giunti,0.10611218214035034
2024,Ignazio Giunti,0.08146986365318298
2025,Ignazio Giunti,0.039903052151203156
2026,Ignazio Giunti,-0.06969387829303741
2027,Ignazio Giunti,-0.07349970936775208
2028,Ignazio Giunti,-0.07349970936775208
2029,Ignazio Giunti,-0.07349970936775208
2030,Ignazio Giunti,-0.07349970936775208
1958,Innes  Ireland ,0.11108969151973724
1959,Innes  Ireland ,0.18343865871429443
1960,Innes  Ireland ,0.2821911573410034
1961,Innes  Ireland ,0.2675856649875641
1962,Innes  Ireland ,0.15845507383346558
1963,Innes  Ireland ,0.20919719338417053
1964,Innes  Ireland ,0.18690454959869385
1965,Innes  Ireland ,0.12091737985610962
1966,Innes  Ireland ,0.12073318660259247
1967,Innes  Ireland ,0.12473946809768677
1968,Innes  Ireland ,0.1270795613527298
1969,Innes  Ireland ,0.12760761380195618
1970,Innes  Ireland ,0.12721383571624756
1971,Innes  Ireland ,0.1265358179807663
1972,Innes  Ireland ,0.1258806586265564
1973,Innes  Ireland ,0.12535306811332703
1974,Innes  Ireland ,0.12496429681777954
1975,Innes  Ireland ,0.12469208240509033
1976,Innes  Ireland ,0.12450781464576721
1977,Innes  Ireland ,0.1243860125541687
1978,Innes  Ireland ,0.12430715560913086
1979,Innes  Ireland ,0.12425705790519714
1980,Innes  Ireland ,0.12422588467597961
1981,Innes  Ireland ,0.12420700490474701
1982,Innes  Ireland ,0.12419606745243073
1983,Innes  Ireland ,0.12419021129608154
1984,Innes  Ireland ,0.12418770790100098
1985,Innes  Ireland ,0.12418743968009949
1986,Innes  Ireland ,0.12418872117996216
1987,Innes  Ireland ,0.12419132888317108
1988,Innes  Ireland ,0.12419500946998596
1989,Innes  Ireland ,0.12419980764389038
1990,Innes  Ireland ,0.12420576810836792
1991,Innes  Ireland ,0.12421315908432007
1992,Innes  Ireland ,0.12422212958335876
1993,Innes  Ireland ,0.12423306703567505
1994,Innes  Ireland ,0.12424629926681519
1995,Innes  Ireland ,0.12426236271858215
1996,Innes  Ireland ,0.1242818683385849
1997,Innes  Ireland ,0.12430551648139954
1998,Innes  Ireland ,0.12433421611785889
1999,Innes  Ireland ,0.1243690550327301
2000,Innes  Ireland ,0.12441135942935944
2001,Innes  Ireland ,0.12446281313896179
2002,Innes  Ireland ,0.12452535331249237
2003,Innes  Ireland ,0.12460151314735413
2004,Innes  Ireland ,0.12469428777694702
2005,Innes  Ireland ,0.12480735778808594
2006,Innes  Ireland ,0.12494528293609619
2007,Innes  Ireland ,0.1251136064529419
2008,Innes  Ireland ,0.12531894445419312
2009,Innes  Ireland ,0.12556907534599304
2010,Innes  Ireland ,0.12587301433086395
2011,Innes  Ireland ,0.1262402981519699
2012,Innes  Ireland ,0.12667982280254364
2013,Innes  Ireland ,0.12719720602035522
2014,Innes  Ireland ,0.1277894526720047
2015,Innes  Ireland ,0.12843531370162964
2016,Innes  Ireland ,0.12907952070236206
2017,Innes  Ireland ,0.1296088695526123
2018,Innes  Ireland ,0.1298215091228485
2019,Innes  Ireland ,0.12939642369747162
2020,Innes  Ireland ,0.12786978483200073
2021,Innes  Ireland ,0.12457975745201111
2022,Innes  Ireland ,0.11832526326179504
2023,Innes  Ireland ,0.10611218214035034
2024,Innes  Ireland ,0.0814698338508606
2025,Innes  Ireland ,0.039903052151203156
2026,Innes  Ireland ,-0.06969387829303741
2027,Innes  Ireland ,-0.07349970936775208
2028,Innes  Ireland ,-0.07349970936775208
2029,Innes  Ireland ,-0.07349970936775208
2030,Innes  Ireland ,-0.07349970936775208
1958,Ivan  Capelli ,0.11338077485561371
1959,Ivan  Capelli ,0.11134174466133118
1960,Ivan  Capelli ,0.1117437332868576
1961,Ivan  Capelli ,0.11316671967506409
1962,Ivan  Capelli ,0.11508353054523468
1963,Ivan  Capelli ,0.11707296967506409
1964,Ivan  Capelli ,0.11886566877365112
1965,Ivan  Capelli ,0.12034519016742706
1966,Ivan  Capelli ,0.12149782478809357
1967,Ivan  Capelli ,0.12236219644546509
1968,Ivan  Capelli ,0.12299525737762451
1969,Ivan  Capelli ,0.12345397472381592
1970,Ivan  Capelli ,0.12378771603107452
1971,Ivan  Capelli ,0.12403598427772522
1972,Ivan  Capelli ,0.12422895431518555
1973,Ivan  Capelli ,0.12438885867595673
1974,Ivan  Capelli ,0.124531090259552
1975,Ivan  Capelli ,0.12466466426849365
1976,Ivan  Capelli ,0.1247909814119339
1977,Ivan  Capelli ,0.12490034103393555
1978,Ivan  Capelli ,0.12496401369571686
1979,Ivan  Capelli ,0.12492212653160095
1980,Ivan  Capelli ,0.12467202544212341
1981,Ivan  Capelli ,0.12408347427845001
1982,Ivan  Capelli ,0.12313637137413025
1983,Ivan  Capelli ,0.12231133878231049
1984,Ivan  Capelli ,0.12515756487846375
1985,Ivan  Capelli ,0.11839653551578522
1986,Ivan  Capelli ,0.1236247718334198
1987,Ivan  Capelli ,0.10947224497795105
1988,Ivan  Capelli ,0.23587080836296082
1989,Ivan  Capelli ,0.13260722160339355
1990,Ivan  Capelli ,0.20710483193397522
1991,Ivan  Capelli ,0.12933263182640076
1992,Ivan  Capelli ,0.2074616253376007
1993,Ivan  Capelli ,0.1286499798297882
1994,Ivan  Capelli ,0.12438958883285522
1995,Ivan  Capelli ,0.1259804368019104
1996,Ivan  Capelli ,0.1273118257522583
1997,Ivan  Capelli ,0.12751322984695435
1998,Ivan  Capelli ,0.12708428502082825
1999,Ivan  Capelli ,0.1264767050743103
2000,Ivan  Capelli ,0.12592214345932007
2001,Ivan  Capelli ,0.1255001276731491
2002,Ivan  Capelli ,0.12521669268608093
2003,Ivan  Capelli ,0.12505222856998444
2004,Ivan  Capelli ,0.12498298287391663
2005,Ivan  Capelli ,0.12498953938484192
2006,Ivan  Capelli ,0.12505866587162018
2007,Ivan  Capelli ,0.12518328428268433
2008,Ivan  Capelli ,0.12536120414733887
2009,Ivan  Capelli ,0.12559443712234497
2010,Ivan  Capelli ,0.12588800489902496
2011,Ivan  Capelli ,0.1262490600347519
2012,Ivan  Capelli ,0.12668487429618835
2013,Ivan  Capelli ,0.12720006704330444
2014,Ivan  Capelli ,0.12779106199741364
2015,Ivan  Capelli ,0.12843620777130127
2016,Ivan  Capelli ,0.12908002734184265
2017,Ivan  Capelli ,0.1296091079711914
2018,Ivan  Capelli ,0.12982165813446045
2019,Ivan  Capelli ,0.1293964833021164
2020,Ivan  Capelli ,0.12786981463432312
2021,Ivan  Capelli ,0.1245797723531723
2022,Ivan  Capelli ,0.11832526326179504
2023,Ivan  Capelli ,0.10611218214035034
2024,Ivan  Capelli ,0.0814698338508606
2025,Ivan  Capelli ,0.039903052151203156
2026,Ivan  Capelli ,-0.06969387829303741
2027,Ivan  Capelli ,-0.07349970936775208
2028,Ivan  Capelli ,-0.07349970936775208
2029,Ivan  Capelli ,-0.07349970936775208
2030,Ivan  Capelli ,-0.07349970936775208
1958,Jack  Aitken ,0.113375723361969
1959,Jack  Aitken ,0.11132732033729553
1960,Jack  Aitken ,0.11172212660312653
1961,Jack  Aitken ,0.1131378710269928
1962,Jack  Aitken ,0.11504638195037842
1963,Jack  Aitken ,0.11702601611614227
1964,Jack  Aitken ,0.11880695819854736
1965,Jack  Aitken ,0.12027221918106079
1966,Jack  Aitken ,0.12140747904777527
1967,Jack  Aitken ,0.1222507655620575
1968,Jack  Aitken ,0.12285792827606201
1969,Jack  Aitken ,0.12328489124774933
1970,Jack  Aitken ,0.12357956171035767
1971,Jack  Aitken ,0.12377992272377014
1972,Jack  Aitken ,0.12391453981399536
1973,Jack  Aitken ,0.12400411069393158
1974,Jack  Aitken ,0.12406322360038757
1975,Jack  Aitken ,0.12410207092761993
1976,Jack  Aitken ,0.12412753701210022
1977,Jack  Aitken ,0.12414425611495972
1978,Jack  Aitken ,0.12415535748004913
1979,Jack  Aitken ,0.12416286766529083
1980,Jack  Aitken ,0.12416817247867584
1981,Jack  Aitken ,0.12417212128639221
1982,Jack  Aitken ,0.12417533993721008
1983,Jack  Aitken ,0.1241782009601593
1984,Jack  Aitken ,0.12418104708194733
1985,Jack  Aitken ,0.12418405711650848
1986,Jack  Aitken ,0.1241874098777771
1987,Jack  Aitken ,0.12419137358665466
1988,Jack  Aitken ,0.12419605255126953
1989,Jack  Aitken ,0.12420161068439484
1990,Jack  Aitken ,0.12420831620693207
1991,Jack  Aitken ,0.12421640753746033
1992,Jack  Aitken ,0.1242261528968811
1993,Jack  Aitken ,0.1242380440235138
1994,Jack  Aitken ,0.12425237894058228
1995,Jack  Aitken ,0.12426984310150146
1996,Jack  Aitken ,0.12429098784923553
1997,Jack  Aitken ,0.12431663274765015
1998,Jack  Aitken ,0.12434786558151245
1999,Jack  Aitken ,0.12438580393791199
2000,Jack  Aitken ,0.1244320422410965
2001,Jack  Aitken ,0.12448832392692566
2002,Jack  Aitken ,0.12455703318119049
2003,Jack  Aitken ,0.12464091181755066
2004,Jack  Aitken ,0.12474337220191956
2005,Jack  Aitken ,0.12486866116523743
2006,Jack  Aitken ,0.1250217705965042
2007,Jack  Aitken ,0.12520864605903625
2008,Jack  Aitken ,0.12543624639511108
2009,Jack  Aitken ,0.12571179866790771
2010,Jack  Aitken ,0.12604227662086487
2011,Jack  Aitken ,0.1264319270849228
2012,Jack  Aitken ,0.12687832117080688
2013,Jack  Aitken ,0.12736457586288452
2014,Jack  Aitken ,0.12784822285175323
2015,Jack  Aitken ,0.1282498836517334
2016,Jack  Aitken ,0.12845954298973083
2017,Jack  Aitken ,0.12841275334358215
2018,Jack  Aitken ,0.12823942303657532
2019,Jack  Aitken ,0.12895379960536957
2020,Jack  Aitken ,0.10332822799682617
2021,Jack  Aitken ,0.12365779280662537
2022,Jack  Aitken ,0.11794549226760864
2023,Jack  Aitken ,0.10707303881645203
2024,Jack  Aitken ,0.08293095231056213
2025,Jack  Aitken ,0.039903052151203156
2026,Jack  Aitken ,-0.06969387829303741
2027,Jack  Aitken ,-0.07349970936775208
2028,Jack  Aitken ,-0.07349970936775208
2029,Jack  Aitken ,-0.07349970936775208
2030,Jack  Aitken ,-0.07349970936775208
1958,Jack  Brabham ,0.13698837161064148
1959,Jack  Brabham ,0.31593790650367737
1960,Jack  Brabham ,0.3465030789375305
1961,Jack  Brabham ,0.21064433455467224
1962,Jack  Brabham ,0.21000578999519348
1963,Jack  Brabham ,0.24171921610832214
1964,Jack  Brabham ,0.23419204354286194
1965,Jack  Brabham ,0.2090822160243988
1966,Jack  Brabham ,0.34770703315734863
1967,Jack  Brabham ,0.34166020154953003
1968,Jack  Brabham ,0.08689586818218231
1969,Jack  Brabham ,0.22723674774169922
1970,Jack  Brabham ,0.28978654742240906
1971,Jack  Brabham ,0.13508892059326172
1972,Jack  Brabham ,0.1274605095386505
1973,Jack  Brabham ,0.12830211222171783
1974,Jack  Brabham ,0.1294882893562317
1975,Jack  Brabham ,0.12935097515583038
1976,Jack  Brabham ,0.12847599387168884
1977,Jack  Brabham ,0.12742877006530762
1978,Jack  Brabham ,0.12649685144424438
1979,Jack  Brabham ,0.12576976418495178
1980,Jack  Brabham ,0.12524206936359406
1981,Jack  Brabham ,0.12487585842609406
1982,Jack  Brabham ,0.12462931871414185
1983,Jack  Brabham ,0.1244671642780304
1984,Jack  Brabham ,0.12436270713806152
1985,Jack  Brabham ,0.12429681420326233
1986,Jack  Brabham ,0.12425646185874939
1987,Jack  Brabham ,0.12423287332057953
1988,Jack  Brabham ,0.12422026693820953
1989,Jack  Brabham ,0.1242150366306305
1990,Jack  Brabham ,0.12421494722366333
1991,Jack  Brabham ,0.12421859800815582
1992,Jack  Brabham ,0.12422534823417664
1993,Jack  Brabham ,0.12423494458198547
1994,Jack  Brabham ,0.12424738705158234
1995,Jack  Brabham ,0.12426301836967468
1996,Jack  Brabham ,0.12428224086761475
1997,Jack  Brabham ,0.12430573999881744
1998,Jack  Brabham ,0.12433435022830963
1999,Jack  Brabham ,0.12436911463737488
2000,Jack  Brabham ,0.1244114339351654
2001,Jack  Brabham ,0.12446284294128418
2002,Jack  Brabham ,0.12452536821365356
2003,Jack  Brabham ,0.12460154294967651
2004,Jack  Brabham ,0.12469428777694702
2005,Jack  Brabham ,0.12480738759040833
2006,Jack  Brabham ,0.12494531273841858
2007,Jack  Brabham ,0.1251136064529419
2008,Jack  Brabham ,0.12531894445419312
2009,Jack  Brabham ,0.12556907534599304
2010,Jack  Brabham ,0.12587301433086395
2011,Jack  Brabham ,0.12624028325080872
2012,Jack  Brabham ,0.12667980790138245
2013,Jack  Brabham ,0.12719720602035522
2014,Jack  Brabham ,0.1277894377708435
2015,Jack  Brabham ,0.12843529880046844
2016,Jack  Brabham ,0.12907952070236206
2017,Jack  Brabham ,0.1296088695526123
2018,Jack  Brabham ,0.1298215091228485
2019,Jack  Brabham ,0.12939642369747162
2020,Jack  Brabham ,0.12786978483200073
2021,Jack  Brabham ,0.12457975745201111
2022,Jack  Brabham ,0.11832526326179504
2023,Jack  Brabham ,0.10611218214035034
2024,Jack  Brabham ,0.08146984875202179
2025,Jack  Brabham ,0.039903052151203156
2026,Jack  Brabham ,-0.06969387829303741
2027,Jack  Brabham ,-0.07349970936775208
2028,Jack  Brabham ,-0.07349970936775208
2029,Jack  Brabham ,-0.07349970936775208
2030,Jack  Brabham ,-0.07349970936775208
1958,Jackie  Oliver ,0.11357942223548889
1959,Jackie  Oliver ,0.11172592639923096
1960,Jackie  Oliver ,0.11222183704376221
1961,Jackie  Oliver ,0.11364585161209106
1962,Jackie  Oliver ,0.11538305878639221
1963,Jackie  Oliver ,0.11683274805545807
1964,Jackie  Oliver ,0.11747834086418152
1965,Jackie  Oliver ,0.11715264618396759
1966,Jackie  Oliver ,0.11705759167671204
1967,Jackie  Oliver ,0.1229364424943924
1968,Jackie  Oliver ,0.19879859685897827
1969,Jackie  Oliver ,0.15860357880592346
1970,Jackie  Oliver ,0.12863625586032867
1971,Jackie  Oliver ,0.11792373657226562
1972,Jackie  Oliver ,0.12364250421524048
1973,Jackie  Oliver ,0.17207929491996765
1974,Jackie  Oliver ,0.12976832687854767
1975,Jackie  Oliver ,0.12556082010269165
1976,Jackie  Oliver ,0.12573939561843872
1977,Jackie  Oliver ,0.1261812299489975
1978,Jackie  Oliver ,0.12615805864334106
1979,Jackie  Oliver ,0.1258392184972763
1980,Jackie  Oliver ,0.12544035911560059
1981,Jackie  Oliver ,0.1250789761543274
1982,Jackie  Oliver ,0.12479506433010101
1983,Jackie  Oliver ,0.1245889663696289
1984,Jackie  Oliver ,0.12444694340229034
1985,Jackie  Oliver ,0.12435275316238403
1986,Jackie  Oliver ,0.12429241836071014
1987,Jackie  Oliver ,0.12425535917282104
1988,Jackie  Oliver ,0.12423397600650787
1989,Jackie  Oliver ,0.12422317266464233
1990,Jackie  Oliver ,0.12421959638595581
1991,Jackie  Oliver ,0.12422119081020355
1992,Jackie  Oliver ,0.12422673404216766
1993,Jackie  Oliver ,0.12423564493656158
1994,Jackie  Oliver ,0.1242477148771286
1995,Jackie  Oliver ,0.12426313757896423
1996,Jackie  Oliver ,0.12428227066993713
1997,Jackie  Oliver ,0.12430571019649506
1998,Jackie  Oliver ,0.12433430552482605
1999,Jackie  Oliver ,0.12436908483505249
2000,Jackie  Oliver ,0.12441137433052063
2001,Jackie  Oliver ,0.12446281313896179
2002,Jackie  Oliver ,0.12452533841133118
2003,Jackie  Oliver ,0.12460151314735413
2004,Jackie  Oliver ,0.12469427287578583
2005,Jackie  Oliver ,0.12480737268924713
2006,Jackie  Oliver ,0.12494531273841858
2007,Jackie  Oliver ,0.1251136213541031
2008,Jackie  Oliver ,0.12531892955303192
2009,Jackie  Oliver ,0.12556907534599304
2010,Jackie  Oliver ,0.12587301433086395
2011,Jackie  Oliver ,0.12624028325080872
2012,Jackie  Oliver ,0.12667982280254364
2013,Jackie  Oliver ,0.12719720602035522
2014,Jackie  Oliver ,0.1277894377708435
2015,Jackie  Oliver ,0.12843531370162964
2016,Jackie  Oliver ,0.12907953560352325
2017,Jackie  Oliver ,0.1296088695526123
2018,Jackie  Oliver ,0.1298215389251709
2019,Jackie  Oliver ,0.12939642369747162
2020,Jackie  Oliver ,0.12786978483200073
2021,Jackie  Oliver ,0.1245797723531723
2022,Jackie  Oliver ,0.11832524836063385
2023,Jackie  Oliver ,0.10611215233802795
2024,Jackie  Oliver ,0.08146984875202179
2025,Jackie  Oliver ,0.039903052151203156
2026,Jackie  Oliver ,-0.06969387829303741
2027,Jackie  Oliver ,-0.07349970936775208
2028,Jackie  Oliver ,-0.07349970936775208
2029,Jackie  Oliver ,-0.07349970936775208
2030,Jackie  Oliver ,-0.07349970936775208
1958,Jackie  Stewart ,0.11357124149799347
1959,Jackie  Stewart ,0.11182378232479095
1960,Jackie  Stewart ,0.11183914542198181
1961,Jackie  Stewart ,0.11204315721988678
1962,Jackie  Stewart ,0.11190558969974518
1963,Jackie  Stewart ,0.11293959617614746
1964,Jackie  Stewart ,0.11998297274112701
1965,Jackie  Stewart ,0.29974186420440674
1966,Jackie  Stewart ,0.2570286691188812
1967,Jackie  Stewart ,0.21863922476768494
1968,Jackie  Stewart ,0.31347689032554626
1969,Jackie  Stewart ,0.3524720370769501
1970,Jackie  Stewart ,0.27921757102012634
1971,Jackie  Stewart ,0.35825976729393005
1972,Jackie  Stewart ,0.35119888186454773
1973,Jackie  Stewart ,0.372164249420166
1974,Jackie  Stewart ,0.12480509281158447
1975,Jackie  Stewart ,0.1208152174949646
1976,Jackie  Stewart ,0.12529516220092773
1977,Jackie  Stewart ,0.1289064884185791
1978,Jackie  Stewart ,0.1298220455646515
1979,Jackie  Stewart ,0.12925171852111816
1980,Jackie  Stewart ,0.12817907333374023
1981,Jackie  Stewart ,0.12711170315742493
1982,Jackie  Stewart ,0.1262357234954834
1983,Jackie  Stewart ,0.12558040022850037
1984,Jackie  Stewart ,0.1251155585050583
1985,Jackie  Stewart ,0.12479698657989502
1986,Jackie  Stewart ,0.1245841234922409
1987,Jackie  Stewart ,0.12444505095481873
1988,Jackie  Stewart ,0.12435632944107056
1989,Jackie  Stewart ,0.1243014931678772
1990,Jackie  Stewart ,0.12426944077014923
1991,Jackie  Stewart ,0.12425276637077332
1992,Jackie  Stewart ,0.12424661219120026
1993,Jackie  Stewart ,0.12424811720848083
1994,Jackie  Stewart ,0.12425553798675537
1995,Jackie  Stewart ,0.12426804006099701
1996,Jackie  Stewart ,0.12428534030914307
1997,Jackie  Stewart ,0.12430763244628906
1998,Jackie  Stewart ,0.12433549761772156
1999,Jackie  Stewart ,0.12436982989311218
2000,Jackie  Stewart ,0.12441185116767883
2001,Jackie  Stewart ,0.12446309626102448
2002,Jackie  Stewart ,0.1245255172252655
2003,Jackie  Stewart ,0.12460163235664368
2004,Jackie  Stewart ,0.1246943324804306
2005,Jackie  Stewart ,0.12480741739273071
2006,Jackie  Stewart ,0.12494534254074097
2007,Jackie  Stewart ,0.12511363625526428
2008,Jackie  Stewart ,0.12531894445419312
2009,Jackie  Stewart ,0.12556910514831543
2010,Jackie  Stewart ,0.12587304413318634
2011,Jackie  Stewart ,0.1262402981519699
2012,Jackie  Stewart ,0.12667980790138245
2013,Jackie  Stewart ,0.12719720602035522
2014,Jackie  Stewart ,0.1277894377708435
2015,Jackie  Stewart ,0.12843531370162964
2016,Jackie  Stewart ,0.12907952070236206
2017,Jackie  Stewart ,0.1296088695526123
2018,Jackie  Stewart ,0.1298215091228485
2019,Jackie  Stewart ,0.12939642369747162
2020,Jackie  Stewart ,0.12786979973316193
2021,Jackie  Stewart ,0.12457975745201111
2022,Jackie  Stewart ,0.11832524836063385
2023,Jackie  Stewart ,0.10611218214035034
2024,Jackie  Stewart ,0.08146984875202179
2025,Jackie  Stewart ,0.039903052151203156
2026,Jackie  Stewart ,-0.06969387829303741
2027,Jackie  Stewart ,-0.07349970936775208
2028,Jackie  Stewart ,-0.07349970936775208
2029,Jackie  Stewart ,-0.07349970936775208
2030,Jackie  Stewart ,-0.07349970936775208
1958,Jackie Lewis,0.11084087193012238
1959,Jackie Lewis,0.10885357856750488
1960,Jackie Lewis,0.11498521268367767
1961,Jackie Lewis,0.18812152743339539
1962,Jackie Lewis,0.1180768758058548
1963,Jackie Lewis,0.11394047737121582
1964,Jackie Lewis,0.11664882302284241
1965,Jackie Lewis,0.11974465847015381
1966,Jackie Lewis,0.12179476022720337
1967,Jackie Lewis,0.12294340133666992
1968,Jackie Lewis,0.12353989481925964
1969,Jackie Lewis,0.12384033203125
1970,Jackie Lewis,0.12399150431156158
1971,Jackie Lewis,0.12406910955905914
1972,Jackie Lewis,0.12411043047904968
1973,Jackie Lewis,0.1241334080696106
1974,Jackie Lewis,0.12414693832397461
1975,Jackie Lewis,0.12415532767772675
1976,Jackie Lewis,0.12416088581085205
1977,Jackie Lewis,0.12416484951972961
1978,Jackie Lewis,0.12416782975196838
1979,Jackie Lewis,0.12417024374008179
1980,Jackie Lewis,0.12417237460613251
1981,Jackie Lewis,0.1241743415594101
1982,Jackie Lewis,0.12417632341384888
1983,Jackie Lewis,0.12417839467525482
1984,Jackie Lewis,0.12418067455291748
1985,Jackie Lewis,0.12418326735496521
1986,Jackie Lewis,0.12418632209300995
1987,Jackie Lewis,0.12418992817401886
1988,Jackie Lewis,0.1241941899061203
1989,Jackie Lewis,0.12419931590557098
1990,Jackie Lewis,0.12420551478862762
1991,Jackie Lewis,0.12421301007270813
1992,Jackie Lewis,0.1242220401763916
1993,Jackie Lewis,0.12423302233219147
1994,Jackie Lewis,0.12424628436565399
1995,Jackie Lewis,0.12426234781742096
1996,Jackie Lewis,0.1242818683385849
1997,Jackie Lewis,0.12430548667907715
1998,Jackie Lewis,0.12433421611785889
1999,Jackie Lewis,0.1243690550327301
2000,Jackie Lewis,0.12441135942935944
2001,Jackie Lewis,0.12446281313896179
2002,Jackie Lewis,0.12452535331249237
2003,Jackie Lewis,0.12460151314735413
2004,Jackie Lewis,0.12469427287578583
2005,Jackie Lewis,0.12480737268924713
2006,Jackie Lewis,0.12494529783725739
2007,Jackie Lewis,0.1251136213541031
2008,Jackie Lewis,0.12531894445419312
2009,Jackie Lewis,0.12556907534599304
2010,Jackie Lewis,0.12587301433086395
2011,Jackie Lewis,0.12624028325080872
2012,Jackie Lewis,0.12667980790138245
2013,Jackie Lewis,0.12719720602035522
2014,Jackie Lewis,0.1277894526720047
2015,Jackie Lewis,0.12843531370162964
2016,Jackie Lewis,0.12907952070236206
2017,Jackie Lewis,0.1296088695526123
2018,Jackie Lewis,0.1298215091228485
2019,Jackie Lewis,0.12939642369747162
2020,Jackie Lewis,0.12786979973316193
2021,Jackie Lewis,0.12457975745201111
2022,Jackie Lewis,0.11832526326179504
2023,Jackie Lewis,0.10611218214035034
2024,Jackie Lewis,0.08146986365318298
2025,Jackie Lewis,0.039903052151203156
2026,Jackie Lewis,-0.06969387829303741
2027,Jackie Lewis,-0.07349970936775208
2028,Jackie Lewis,-0.07349970936775208
2029,Jackie Lewis,-0.07349970936775208
2030,Jackie Lewis,-0.07349970936775208
1958,Jacky  Ickx ,0.11374589800834656
1959,Jacky  Ickx ,0.11212542653083801
1960,Jacky  Ickx ,0.11272597312927246
1961,Jacky  Ickx ,0.11414188146591187
1962,Jacky  Ickx ,0.11568653583526611
1963,Jacky  Ickx ,0.11664113402366638
1964,Jacky  Ickx ,0.11646854877471924
1965,Jacky  Ickx ,0.11552733182907104
1966,Jacky  Ickx ,0.11894151568412781
1967,Jacky  Ickx ,0.12646041810512543
1968,Jacky  Ickx ,0.2850070297718048
1969,Jacky  Ickx ,0.3248315751552582
1970,Jacky  Ickx ,0.32923081517219543
1971,Jacky  Ickx ,0.2917839586734772
1972,Jacky  Ickx ,0.2941884994506836
1973,Jacky  Ickx ,0.20945397019386292
1974,Jacky  Ickx ,0.2285962700843811
1975,Jacky  Ickx ,0.16440078616142273
1976,Jacky  Ickx ,0.12466718256473541
1977,Jacky  Ickx ,0.12370631098747253
1978,Jacky  Ickx ,0.13126499950885773
1979,Jacky  Ickx ,0.1832464337348938
1980,Jacky  Ickx ,0.1320151686668396
1981,Jacky  Ickx ,0.1264561414718628
1982,Jacky  Ickx ,0.12619927525520325
1983,Jacky  Ickx ,0.12650175392627716
1984,Jacky  Ickx ,0.12640340626239777
1985,Jacky  Ickx ,0.12602604925632477
1986,Jacky  Ickx ,0.12557941675186157
1987,Jacky  Ickx ,0.12518158555030823
1988,Jacky  Ickx ,0.12487192451953888
1989,Jacky  Ickx ,0.12464927136898041
1990,Jacky  Ickx ,0.12449777126312256
1991,Jacky  Ickx ,0.12439952790737152
1992,Jacky  Ickx ,0.12433934211730957
1993,Jacky  Ickx ,0.12430578470230103
1994,Jacky  Ickx ,0.1242908388376236
1995,Jacky  Ickx ,0.12428931891918182
1996,Jacky  Ickx ,0.12429800629615784
1997,Jacky  Ickx ,0.1243150383234024
1998,Jacky  Ickx ,0.12433978915214539
1999,Jacky  Ickx ,0.12437227368354797
2000,Jacky  Ickx ,0.12441319227218628
2001,Jacky  Ickx ,0.12446385622024536
2002,Jacky  Ickx ,0.12452593445777893
2003,Jacky  Ickx ,0.1246018260717392
2004,Jacky  Ickx ,0.12469443678855896
2005,Jacky  Ickx ,0.1248074471950531
2006,Jacky  Ickx ,0.12494534254074097
2007,Jacky  Ickx ,0.12511363625526428
2008,Jacky  Ickx ,0.12531894445419312
2009,Jacky  Ickx ,0.12556909024715424
2010,Jacky  Ickx ,0.12587302923202515
2011,Jacky  Ickx ,0.1262402981519699
2012,Jacky  Ickx ,0.12667982280254364
2013,Jacky  Ickx ,0.12719719111919403
2014,Jacky  Ickx ,0.1277894377708435
2015,Jacky  Ickx ,0.12843531370162964
2016,Jacky  Ickx ,0.12907952070236206
2017,Jacky  Ickx ,0.1296088546514511
2018,Jacky  Ickx ,0.1298215091228485
2019,Jacky  Ickx ,0.12939642369747162
2020,Jacky  Ickx ,0.12786979973316193
2021,Jacky  Ickx ,0.12457975745201111
2022,Jacky  Ickx ,0.11832524836063385
2023,Jacky  Ickx ,0.10611218214035034
2024,Jacky  Ickx ,0.08146986365318298
2025,Jacky  Ickx ,0.039903052151203156
2026,Jacky  Ickx ,-0.06969387829303741
2027,Jacky  Ickx ,-0.07349970936775208
2028,Jacky  Ickx ,-0.07349970936775208
2029,Jacky  Ickx ,-0.07349970936775208
2030,Jacky  Ickx ,-0.07349970936775208
1958,Jacques  Laffite ,0.11345034837722778
1959,Jacques  Laffite ,0.11152122914791107
1960,Jacques  Laffite ,0.11200881004333496
1961,Jacques  Laffite ,0.11351993680000305
1962,Jacques  Laffite ,0.11553683876991272
1963,Jacques  Laffite ,0.11764241755008698
1964,Jacques  Laffite ,0.11956873536109924
1965,Jacques  Laffite ,0.12119774520397186
1966,Jacques  Laffite ,0.12250825762748718
1967,Jacques  Laffite ,0.12351855635643005
1968,Jacques  Laffite ,0.12423764169216156
1969,Jacques  Laffite ,0.12462237477302551
1970,Jacques  Laffite ,0.12453916668891907
1971,Jacques  Laffite ,0.12377583980560303
1972,Jacques  Laffite ,0.12229447066783905
1973,Jacques  Laffite ,0.12128005921840668
1974,Jacques  Laffite ,0.1267133355140686
1975,Jacques  Laffite ,0.184987872838974
1976,Jacques  Laffite ,0.25031986832618713
1977,Jacques  Laffite ,0.21854549646377563
1978,Jacques  Laffite ,0.23873162269592285
1979,Jacques  Laffite ,0.30672550201416016
1980,Jacques  Laffite ,0.3143656551837921
1981,Jacques  Laffite ,0.3011435568332672
1982,Jacques  Laffite ,0.14059868454933167
1983,Jacques  Laffite ,0.19656196236610413
1984,Jacques  Laffite ,0.18200714886188507
1985,Jacques  Laffite ,0.23838505148887634
1986,Jacques  Laffite ,0.25376296043395996
1987,Jacques  Laffite ,0.13484331965446472
1988,Jacques  Laffite ,0.12777002155780792
1989,Jacques  Laffite ,0.1285242736339569
1990,Jacques  Laffite ,0.12943297624588013
1991,Jacques  Laffite ,0.12917238473892212
1992,Jacques  Laffite ,0.1282857358455658
1993,Jacques  Laffite ,0.1272803544998169
1994,Jacques  Laffite ,0.12640702724456787
1995,Jacques  Laffite ,0.12573863565921783
1996,Jacques  Laffite ,0.12526459991931915
1997,Jacques  Laffite ,0.12494716048240662
1998,Jacques  Laffite ,0.12474673986434937
1999,Jacques  Laffite ,0.12463085353374481
2000,Jacques  Laffite ,0.12457558512687683
2001,Jacques  Laffite ,0.12456473708152771
2002,Jacques  Laffite ,0.12458798289299011
2003,Jacques  Laffite ,0.1246396005153656
2004,Jacques  Laffite ,0.12471726536750793
2005,Jacques  Laffite ,0.12482111155986786
2006,Jacques  Laffite ,0.12495344877243042
2007,Jacques  Laffite ,0.1251184046268463
2008,Jacques  Laffite ,0.12532171607017517
2009,Jacques  Laffite ,0.12557071447372437
2010,Jacques  Laffite ,0.12587396800518036
2011,Jacques  Laffite ,0.1262408345937729
2012,Jacques  Laffite ,0.12668010592460632
2013,Jacques  Laffite ,0.12719735503196716
2014,Jacques  Laffite ,0.12778955698013306
2015,Jacques  Laffite ,0.12843537330627441
2016,Jacques  Laffite ,0.12907955050468445
2017,Jacques  Laffite ,0.1296088695526123
2018,Jacques  Laffite ,0.1298215240240097
2019,Jacques  Laffite ,0.1293964385986328
2020,Jacques  Laffite ,0.12786978483200073
2021,Jacques  Laffite ,0.12457975745201111
2022,Jacques  Laffite ,0.11832526326179504
2023,Jacques  Laffite ,0.10611216723918915
2024,Jacques  Laffite ,0.08146984875202179
2025,Jacques  Laffite ,0.039903052151203156
2026,Jacques  Laffite ,-0.06969387829303741
2027,Jacques  Laffite ,-0.07349970936775208
2028,Jacques  Laffite ,-0.07349970936775208
2029,Jacques  Laffite ,-0.07349970936775208
2030,Jacques  Laffite ,-0.07349970936775208
1958,Jacques  Villeneuve ,0.11337670683860779
1959,Jacques  Villeneuve ,0.11133012175559998
1960,Jacques  Villeneuve ,0.11172632873058319
1961,Jacques  Villeneuve ,0.11314350366592407
1962,Jacques  Villeneuve ,0.11505357921123505
1963,Jacques  Villeneuve ,0.11703507602214813
1964,Jacques  Villeneuve ,0.11881822347640991
1965,Jacques  Villeneuve ,0.12028615176677704
1966,Jacques  Villeneuve ,0.1214246153831482
1967,Jacques  Villeneuve ,0.12227170169353485
1968,Jacques  Villeneuve ,0.12288343906402588
1969,Jacques  Villeneuve ,0.12331590056419373
1970,Jacques  Villeneuve ,0.12361729145050049
1971,Jacques  Villeneuve ,0.1238257884979248
1972,Jacques  Villeneuve ,0.12397027015686035
1973,Jacques  Villeneuve ,0.12407185137271881
1974,Jacques  Villeneuve ,0.12414559721946716
1975,Jacques  Villeneuve ,0.12420226633548737
1976,Jacques  Villeneuve ,0.1242494285106659
1977,Jacques  Villeneuve ,0.12429265677928925
1978,Jacques  Villeneuve ,0.12433606386184692
1979,Jacques  Villeneuve ,0.12438283860683441
1980,Jacques  Villeneuve ,0.12443581223487854
1981,Jacques  Villeneuve ,0.12449726462364197
1982,Jacques  Villeneuve ,0.12456932663917542
1983,Jacques  Villeneuve ,0.12465392053127289
1984,Jacques  Villeneuve ,0.12475214898586273
1985,Jacques  Villeneuve ,0.12486402690410614
1986,Jacques  Villeneuve ,0.12498678267002106
1987,Jacques  Villeneuve ,0.12511099874973297
1988,Jacques  Villeneuve ,0.1252112090587616
1989,Jacques  Villeneuve ,0.12522585690021515
1990,Jacques  Villeneuve ,0.1250191032886505
1991,Jacques  Villeneuve ,0.12433375418186188
1992,Jacques  Villeneuve ,0.12282133102416992
1993,Jacques  Villeneuve ,0.12050442397594452
1994,Jacques  Villeneuve ,0.11990006268024445
1995,Jacques  Villeneuve ,0.12550853192806244
1996,Jacques  Villeneuve ,0.35812702775001526
1997,Jacques  Villeneuve ,0.3897412121295929
1998,Jacques  Villeneuve ,0.2772538363933563
1999,Jacques  Villeneuve ,0.11832018196582794
2000,Jacques  Villeneuve ,0.23779508471488953
2001,Jacques  Villeneuve ,0.2491793930530548
2002,Jacques  Villeneuve ,0.1942991316318512
2003,Jacques  Villeneuve ,0.15834566950798035
2004,Jacques  Villeneuve ,0.12697331607341766
2005,Jacques  Villeneuve ,0.18252304196357727
2006,Jacques  Villeneuve ,0.18832826614379883
2007,Jacques  Villeneuve ,0.1333978921175003
2008,Jacques  Villeneuve ,0.12938065826892853
2009,Jacques  Villeneuve ,0.1306205540895462
2010,Jacques  Villeneuve ,0.13132916390895844
2011,Jacques  Villeneuve ,0.1311013549566269
2012,Jacques  Villeneuve ,0.13051652908325195
2013,Jacques  Villeneuve ,0.13000541925430298
2014,Jacques  Villeneuve ,0.12974737584590912
2015,Jacques  Villeneuve ,0.12975658476352692
2016,Jacques  Villeneuve ,0.12995082139968872
2017,Jacques  Villeneuve ,0.13017354905605316
2018,Jacques  Villeneuve ,0.13018245995044708
2019,Jacques  Villeneuve ,0.12962448596954346
2020,Jacques  Villeneuve ,0.12801244854927063
2021,Jacques  Villeneuve ,0.12466828525066376
2022,Jacques  Villeneuve ,0.11837983131408691
2023,Jacques  Villeneuve ,0.10614562034606934
2024,Jacques  Villeneuve ,0.08149009943008423
2025,Jacques  Villeneuve ,0.039903052151203156
2026,Jacques  Villeneuve ,-0.06969387829303741
2027,Jacques  Villeneuve ,-0.07349970936775208
2028,Jacques  Villeneuve ,-0.07349970936775208
2029,Jacques  Villeneuve ,-0.07349970936775208
2030,Jacques  Villeneuve ,-0.07349970936775208
1958,Jaime  Alguersuari ,0.11337578296661377
1959,Jaime  Alguersuari ,0.1113274097442627
1960,Jaime  Alguersuari ,0.11172229051589966
1961,Jaime  Alguersuari ,0.1131380945444107
1962,Jaime  Alguersuari ,0.1150466650724411
1963,Jaime  Alguersuari ,0.11702635884284973
1964,Jaime  Alguersuari ,0.11880739033222198
1965,Jaime  Alguersuari ,0.12027275562286377
1966,Jaime  Alguersuari ,0.12140819430351257
1967,Jaime  Alguersuari ,0.12225160002708435
1968,Jaime  Alguersuari ,0.122858926653862
1969,Jaime  Alguersuari ,0.12328609824180603
1970,Jaime  Alguersuari ,0.12358102202415466
1971,Jaime  Alguersuari ,0.1237817257642746
1972,Jaime  Alguersuari ,0.12391671538352966
1973,Jaime  Alguersuari ,0.12400674819946289
1974,Jaime  Alguersuari ,0.12406641244888306
1975,Jaime  Alguersuari ,0.12410593032836914
1976,Jaime  Alguersuari ,0.12413223087787628
1977,Jaime  Alguersuari ,0.12414994835853577
1978,Jaime  Alguersuari ,0.12416225671768188
1979,Jaime  Alguersuari ,0.12417125701904297
1980,Jaime  Alguersuari ,0.12417832016944885
1981,Jaime  Alguersuari ,0.12418442964553833
1982,Jaime  Alguersuari ,0.12419027090072632
1983,Jaime  Alguersuari ,0.12419635057449341
1984,Jaime  Alguersuari ,0.12420310080051422
1985,Jaime  Alguersuari ,0.1242108941078186
1986,Jaime  Alguersuari ,0.1242201179265976
1987,Jaime  Alguersuari ,0.1242312341928482
1988,Jaime  Alguersuari ,0.12424471974372864
1989,Jaime  Alguersuari ,0.12426123023033142
1990,Jaime  Alguersuari ,0.1242813915014267
1991,Jaime  Alguersuari ,0.12430620193481445
1992,Jaime  Alguersuari ,0.12433671951293945
1993,Jaime  Alguersuari ,0.12437431514263153
1994,Jaime  Alguersuari ,0.12442055344581604
1995,Jaime  Alguersuari ,0.12447723746299744
1996,Jaime  Alguersuari ,0.12454625964164734
1997,Jaime  Alguersuari ,0.12462913990020752
1998,Jaime  Alguersuari ,0.12472662329673767
1999,Jaime  Alguersuari ,0.12483692169189453
2000,Jaime  Alguersuari ,0.12495297193527222
2001,Jaime  Alguersuari ,0.12505701184272766
2002,Jaime  Alguersuari ,0.12511089444160461
2003,Jaime  Alguersuari ,0.1250418722629547
2004,Jaime  Alguersuari ,0.1247277557849884
2005,Jaime  Alguersuari ,0.12400628626346588
2006,Jaime  Alguersuari ,0.12279453873634338
2007,Jaime  Alguersuari ,0.12132474780082703
2008,Jaime  Alguersuari ,0.12295401096343994
2009,Jaime  Alguersuari ,0.08141060173511505
2010,Jaime  Alguersuari ,0.12742185592651367
2011,Jaime  Alguersuari ,0.18433645367622375
2012,Jaime  Alguersuari ,0.1323859840631485
2013,Jaime  Alguersuari ,0.12795302271842957
2014,Jaime  Alguersuari ,0.12924274802207947
2015,Jaime  Alguersuari ,0.1307164430618286
2016,Jaime  Alguersuari ,0.13146577775478363
2017,Jaime  Alguersuari ,0.13165605068206787
2018,Jaime  Alguersuari ,0.13139519095420837
2019,Jaime  Alguersuari ,0.13052858412265778
2020,Jaime  Alguersuari ,0.12865056097507477
2021,Jaime  Alguersuari ,0.12510335445404053
2022,Jaime  Alguersuari ,0.11866985261440277
2023,Jaime  Alguersuari ,0.10633569955825806
2024,Jaime  Alguersuari ,0.08161105215549469
2025,Jaime  Alguersuari ,0.039903052151203156
2026,Jaime  Alguersuari ,-0.06969387829303741
2027,Jaime  Alguersuari ,-0.07349970936775208
2028,Jaime  Alguersuari ,-0.07349970936775208
2029,Jaime  Alguersuari ,-0.07349970936775208
2030,Jaime  Alguersuari ,-0.07349970936775208
1958,James  Hunt ,0.11346662044525146
1959,James  Hunt ,0.11154864728450775
1960,James  Hunt ,0.11204341053962708
1961,James  Hunt ,0.11355884373188019
1962,James  Hunt ,0.11557523906230927
1963,James  Hunt ,0.11767050623893738
1964,James  Hunt ,0.11956651508808136
1965,James  Hunt ,0.12112392485141754
1966,James  Hunt ,0.1222769021987915
1967,James  Hunt ,0.12295319139957428
1968,James  Hunt ,0.12300160527229309
1969,James  Hunt ,0.12217667698860168
1970,James  Hunt ,0.12039697170257568
1971,James  Hunt ,0.11898761987686157
1972,James  Hunt ,0.12343481183052063
1973,James  Hunt ,0.22766926884651184
1974,James  Hunt ,0.23733484745025635
1975,James  Hunt ,0.2919832766056061
1976,James  Hunt ,0.3661656379699707
1977,James  Hunt ,0.3007584810256958
1978,James  Hunt ,0.18456695973873138
1979,James  Hunt ,0.11955887079238892
1980,James  Hunt ,0.12088049948215485
1981,James  Hunt ,0.12598952651023865
1982,James  Hunt ,0.12860915064811707
1983,James  Hunt ,0.12899546325206757
1984,James  Hunt ,0.12832050025463104
1985,James  Hunt ,0.12736055254936218
1986,James  Hunt ,0.12647293508052826
1987,James  Hunt ,0.12577083706855774
1988,James  Hunt ,0.12525814771652222
1989,James  Hunt ,0.12490147352218628
1990,James  Hunt ,0.12466183304786682
1991,James  Hunt ,0.12450580298900604
1992,James  Hunt ,0.12440785765647888
1993,James  Hunt ,0.12434972822666168
1994,James  Hunt ,0.1243189126253128
1995,James  Hunt ,0.12430718541145325
1996,James  Hunt ,0.12430931627750397
1997,James  Hunt ,0.12432220578193665
1998,James  Hunt ,0.12434431910514832
1999,James  Hunt ,0.12437513470649719
2000,James  Hunt ,0.12441499531269073
2001,James  Hunt ,0.1244649738073349
2002,James  Hunt ,0.12452664971351624
2003,James  Hunt ,0.12460227310657501
2004,James  Hunt ,0.12469471991062164
2005,James  Hunt ,0.12480762600898743
2006,James  Hunt ,0.12494544684886932
2007,James  Hunt ,0.12511371076107025
2008,James  Hunt ,0.1253189742565155
2009,James  Hunt ,0.12556912004947662
2010,James  Hunt ,0.12587304413318634
2011,James  Hunt ,0.1262402981519699
2012,James  Hunt ,0.12667983770370483
2013,James  Hunt ,0.12719720602035522
2014,James  Hunt ,0.1277894377708435
2015,James  Hunt ,0.12843531370162964
2016,James  Hunt ,0.12907952070236206
2017,James  Hunt ,0.1296088844537735
2018,James  Hunt ,0.1298215091228485
2019,James  Hunt ,0.12939642369747162
2020,James  Hunt ,0.12786978483200073
2021,James  Hunt ,0.12457975745201111
2022,James  Hunt ,0.11832524836063385
2023,James  Hunt ,0.10611218214035034
2024,James  Hunt ,0.08146986365318298
2025,James  Hunt ,0.039903052151203156
2026,James  Hunt ,-0.06969387829303741
2027,James  Hunt ,-0.07349970936775208
2028,James  Hunt ,-0.07349970936775208
2029,James  Hunt ,-0.07349970936775208
2030,James  Hunt ,-0.07349970936775208
1958,Jan  Magnussen ,0.11337584257125854
1959,Jan  Magnussen ,0.1113276481628418
1960,Jan  Magnussen ,0.11172261834144592
1961,Jan  Magnussen ,0.11313852667808533
1962,Jan  Magnussen ,0.11504721641540527
1963,Jan  Magnussen ,0.11702705919742584
1964,Jan  Magnussen ,0.11880823969841003
1965,Jan  Magnussen ,0.12027379870414734
1966,Jan  Magnussen ,0.12140950560569763
1967,Jan  Magnussen ,0.12225320935249329
1968,Jan  Magnussen ,0.1228608787059784
1969,Jan  Magnussen ,0.12328846752643585
1970,Jan  Magnussen ,0.12358391284942627
1971,Jan  Magnussen ,0.12378527224063873
1972,Jan  Magnussen ,0.12392102181911469
1973,Jan  Magnussen ,0.12401199340820312
1974,Jan  Magnussen ,0.12407286465167999
1975,Jan  Magnussen ,0.12411379814147949
1976,Jan  Magnussen ,0.12414185702800751
1977,Jan  Magnussen ,0.12416177988052368
1978,Jan  Magnussen ,0.12417683005332947
1979,Jan  Magnussen ,0.12418925762176514
1980,Jan  Magnussen ,0.12420056760311127
1981,Jan  Magnussen ,0.12421199679374695
1982,Jan  Magnussen ,0.124224454164505
1983,Jan  Magnussen ,0.12423869967460632
1984,Jan  Magnussen ,0.12425538897514343
1985,Jan  Magnussen ,0.12427493929862976
1986,Jan  Magnussen ,0.12429751455783844
1987,Jan  Magnussen ,0.12432259321212769
1988,Jan  Magnussen ,0.1243479996919632
1989,Jan  Magnussen ,0.12436816096305847
1990,Jan  Magnussen ,0.12437039613723755
1991,Jan  Magnussen ,0.1243278980255127
1992,Jan  Magnussen ,0.12418907880783081
1993,Jan  Magnussen ,0.12386952340602875
1994,Jan  Magnussen ,0.12327753007411957
1995,Jan  Magnussen ,0.12248694896697998
1996,Jan  Magnussen ,0.12230023741722107
1997,Jan  Magnussen ,0.1268479973077774
1998,Jan  Magnussen ,0.1516522765159607
1999,Jan  Magnussen ,0.12542851269245148
2000,Jan  Magnussen ,0.12261530756950378
2001,Jan  Magnussen ,0.12368640303611755
2002,Jan  Magnussen ,0.12478440999984741
2003,Jan  Magnussen ,0.1253224015235901
2004,Jan  Magnussen ,0.12547747790813446
2005,Jan  Magnussen ,0.12547528743743896
2006,Jan  Magnussen ,0.1254531741142273
2007,Jan  Magnussen ,0.12547512352466583
2008,Jan  Magnussen ,0.12556558847427368
2009,Jan  Magnussen ,0.1257324516773224
2010,Jan  Magnussen ,0.1259787678718567
2011,Jan  Magnussen ,0.12630747258663177
2012,Jan  Magnussen ,0.12672178447246552
2013,Jan  Magnussen ,0.12722301483154297
2014,Jan  Magnussen ,0.12780508399009705
2015,Jan  Magnussen ,0.12844467163085938
2016,Jan  Magnussen ,0.1290850043296814
2017,Jan  Magnussen ,0.1296120285987854
2018,Jan  Magnussen ,0.12982332706451416
2019,Jan  Magnussen ,0.1293974220752716
2020,Jan  Magnussen ,0.1278703212738037
2021,Jan  Magnussen ,0.12458005547523499
2022,Jan  Magnussen ,0.11832539737224579
2023,Jan  Magnussen ,0.10611225664615631
2024,Jan  Magnussen ,0.08146986365318298
2025,Jan  Magnussen ,0.039903052151203156
2026,Jan  Magnussen ,-0.06969387829303741
2027,Jan  Magnussen ,-0.07349970936775208
2028,Jan  Magnussen ,-0.07349970936775208
2029,Jan  Magnussen ,-0.07349970936775208
2030,Jan  Magnussen ,-0.07349970936775208
1958,Jarno  Trulli ,0.11337664723396301
1959,Jarno  Trulli ,0.11133000254631042
1960,Jarno  Trulli ,0.11172614991664886
1961,Jarno  Trulli ,0.11314323544502258
1962,Jarno  Trulli ,0.11505326628684998
1963,Jarno  Trulli ,0.1170346587896347
1964,Jarno  Trulli ,0.11881770193576813
1965,Jarno  Trulli ,0.12028548121452332
1966,Jarno  Trulli ,0.12142382562160492
1967,Jarno  Trulli ,0.12227071821689606
1968,Jarno  Trulli ,0.12288224697113037
1969,Jarno  Trulli ,0.12331444025039673
1970,Jarno  Trulli ,0.12361547350883484
1971,Jarno  Trulli ,0.1238236278295517
1972,Jarno  Trulli ,0.12396764755249023
1973,Jarno  Trulli ,0.12406858801841736
1974,Jarno  Trulli ,0.1241416335105896
1975,Jarno  Trulli ,0.12419745326042175
1976,Jarno  Trulli ,0.12424367666244507
1977,Jarno  Trulli ,0.12428571283817291
1978,Jarno  Trulli ,0.12432792782783508
1979,Jarno  Trulli ,0.12437357008457184
1980,Jarno  Trulli ,0.12442564964294434
1981,Jarno  Trulli ,0.12448710203170776
1982,Jarno  Trulli ,0.12456077337265015
1983,Jarno  Trulli ,0.12464979290962219
1984,Jarno  Trulli ,0.12475737929344177
1985,Jarno  Trulli ,0.12488648295402527
1986,Jarno  Trulli ,0.1250392347574234
1987,Jarno  Trulli ,0.12521538138389587
1988,Jarno  Trulli ,0.12540879845619202
1989,Jarno  Trulli ,0.1256006956100464
1990,Jarno  Trulli ,0.1257462203502655
1991,Jarno  Trulli ,0.125753253698349
1992,Jarno  Trulli ,0.12545952200889587
1993,Jarno  Trulli ,0.12465605139732361
1994,Jarno  Trulli ,0.12332335114479065
1995,Jarno  Trulli ,0.12249886989593506
1996,Jarno  Trulli ,0.12773621082305908
1997,Jarno  Trulli ,0.16299563646316528
1998,Jarno  Trulli ,0.1401251256465912
1999,Jarno  Trulli ,0.198138028383255
2000,Jarno  Trulli ,0.22238323092460632
2001,Jarno  Trulli ,0.23082208633422852
2002,Jarno  Trulli ,0.2501309812068939
2003,Jarno  Trulli ,0.27320995926856995
2004,Jarno  Trulli ,0.28278210759162903
2005,Jarno  Trulli ,0.278990238904953
2006,Jarno  Trulli ,0.21053335070610046
2007,Jarno  Trulli ,0.19637486338615417
2008,Jarno  Trulli ,0.2564235329627991
2009,Jarno  Trulli ,0.27093935012817383
2010,Jarno  Trulli ,0.11213928461074829
2011,Jarno  Trulli ,0.1236886978149414
2012,Jarno  Trulli ,0.1333547830581665
2013,Jarno  Trulli ,0.13353219628334045
2014,Jarno  Trulli ,0.13521166145801544
2015,Jarno  Trulli ,0.13537830114364624
2016,Jarno  Trulli ,0.1347329467535019
2017,Jarno  Trulli ,0.13383015990257263
2018,Jarno  Trulli ,0.1328057199716568
2019,Jarno  Trulli ,0.13143238425254822
2020,Jarno  Trulli ,0.12922623753547668
2021,Jarno  Trulli ,0.12546898424625397
2022,Jarno  Trulli ,0.11890186369419098
2023,Jarno  Trulli ,0.10648275911808014
2024,Jarno  Trulli ,0.08170336484909058
2025,Jarno  Trulli ,0.039903052151203156
2026,Jarno  Trulli ,-0.06969387829303741
2027,Jarno  Trulli ,-0.07349970936775208
2028,Jarno  Trulli ,-0.07349970936775208
2029,Jarno  Trulli ,-0.07349970936775208
2030,Jarno  Trulli ,-0.07349970936775208
1958,Jean  Alesi ,0.11338002979755402
1959,Jean  Alesi ,0.1113397479057312
1960,Jean  Alesi ,0.11174070835113525
1961,Jean  Alesi ,0.11316269636154175
1962,Jean  Alesi ,0.11507819592952728
1963,Jean  Alesi ,0.11706613004207611
1964,Jean  Alesi ,0.11885695159435272
1965,Jean  Alesi ,0.12033404409885406
1966,Jean  Alesi ,0.12148362398147583
1967,Jean  Alesi ,0.12234410643577576
1968,Jean  Alesi ,0.12297210097312927
1969,Jean  Alesi ,0.1234244704246521
1970,Jean  Alesi ,0.12375007569789886
1971,Jean  Alesi ,0.12398827075958252
1972,Jean  Alesi ,0.12416902184486389
1973,Jean  Alesi ,0.12431494891643524
1974,Jean  Alesi ,0.12444277107715607
1975,Jean  Alesi ,0.12456485629081726
1976,Jean  Alesi ,0.12469072639942169
1977,Jean  Alesi ,0.12482708692550659
1978,Jean  Alesi ,0.12497848272323608
1979,Jean  Alesi ,0.12514585256576538
1980,Jean  Alesi ,0.12532371282577515
1981,Jean  Alesi ,0.12549258768558502
1982,Jean  Alesi ,0.12560327351093292
1983,Jean  Alesi ,0.12554828822612762
1984,Jean  Alesi ,0.12512549757957458
1985,Jean  Alesi ,0.12405076622962952
1986,Jean  Alesi ,0.1222434937953949
1987,Jean  Alesi ,0.12108269333839417
1988,Jean  Alesi ,0.1265709102153778
1989,Jean  Alesi ,0.22273221611976624
1990,Jean  Alesi ,0.23369953036308289
1991,Jean  Alesi ,0.26383689045906067
1992,Jean  Alesi ,0.2568642497062683
1993,Jean  Alesi ,0.2647962272167206
1994,Jean  Alesi ,0.28479060530662537
1995,Jean  Alesi ,0.30135706067085266
1996,Jean  Alesi ,0.3259374797344208
1997,Jean  Alesi ,0.3179587423801422
1998,Jean  Alesi ,0.20414894819259644
1999,Jean  Alesi ,0.15084879100322723
2000,Jean  Alesi ,0.10462410748004913
2001,Jean  Alesi ,0.17711026966571808
2002,Jean  Alesi ,0.13542652130126953
2003,Jean  Alesi ,0.13169874250888824
2004,Jean  Alesi ,0.13179263472557068
2005,Jean  Alesi ,0.1314273327589035
2006,Jean  Alesi ,0.13041704893112183
2007,Jean  Alesi ,0.12925651669502258
2008,Jean  Alesi ,0.12827575206756592
2009,Jean  Alesi ,0.1275964379310608
2010,Jean  Alesi ,0.1272244155406952
2011,Jean  Alesi ,0.12712246179580688
2012,Jean  Alesi ,0.12724623084068298
2013,Jean  Alesi ,0.12755583226680756
2014,Jean  Alesi ,0.1280137151479721
2015,Jean  Alesi ,0.128573939204216
2016,Jean  Alesi ,0.12916427850723267
2017,Jean  Alesi ,0.12966012954711914
2018,Jean  Alesi ,0.12985222041606903
2019,Jean  Alesi ,0.1294146180152893
2020,Jean  Alesi ,0.12788045406341553
2021,Jean  Alesi ,0.12458598613739014
2022,Jean  Alesi ,0.11832883954048157
2023,Jean  Alesi ,0.1061142086982727
2024,Jean  Alesi ,0.08147101104259491
2025,Jean  Alesi ,0.039903052151203156
2026,Jean  Alesi ,-0.06969387829303741
2027,Jean  Alesi ,-0.07349970936775208
2028,Jean  Alesi ,-0.07349970936775208
2029,Jean  Alesi ,-0.07349970936775208
2030,Jean  Alesi ,-0.07349970936775208
1958,Jean  Behra ,0.20387902855873108
1959,Jean  Behra ,0.16384845972061157
1960,Jean  Behra ,0.11191749572753906
1961,Jean  Behra ,0.10813425481319427
1962,Jean  Behra ,0.1125248372554779
1963,Jean  Behra ,0.11688585579395294
1964,Jean  Behra ,0.11979430913925171
1965,Jean  Behra ,0.12152031064033508
1966,Jean  Behra ,0.12251932919025421
1967,Jean  Behra ,0.12310972809791565
1968,Jean  Behra ,0.12347286939620972
1969,Jean  Behra ,0.12370510399341583
1970,Jean  Behra ,0.12385791540145874
1971,Jean  Behra ,0.12396013736724854
1972,Jean  Behra ,0.12402907013893127
1973,Jean  Behra ,0.12407571077346802
1974,Jean  Behra ,0.12410736083984375
1975,Jean  Behra ,0.1241288036108017
1976,Jean  Behra ,0.12414345145225525
1977,Jean  Behra ,0.12415355443954468
1978,Jean  Behra ,0.12416060268878937
1979,Jean  Behra ,0.12416571378707886
1980,Jean  Behra ,0.12416955828666687
1981,Jean  Behra ,0.12417259812355042
1982,Jean  Behra ,0.12417522072792053
1983,Jean  Behra ,0.12417775392532349
1984,Jean  Behra ,0.12418027222156525
1985,Jean  Behra ,0.1241830438375473
1986,Jean  Behra ,0.12418615818023682
1987,Jean  Behra ,0.1241898387670517
1988,Jean  Behra ,0.12419414520263672
1989,Jean  Behra ,0.1241992861032486
1990,Jean  Behra ,0.12420549988746643
1991,Jean  Behra ,0.12421298027038574
1992,Jean  Behra ,0.1242220550775528
1993,Jean  Behra ,0.12423300743103027
1994,Jean  Behra ,0.1242462694644928
1995,Jean  Behra ,0.12426234781742096
1996,Jean  Behra ,0.1242818683385849
1997,Jean  Behra ,0.12430551648139954
1998,Jean  Behra ,0.12433421611785889
1999,Jean  Behra ,0.1243690550327301
2000,Jean  Behra ,0.12441137433052063
2001,Jean  Behra ,0.12446281313896179
2002,Jean  Behra ,0.12452536821365356
2003,Jean  Behra ,0.12460151314735413
2004,Jean  Behra ,0.12469428777694702
2005,Jean  Behra ,0.12480737268924713
2006,Jean  Behra ,0.12494529783725739
2007,Jean  Behra ,0.1251136213541031
2008,Jean  Behra ,0.12531894445419312
2009,Jean  Behra ,0.12556907534599304
2010,Jean  Behra ,0.12587302923202515
2011,Jean  Behra ,0.12624028325080872
2012,Jean  Behra ,0.12667980790138245
2013,Jean  Behra ,0.12719720602035522
2014,Jean  Behra ,0.1277894377708435
2015,Jean  Behra ,0.12843531370162964
2016,Jean  Behra ,0.12907952070236206
2017,Jean  Behra ,0.1296088695526123
2018,Jean  Behra ,0.1298215091228485
2019,Jean  Behra ,0.12939642369747162
2020,Jean  Behra ,0.12786979973316193
2021,Jean  Behra ,0.12457975745201111
2022,Jean  Behra ,0.11832526326179504
2023,Jean  Behra ,0.10611218214035034
2024,Jean  Behra ,0.08146986365318298
2025,Jean  Behra ,0.039903052151203156
2026,Jean  Behra ,-0.06969387829303741
2027,Jean  Behra ,-0.07349970936775208
2028,Jean  Behra ,-0.07349970936775208
2029,Jean  Behra ,-0.07349970936775208
2030,Jean  Behra ,-0.07349970936775208
1958,Jean-Christophe  Boullion ,0.11337593197822571
1959,Jean-Christophe  Boullion ,0.1113278865814209
1960,Jean-Christophe  Boullion ,0.11172299087047577
1961,Jean-Christophe  Boullion ,0.11313904821872711
1962,Jean-Christophe  Boullion ,0.1150478720664978
1963,Jean-Christophe  Boullion ,0.1170278936624527
1964,Jean-Christophe  Boullion ,0.1188092827796936
1965,Jean-Christophe  Boullion ,0.1202750951051712
1966,Jean-Christophe  Boullion ,0.12141110002994537
1967,Jean-Christophe  Boullion ,0.12225514650344849
1968,Jean-Christophe  Boullion ,0.1228632777929306
1969,Jean-Christophe  Boullion ,0.12329140305519104
1970,Jean-Christophe  Boullion ,0.12358748912811279
1971,Jean-Christophe  Boullion ,0.12378962337970734
1972,Jean-Christophe  Boullion ,0.12392640113830566
1973,Jean-Christophe  Boullion ,0.12401856482028961
1974,Jean-Christophe  Boullion ,0.12408092617988586
1975,Jean-Christophe  Boullion ,0.12412378191947937
1976,Jean-Christophe  Boullion ,0.12415416538715363
1977,Jean-Christophe  Boullion ,0.1241769790649414
1978,Jean-Christophe  Boullion ,0.12419566512107849
1979,Jean-Christophe  Boullion ,0.12421250343322754
1980,Jean-Christophe  Boullion ,0.12422922253608704
1981,Jean-Christophe  Boullion ,0.12424710392951965
1982,Jean-Christophe  Boullion ,0.12426696717739105
1983,Jean-Christophe  Boullion ,0.1242891252040863
1984,Jean-Christophe  Boullion ,0.12431323528289795
1985,Jean-Christophe  Boullion ,0.12433706223964691
1986,Jean-Christophe  Boullion ,0.12435513734817505
1987,Jean-Christophe  Boullion ,0.1243545413017273
1988,Jean-Christophe  Boullion ,0.12430821359157562
1989,Jean-Christophe  Boullion ,0.12416400015354156
1990,Jean-Christophe  Boullion ,0.12383648753166199
1991,Jean-Christophe  Boullion ,0.12323273718357086
1992,Jean-Christophe  Boullion ,0.12242794036865234
1993,Jean-Christophe  Boullion ,0.12224113941192627
1994,Jean-Christophe  Boullion ,0.12685102224349976
1995,Jean-Christophe  Boullion ,0.15334881842136383
1996,Jean-Christophe  Boullion ,0.12543122470378876
1997,Jean-Christophe  Boullion ,0.12248238921165466
1998,Jean-Christophe  Boullion ,0.12352123856544495
1999,Jean-Christophe  Boullion ,0.12460856139659882
2000,Jean-Christophe  Boullion ,0.12512585520744324
2001,Jean-Christophe  Boullion ,0.12524625658988953
2002,Jean-Christophe  Boullion ,0.12519590556621552
2003,Jean-Christophe  Boullion ,0.12511229515075684
2004,Jean-Christophe  Boullion ,0.12505826354026794
2005,Jean-Christophe  Boullion ,0.12505584955215454
2006,Jean-Christophe  Boullion ,0.12510991096496582
2007,Jean-Christophe  Boullion ,0.12522020936012268
2008,Jean-Christophe  Boullion ,0.12538664042949677
2009,Jean-Christophe  Boullion ,0.12561136484146118
2010,Jean-Christophe  Boullion ,0.12589901685714722
2011,Jean-Christophe  Boullion ,0.12625601887702942
2012,Jean-Christophe  Boullion ,0.12668919563293457
2013,Jean-Christophe  Boullion ,0.12720270454883575
2014,Jean-Christophe  Boullion ,0.1277926117181778
2015,Jean-Christophe  Boullion ,0.1284371316432953
2016,Jean-Christophe  Boullion ,0.12908051908016205
2017,Jean-Christophe  Boullion ,0.1296093910932541
2018,Jean-Christophe  Boullion ,0.1298217922449112
2019,Jean-Christophe  Boullion ,0.12939655780792236
2020,Jean-Christophe  Boullion ,0.1278698444366455
2021,Jean-Christophe  Boullion ,0.12457980215549469
2022,Jean-Christophe  Boullion ,0.11832526326179504
2023,Jean-Christophe  Boullion ,0.10611218214035034
2024,Jean-Christophe  Boullion ,0.0814698338508606
2025,Jean-Christophe  Boullion ,0.039903052151203156
2026,Jean-Christophe  Boullion ,-0.06969387829303741
2027,Jean-Christophe  Boullion ,-0.07349970936775208
2028,Jean-Christophe  Boullion ,-0.07349970936775208
2029,Jean-Christophe  Boullion ,-0.07349970936775208
2030,Jean-Christophe  Boullion ,-0.07349970936775208
1958,Jean-Eric  Vergne ,0.11337575316429138
1959,Jean-Eric  Vergne ,0.11132736504077911
1960,Jean-Eric  Vergne ,0.11172223091125488
1961,Jean-Eric  Vergne ,0.11313799023628235
1962,Jean-Eric  Vergne ,0.11504651606082916
1963,Jean-Eric  Vergne ,0.1170261949300766
1964,Jean-Eric  Vergne ,0.11880719661712646
1965,Jean-Eric  Vergne ,0.12027250230312347
1966,Jean-Eric  Vergne ,0.1214078962802887
1967,Jean-Eric  Vergne ,0.12225121259689331
1968,Jean-Eric  Vergne ,0.12285846471786499
1969,Jean-Eric  Vergne ,0.12328554689884186
1970,Jean-Eric  Vergne ,0.12358035147190094
1971,Jean-Eric  Vergne ,0.12378089129924774
1972,Jean-Eric  Vergne ,0.12391573190689087
1973,Jean-Eric  Vergne ,0.124005526304245
1974,Jean-Eric  Vergne ,0.12406495213508606
1975,Jean-Eric  Vergne ,0.12410415709018707
1976,Jean-Eric  Vergne ,0.12413007020950317
1977,Jean-Eric  Vergne ,0.12414735555648804
1978,Jean-Eric  Vergne ,0.12415909767150879
1979,Jean-Eric  Vergne ,0.12416736781597137
1980,Jean-Eric  Vergne ,0.1241736114025116
1981,Jean-Eric  Vergne ,0.12417870759963989
1982,Jean-Eric  Vergne ,0.12418332695960999
1983,Jean-Eric  Vergne ,0.12418791651725769
1984,Jean-Eric  Vergne ,0.12419281899929047
1985,Jean-Eric  Vergne ,0.12419834733009338
1986,Jean-Eric  Vergne ,0.12420481443405151
1987,Jean-Eric  Vergne ,0.12421250343322754
1988,Jean-Eric  Vergne ,0.12422171235084534
1989,Jean-Eric  Vergne ,0.12423290312290192
1990,Jean-Eric  Vergne ,0.12424647808074951
1991,Jean-Eric  Vergne ,0.12426300346851349
1992,Jean-Eric  Vergne ,0.12428316473960876
1993,Jean-Eric  Vergne ,0.12430790066719055
1994,Jean-Eric  Vergne ,0.12433815002441406
1995,Jean-Eric  Vergne ,0.12437516450881958
1996,Jean-Eric  Vergne ,0.12442050874233246
1997,Jean-Eric  Vergne ,0.12447597086429596
1998,Jean-Eric  Vergne ,0.12454351782798767
1999,Jean-Eric  Vergne ,0.12462522089481354
2000,Jean-Eric  Vergne ,0.12472309172153473
2001,Jean-Eric  Vergne ,0.1248382031917572
2002,Jean-Eric  Vergne ,0.124969482421875
2003,Jean-Eric  Vergne ,0.1251106560230255
2004,Jean-Eric  Vergne ,0.12524424493312836
2005,Jean-Eric  Vergne ,0.12533003091812134
2006,Jean-Eric  Vergne ,0.12528623640537262
2007,Jean-Eric  Vergne ,0.12497033178806305
2008,Jean-Eric  Vergne ,0.12419958412647247
2009,Jean-Eric  Vergne ,0.12296511232852936
2010,Jean-Eric  Vergne ,0.12218873202800751
2011,Jean-Eric  Vergne ,0.12726905941963196
2012,Jean-Eric  Vergne ,0.14949250221252441
2013,Jean-Eric  Vergne ,0.17545674741268158
2014,Jean-Eric  Vergne ,0.1981935203075409
2015,Jean-Eric  Vergne ,0.132290318608284
2016,Jean-Eric  Vergne ,0.12806923687458038
2017,Jean-Eric  Vergne ,0.13020434975624084
2018,Jean-Eric  Vergne ,0.13191109895706177
2019,Jean-Eric  Vergne ,0.13191497325897217
2020,Jean-Eric  Vergne ,0.13016006350517273
2021,Jean-Eric  Vergne ,0.12640561163425446
2022,Jean-Eric  Vergne ,0.11968082189559937
2023,Jean-Eric  Vergne ,0.10707701742649078
2024,Jean-Eric  Vergne ,0.08212810754776001
2025,Jean-Eric  Vergne ,0.039903052151203156
2026,Jean-Eric  Vergne ,-0.06969387829303741
2027,Jean-Eric  Vergne ,-0.07349970936775208
2028,Jean-Eric  Vergne ,-0.07349970936775208
2029,Jean-Eric  Vergne ,-0.07349970936775208
2030,Jean-Eric  Vergne ,-0.07349970936775208
1958,Jean-Pierre  Beltoise ,0.11364997923374176
1959,Jean-Pierre  Beltoise ,0.11191809177398682
1960,Jean-Pierre  Beltoise ,0.11249899864196777
1961,Jean-Pierre  Beltoise ,0.11399933695793152
1962,Jean-Pierre  Beltoise ,0.1158054918050766
1963,Jean-Pierre  Beltoise ,0.11729961633682251
1964,Jean-Pierre  Beltoise ,0.11792972683906555
1965,Jean-Pierre  Beltoise ,0.11750176548957825
1966,Jean-Pierre  Beltoise ,0.11738979816436768
1967,Jean-Pierre  Beltoise ,0.12363457679748535
1968,Jean-Pierre  Beltoise ,0.21527501940727234
1969,Jean-Pierre  Beltoise ,0.29209038615226746
1970,Jean-Pierre  Beltoise ,0.22113698720932007
1971,Jean-Pierre  Beltoise ,0.08533473312854767
1972,Jean-Pierre  Beltoise ,0.20108148455619812
1973,Jean-Pierre  Beltoise ,0.22251597046852112
1974,Jean-Pierre  Beltoise ,0.19645151495933533
1975,Jean-Pierre  Beltoise ,0.12927499413490295
1976,Jean-Pierre  Beltoise ,0.1256597489118576
1977,Jean-Pierre  Beltoise ,0.1275942027568817
1978,Jean-Pierre  Beltoise ,0.12872980535030365
1979,Jean-Pierre  Beltoise ,0.12857231497764587
1980,Jean-Pierre  Beltoise ,0.12778562307357788
1981,Jean-Pierre  Beltoise ,0.12687881290912628
1982,Jean-Pierre  Beltoise ,0.12608864903450012
1983,Jean-Pierre  Beltoise ,0.12548096477985382
1984,Jean-Pierre  Beltoise ,0.12504497170448303
1985,Jean-Pierre  Beltoise ,0.12474560737609863
1986,Jean-Pierre  Beltoise ,0.12454637885093689
1987,Jean-Pierre  Beltoise ,0.12441733479499817
1988,Jean-Pierre  Beltoise ,0.12433604896068573
1989,Jean-Pierre  Beltoise ,0.12428677082061768
1990,Jean-Pierre  Beltoise ,0.12425881624221802
1991,Jean-Pierre  Beltoise ,0.12424515187740326
1992,Jean-Pierre  Beltoise ,0.12424123287200928
1993,Jean-Pierre  Beltoise ,0.1242443174123764
1994,Jean-Pierre  Beltoise ,0.12425287067890167
1995,Jean-Pierre  Beltoise ,0.12426617741584778
1996,Jean-Pierre  Beltoise ,0.12428402900695801
1997,Jean-Pierre  Beltoise ,0.12430672347545624
1998,Jean-Pierre  Beltoise ,0.1243349015712738
1999,Jean-Pierre  Beltoise ,0.12436942756175995
2000,Jean-Pierre  Beltoise ,0.12441155314445496
2001,Jean-Pierre  Beltoise ,0.12446291744709015
2002,Jean-Pierre  Beltoise ,0.12452539801597595
2003,Jean-Pierre  Beltoise ,0.12460154294967651
2004,Jean-Pierre  Beltoise ,0.12469428777694702
2005,Jean-Pierre  Beltoise ,0.12480737268924713
2006,Jean-Pierre  Beltoise ,0.12494529783725739
2007,Jean-Pierre  Beltoise ,0.1251136213541031
2008,Jean-Pierre  Beltoise ,0.12531892955303192
2009,Jean-Pierre  Beltoise ,0.12556907534599304
2010,Jean-Pierre  Beltoise ,0.12587302923202515
2011,Jean-Pierre  Beltoise ,0.12624028325080872
2012,Jean-Pierre  Beltoise ,0.12667980790138245
2013,Jean-Pierre  Beltoise ,0.12719720602035522
2014,Jean-Pierre  Beltoise ,0.1277894526720047
2015,Jean-Pierre  Beltoise ,0.12843529880046844
2016,Jean-Pierre  Beltoise ,0.12907952070236206
2017,Jean-Pierre  Beltoise ,0.1296088695526123
2018,Jean-Pierre  Beltoise ,0.1298215091228485
2019,Jean-Pierre  Beltoise ,0.12939642369747162
2020,Jean-Pierre  Beltoise ,0.12786978483200073
2021,Jean-Pierre  Beltoise ,0.12457975745201111
2022,Jean-Pierre  Beltoise ,0.11832524836063385
2023,Jean-Pierre  Beltoise ,0.10611216723918915
2024,Jean-Pierre  Beltoise ,0.08146984875202179
2025,Jean-Pierre  Beltoise ,0.039903052151203156
2026,Jean-Pierre  Beltoise ,-0.06969387829303741
2027,Jean-Pierre  Beltoise ,-0.07349970936775208
2028,Jean-Pierre  Beltoise ,-0.07349970936775208
2029,Jean-Pierre  Beltoise ,-0.07349970936775208
2030,Jean-Pierre  Beltoise ,-0.07349970936775208
1958,Jean-Pierre  Jabouille ,0.11339335143566132
1959,Jean-Pierre  Jabouille ,0.11137378215789795
1960,Jean-Pierre  Jabouille ,0.1117912232875824
1961,Jean-Pierre  Jabouille ,0.11323052644729614
1962,Jean-Pierre  Jabouille ,0.1151663064956665
1963,Jean-Pierre  Jabouille ,0.11717846989631653
1964,Jean-Pierre  Jabouille ,0.11899830400943756
1965,Jean-Pierre  Jabouille ,0.12050972878932953
1966,Jean-Pierre  Jabouille ,0.12169891595840454
1967,Jean-Pierre  Jabouille ,0.12260310351848602
1968,Jean-Pierre  Jabouille ,0.12327510118484497
1969,Jean-Pierre  Jabouille ,0.12376224994659424
1970,Jean-Pierre  Jabouille ,0.12409266829490662
1971,Jean-Pierre  Jabouille ,0.12426117062568665
1972,Jean-Pierre  Jabouille ,0.1242101788520813
1973,Jean-Pierre  Jabouille ,0.12380647659301758
1974,Jean-Pierre  Jabouille ,0.12284734845161438
1975,Jean-Pierre  Jabouille ,0.12123402953147888
1976,Jean-Pierre  Jabouille ,0.1196179986000061
1977,Jean-Pierre  Jabouille ,0.12303894758224487
1978,Jean-Pierre  Jabouille ,0.13572853803634644
1979,Jean-Pierre  Jabouille ,0.18795788288116455
1980,Jean-Pierre  Jabouille ,0.24493053555488586
1981,Jean-Pierre  Jabouille ,0.1269105076789856
1982,Jean-Pierre  Jabouille ,0.12078914046287537
1983,Jean-Pierre  Jabouille ,0.12295687198638916
1984,Jean-Pierre  Jabouille ,0.1253030002117157
1985,Jean-Pierre  Jabouille ,0.12626111507415771
1986,Jean-Pierre  Jabouille ,0.12629705667495728
1987,Jean-Pierre  Jabouille ,0.12594442069530487
1988,Jean-Pierre  Jabouille ,0.12551291286945343
1989,Jean-Pierre  Jabouille ,0.12513375282287598
1990,Jean-Pierre  Jabouille ,0.12484300136566162
1991,Jean-Pierre  Jabouille ,0.12463653087615967
1992,Jean-Pierre  Jabouille ,0.12449787557125092
1993,Jean-Pierre  Jabouille ,0.12440977990627289
1994,Jean-Pierre  Jabouille ,0.12435796856880188
1995,Jean-Pierre  Jabouille ,0.12433205544948578
1996,Jean-Pierre  Jabouille ,0.12432484328746796
1997,Jean-Pierre  Jabouille ,0.12433171272277832
1998,Jean-Pierre  Jabouille ,0.12435001134872437
1999,Jean-Pierre  Jabouille ,0.12437848746776581
2000,Jean-Pierre  Jabouille ,0.12441696226596832
2001,Jean-Pierre  Jabouille ,0.12446607649326324
2002,Jean-Pierre  Jabouille ,0.12452727556228638
2003,Jean-Pierre  Jabouille ,0.12460260093212128
2004,Jean-Pierre  Jabouille ,0.12469488382339478
2005,Jean-Pierre  Jabouille ,0.12480771541595459
2006,Jean-Pierre  Jabouille ,0.1249454915523529
2007,Jean-Pierre  Jabouille ,0.12511371076107025
2008,Jean-Pierre  Jabouille ,0.1253189742565155
2009,Jean-Pierre  Jabouille ,0.12556912004947662
2010,Jean-Pierre  Jabouille ,0.12587304413318634
2011,Jean-Pierre  Jabouille ,0.1262403130531311
2012,Jean-Pierre  Jabouille ,0.12667982280254364
2013,Jean-Pierre  Jabouille ,0.12719719111919403
2014,Jean-Pierre  Jabouille ,0.1277894675731659
2015,Jean-Pierre  Jabouille ,0.12843531370162964
2016,Jean-Pierre  Jabouille ,0.12907952070236206
2017,Jean-Pierre  Jabouille ,0.1296088695526123
2018,Jean-Pierre  Jabouille ,0.1298215091228485
2019,Jean-Pierre  Jabouille ,0.12939642369747162
2020,Jean-Pierre  Jabouille ,0.12786979973316193
2021,Jean-Pierre  Jabouille ,0.12457975745201111
2022,Jean-Pierre  Jabouille ,0.11832524836063385
2023,Jean-Pierre  Jabouille ,0.10611218214035034
2024,Jean-Pierre  Jabouille ,0.08146984875202179
2025,Jean-Pierre  Jabouille ,0.039903052151203156
2026,Jean-Pierre  Jabouille ,-0.06969387829303741
2027,Jean-Pierre  Jabouille ,-0.07349970936775208
2028,Jean-Pierre  Jabouille ,-0.07349970936775208
2029,Jean-Pierre  Jabouille ,-0.07349970936775208
2030,Jean-Pierre  Jabouille ,-0.07349970936775208
1958,Jean-Pierre  Jarier ,0.11343339085578918
1959,Jean-Pierre  Jarier ,0.11146831512451172
1960,Jean-Pierre  Jarier ,0.11192899942398071
1961,Jean-Pierre  Jarier ,0.113413006067276
1962,Jean-Pierre  Jarier ,0.11539885401725769
1963,Jean-Pierre  Jarier ,0.11746688187122345
1964,Jean-Pierre  Jarier ,0.11934570968151093
1965,Jean-Pierre  Jarier ,0.12091118097305298
1966,Jean-Pierre  Jarier ,0.12213045358657837
1967,Jean-Pierre  Jarier ,0.12299972772598267
1968,Jean-Pierre  Jarier ,0.12349188327789307
1969,Jean-Pierre  Jarier ,0.12352058291435242
1970,Jean-Pierre  Jarier ,0.12296056747436523
1971,Jean-Pierre  Jarier ,0.12188230454921722
1972,Jean-Pierre  Jarier ,0.12140257656574249
1973,Jean-Pierre  Jarier ,0.1269531100988388
1974,Jean-Pierre  Jarier ,0.1705317497253418
1975,Jean-Pierre  Jarier ,0.13387688994407654
1976,Jean-Pierre  Jarier ,0.12189021706581116
1977,Jean-Pierre  Jarier ,0.11951786279678345
1978,Jean-Pierre  Jarier ,0.12590932846069336
1979,Jean-Pierre  Jarier ,0.22127830982208252
1980,Jean-Pierre  Jarier ,0.22031104564666748
1981,Jean-Pierre  Jarier ,0.1304396688938141
1982,Jean-Pierre  Jarier ,0.10810287296772003
1983,Jean-Pierre  Jarier ,0.1251247376203537
1984,Jean-Pierre  Jarier ,0.12583628296852112
1985,Jean-Pierre  Jarier ,0.12734007835388184
1986,Jean-Pierre  Jarier ,0.12756766378879547
1987,Jean-Pierre  Jarier ,0.12710922956466675
1988,Jean-Pierre  Jarier ,0.12643811106681824
1989,Jean-Pierre  Jarier ,0.12580841779708862
1990,Jean-Pierre  Jarier ,0.1253087818622589
1991,Jean-Pierre  Jarier ,0.12494631111621857
1992,Jean-Pierre  Jarier ,0.12469825148582458
1993,Jean-Pierre  Jarier ,0.12453645467758179
1994,Jean-Pierre  Jarier ,0.1244363933801651
1995,Jean-Pierre  Jarier ,0.12437966465950012
1996,Jean-Pierre  Jarier ,0.12435314059257507
1997,Jean-Pierre  Jarier ,0.12434813380241394
1998,Jean-Pierre  Jarier ,0.12435929477214813
1999,Jean-Pierre  Jarier ,0.12438353896141052
2000,Jean-Pierre  Jarier ,0.12441956996917725
2001,Jean-Pierre  Jarier ,0.12446735799312592
2002,Jean-Pierre  Jarier ,0.12452779710292816
2003,Jean-Pierre  Jarier ,0.1246027946472168
2004,Jean-Pierre  Jarier ,0.12469491362571716
2005,Jean-Pierre  Jarier ,0.12480764091014862
2006,Jean-Pierre  Jarier ,0.12494541704654694
2007,Jean-Pierre  Jarier ,0.12511363625526428
2008,Jean-Pierre  Jarier ,0.12531891465187073
2009,Jean-Pierre  Jarier ,0.12556906044483185
2010,Jean-Pierre  Jarier ,0.12587299942970276
2011,Jean-Pierre  Jarier ,0.12624028325080872
2012,Jean-Pierre  Jarier ,0.12667980790138245
2013,Jean-Pierre  Jarier ,0.12719719111919403
2014,Jean-Pierre  Jarier ,0.1277894377708435
2015,Jean-Pierre  Jarier ,0.12843531370162964
2016,Jean-Pierre  Jarier ,0.12907952070236206
2017,Jean-Pierre  Jarier ,0.1296088695526123
2018,Jean-Pierre  Jarier ,0.1298215091228485
2019,Jean-Pierre  Jarier ,0.1293964385986328
2020,Jean-Pierre  Jarier ,0.12786978483200073
2021,Jean-Pierre  Jarier ,0.1245797723531723
2022,Jean-Pierre  Jarier ,0.11832524836063385
2023,Jean-Pierre  Jarier ,0.10611215233802795
2024,Jean-Pierre  Jarier ,0.08146986365318298
2025,Jean-Pierre  Jarier ,0.039903052151203156
2026,Jean-Pierre  Jarier ,-0.06969387829303741
2027,Jean-Pierre  Jarier ,-0.07349970936775208
2028,Jean-Pierre  Jarier ,-0.07349970936775208
2029,Jean-Pierre  Jarier ,-0.07349970936775208
2030,Jean-Pierre  Jarier ,-0.07349970936775208
1958,Jenson  Button ,0.11337631940841675
1959,Jenson  Button ,0.11132904887199402
1960,Jenson  Button ,0.11172473430633545
1961,Jenson  Button ,0.11314134299755096
1962,Jenson  Button ,0.11505085229873657
1963,Jenson  Button ,0.11703160405158997
1964,Jenson  Button ,0.11881391704082489
1965,Jenson  Button ,0.12028077244758606
1966,Jenson  Button ,0.1214180588722229
1967,Jenson  Button ,0.12226366996765137
1968,Jenson  Button ,0.12287360429763794
1969,Jenson  Button ,0.12330396473407745
1970,Jenson  Button ,0.12360274791717529
1971,Jenson  Button ,0.12380808591842651
1972,Jenson  Button ,0.12394869327545166
1973,Jenson  Button ,0.12404555082321167
1974,Jenson  Button ,0.124113529920578
1975,Jenson  Button ,0.12416309118270874
1976,Jenson  Button ,0.12420162558555603
1977,Jenson  Button ,0.12423427402973175
1978,Jenson  Button ,0.12426477670669556
1979,Jenson  Button ,0.12429594993591309
1980,Jenson  Button ,0.12433014810085297
1981,Jenson  Button ,0.12436947226524353
1982,Jenson  Button ,0.12441594898700714
1983,Jenson  Button ,0.12447181344032288
1984,Jenson  Button ,0.12453946471214294
1985,Jenson  Button ,0.12462162971496582
1986,Jenson  Button ,0.12472130358219147
1987,Jenson  Button ,0.12484180927276611
1988,Jenson  Button ,0.12498629093170166
1989,Jenson  Button ,0.1251571774482727
1990,Jenson  Button ,0.1253546178340912
1991,Jenson  Button ,0.12557289004325867
1992,Jenson  Button ,0.12579244375228882
1993,Jenson  Button ,0.12596380710601807
1994,Jenson  Button ,0.12598010897636414
1995,Jenson  Button ,0.12564657628536224
1996,Jenson  Button ,0.12471209466457367
1997,Jenson  Button ,0.12320318818092346
1998,Jenson  Button ,0.1227903962135315
1999,Jenson  Button ,0.1299486756324768
2000,Jenson  Button ,0.24462899565696716
2001,Jenson  Button ,0.14317458868026733
2002,Jenson  Button ,0.2564372718334198
2003,Jenson  Button ,0.24324247241020203
2004,Jenson  Button ,0.3534536361694336
2005,Jenson  Button ,0.2645229697227478
2006,Jenson  Button ,0.2914615571498871
2007,Jenson  Button ,0.1650521159172058
2008,Jenson  Button ,0.12885940074920654
2009,Jenson  Button ,0.3947480022907257
2010,Jenson  Button ,0.4832706153392792
2011,Jenson  Button ,0.5781421661376953
2012,Jenson  Button ,0.4694744646549225
2013,Jenson  Button ,0.3130094110965729
2014,Jenson  Button ,0.3373294472694397
2015,Jenson  Button ,0.1728825867176056
2016,Jenson  Button ,0.18777093291282654
2017,Jenson  Button ,0.14160111546516418
2018,Jenson  Button ,0.13848578929901123
2019,Jenson  Button ,0.13867419958114624
2020,Jenson  Button ,0.13673776388168335
2021,Jenson  Button ,0.13204550743103027
2022,Jenson  Button ,0.12410959601402283
2023,Jenson  Button ,0.11036635935306549
2024,Jenson  Button ,0.08445180952548981
2025,Jenson  Button ,0.039903052151203156
2026,Jenson  Button ,-0.06969387829303741
2027,Jenson  Button ,-0.07349970936775208
2028,Jenson  Button ,-0.07349970936775208
2029,Jenson  Button ,-0.07349970936775208
2030,Jenson  Button ,-0.07349970936775208
1958,Jerome  d'Ambrosio ,0.11337575316429138
1959,Jerome  d'Ambrosio ,0.11132735013961792
1960,Jerome  d'Ambrosio ,0.11172221601009369
1961,Jerome  d'Ambrosio ,0.11313799023628235
1962,Jerome  d'Ambrosio ,0.11504650115966797
1963,Jerome  d'Ambrosio ,0.1170261800289154
1964,Jerome  d'Ambrosio ,0.11880713701248169
1965,Jerome  d'Ambrosio ,0.12027245759963989
1966,Jerome  d'Ambrosio ,0.12140782177448273
1967,Jerome  d'Ambrosio ,0.12225116789340973
1968,Jerome  d'Ambrosio ,0.12285839021205902
1969,Jerome  d'Ambrosio ,0.12328541278839111
1970,Jerome  d'Ambrosio ,0.12358024716377258
1971,Jerome  d'Ambrosio ,0.123780757188797
1972,Jerome  d'Ambrosio ,0.12391555309295654
1973,Jerome  d'Ambrosio ,0.12400530278682709
1974,Jerome  d'Ambrosio ,0.12406468391418457
1975,Jerome  d'Ambrosio ,0.124103844165802
1976,Jerome  d'Ambrosio ,0.12412969768047333
1977,Jerome  d'Ambrosio ,0.12414684891700745
1978,Jerome  d'Ambrosio ,0.12415850162506104
1979,Jerome  d'Ambrosio ,0.12416671216487885
1980,Jerome  d'Ambrosio ,0.12417280673980713
1981,Jerome  d'Ambrosio ,0.1241777241230011
1982,Jerome  d'Ambrosio ,0.12418213486671448
1983,Jerome  d'Ambrosio ,0.12418648600578308
1984,Jerome  d'Ambrosio ,0.12419107556343079
1985,Jerome  d'Ambrosio ,0.12419627606868744
1986,Jerome  d'Ambrosio ,0.12420229613780975
1987,Jerome  d'Ambrosio ,0.124209463596344
1988,Jerome  d'Ambrosio ,0.12421809136867523
1989,Jerome  d'Ambrosio ,0.1242285668849945
1990,Jerome  d'Ambrosio ,0.12424129247665405
1991,Jerome  d'Ambrosio ,0.12425684928894043
1992,Jerome  d'Ambrosio ,0.12427595257759094
1993,Jerome  d'Ambrosio ,0.12429936230182648
1994,Jerome  d'Ambrosio ,0.12432818114757538
1995,Jerome  d'Ambrosio ,0.12436364591121674
1996,Jerome  d'Ambrosio ,0.12440727651119232
1997,Jerome  d'Ambrosio ,0.12446081638336182
1998,Jerome  d'Ambrosio ,0.12452605366706848
1999,Jerome  d'Ambrosio ,0.12460476160049438
2000,Jerome  d'Ambrosio ,0.12469790875911713
2001,Jerome  d'Ambrosio ,0.12480448186397552
2002,Jerome  d'Ambrosio ,0.12491905689239502
2003,Jerome  d'Ambrosio ,0.12502731382846832
2004,Jerome  d'Ambrosio ,0.1250983476638794
2005,Jerome  d'Ambrosio ,0.12507373094558716
2006,Jerome  d'Ambrosio ,0.12485800683498383
2007,Jerome  d'Ambrosio ,0.12432985007762909
2008,Jerome  d'Ambrosio ,0.12343955039978027
2009,Jerome  d'Ambrosio ,0.12232264876365662
2010,Jerome  d'Ambrosio ,0.12346203625202179
2011,Jerome  d'Ambrosio ,0.07552087306976318
2012,Jerome  d'Ambrosio ,0.11215481162071228
2013,Jerome  d'Ambrosio ,0.12561754882335663
2014,Jerome  d'Ambrosio ,0.12675882875919342
2015,Jerome  d'Ambrosio ,0.12943165004253387
2016,Jerome  d'Ambrosio ,0.13093017041683197
2017,Jerome  d'Ambrosio ,0.13149674236774445
2018,Jerome  d'Ambrosio ,0.13138577342033386
2019,Jerome  d'Ambrosio ,0.13056254386901855
2020,Jerome  d'Ambrosio ,0.1286868304014206
2021,Jerome  d'Ambrosio ,0.12513017654418945
2022,Jerome  d'Ambrosio ,0.11868646740913391
2023,Jerome  d'Ambrosio ,0.10634452104568481
2024,Jerome  d'Ambrosio ,0.08161450922489166
2025,Jerome  d'Ambrosio ,0.039903052151203156
2026,Jerome  d'Ambrosio ,-0.06969387829303741
2027,Jerome  d'Ambrosio ,-0.07349970936775208
2028,Jerome  d'Ambrosio ,-0.07349970936775208
2029,Jerome  d'Ambrosio ,-0.07349970936775208
2030,Jerome  d'Ambrosio ,-0.07349970936775208
1958,Jim  Clark ,0.10637855529785156
1959,Jim  Clark ,0.11007235944271088
1960,Jim  Clark ,0.22556057572364807
1961,Jim  Clark ,0.25254055857658386
1962,Jim  Clark ,0.3166697919368744
1963,Jim  Clark ,0.34538549184799194
1964,Jim  Clark ,0.30656149983406067
1965,Jim  Clark ,0.3413751423358917
1966,Jim  Clark ,0.24760082364082336
1967,Jim  Clark ,0.32069677114486694
1968,Jim  Clark ,0.22649118304252625
1969,Jim  Clark ,0.1229185163974762
1970,Jim  Clark ,0.12255917489528656
1971,Jim  Clark ,0.12711766362190247
1972,Jim  Clark ,0.1295967996120453
1973,Jim  Clark ,0.12981732189655304
1974,Jim  Clark ,0.1289556473493576
1975,Jim  Clark ,0.12782186269760132
1976,Jim  Clark ,0.12679174542427063
1977,Jim  Clark ,0.12598145008087158
1978,Jim  Clark ,0.1253899335861206
1979,Jim  Clark ,0.12497702240943909
1980,Jim  Clark ,0.12469711899757385
1981,Jim  Clark ,0.1245114654302597
1982,Jim  Clark ,0.1243906170129776
1983,Jim  Clark ,0.12431332468986511
1984,Jim  Clark ,0.12426489591598511
1985,Jim  Clark ,0.12423540651798248
1986,Jim  Clark ,0.12421835958957672
1987,Jim  Clark ,0.12420950829982758
1988,Jim  Clark ,0.12420609593391418
1989,Jim  Clark ,0.1242065280675888
1990,Jim  Clark ,0.12420988082885742
1991,Jim  Clark ,0.12421560287475586
1992,Jim  Clark ,0.12422361969947815
1993,Jim  Clark ,0.12423394620418549
1994,Jim  Clark ,0.12424683570861816
1995,Jim  Clark ,0.12426269054412842
1996,Jim  Clark ,0.12428206205368042
1997,Jim  Clark ,0.12430563569068909
1998,Jim  Clark ,0.12433430552482605
1999,Jim  Clark ,0.12436911463737488
2000,Jim  Clark ,0.12441140413284302
2001,Jim  Clark ,0.12446282804012299
2002,Jim  Clark ,0.12452536821365356
2003,Jim  Clark ,0.12460152804851532
2004,Jim  Clark ,0.12469430267810822
2005,Jim  Clark ,0.12480735778808594
2006,Jim  Clark ,0.12494531273841858
2007,Jim  Clark ,0.1251136064529419
2008,Jim  Clark ,0.12531892955303192
2009,Jim  Clark ,0.12556907534599304
2010,Jim  Clark ,0.12587302923202515
2011,Jim  Clark ,0.1262402981519699
2012,Jim  Clark ,0.12667980790138245
2013,Jim  Clark ,0.12719720602035522
2014,Jim  Clark ,0.1277894526720047
2015,Jim  Clark ,0.12843531370162964
2016,Jim  Clark ,0.12907952070236206
2017,Jim  Clark ,0.1296088695526123
2018,Jim  Clark ,0.1298215091228485
2019,Jim  Clark ,0.12939642369747162
2020,Jim  Clark ,0.12786979973316193
2021,Jim  Clark ,0.12457975745201111
2022,Jim  Clark ,0.11832526326179504
2023,Jim  Clark ,0.10611216723918915
2024,Jim  Clark ,0.08146984875202179
2025,Jim  Clark ,0.039903052151203156
2026,Jim  Clark ,-0.06969387829303741
2027,Jim  Clark ,-0.07349970936775208
2028,Jim  Clark ,-0.07349970936775208
2029,Jim  Clark ,-0.07349970936775208
2030,Jim  Clark ,-0.07349970936775208
1958,Jim  Rathmann ,0.07287389039993286
1959,Jim  Rathmann ,0.13368479907512665
1960,Jim  Rathmann ,0.16071142256259918
1961,Jim  Rathmann ,0.12593936920166016
1962,Jim  Rathmann ,0.12000520527362823
1963,Jim  Rathmann ,0.11988195776939392
1964,Jim  Rathmann ,0.12100258469581604
1965,Jim  Rathmann ,0.12203802168369293
1966,Jim  Rathmann ,0.12276539206504822
1967,Jim  Rathmann ,0.12323933839797974
1968,Jim  Rathmann ,0.12354530394077301
1969,Jim  Rathmann ,0.12374584376811981
1970,Jim  Rathmann ,0.12387993931770325
1971,Jim  Rathmann ,0.12397104501724243
1972,Jim  Rathmann ,0.12403354048728943
1973,Jim  Rathmann ,0.12407669425010681
1974,Jim  Rathmann ,0.12410658597946167
1975,Jim  Rathmann ,0.1241273581981659
1976,Jim  Rathmann ,0.12414182722568512
1977,Jim  Rathmann ,0.1241520345211029
1978,Jim  Rathmann ,0.1241593062877655
1979,Jim  Rathmann ,0.1241646409034729
1980,Jim  Rathmann ,0.12416869401931763
1981,Jim  Rathmann ,0.12417194247245789
1982,Jim  Rathmann ,0.12417477369308472
1983,Jim  Rathmann ,0.12417741119861603
1984,Jim  Rathmann ,0.12418003380298615
1985,Jim  Rathmann ,0.12418285012245178
1986,Jim  Rathmann ,0.12418603897094727
1987,Jim  Rathmann ,0.12418974936008453
1988,Jim  Rathmann ,0.12419407069683075
1989,Jim  Rathmann ,0.12419925630092621
1990,Jim  Rathmann ,0.12420547008514404
1991,Jim  Rathmann ,0.12421296536922455
1992,Jim  Rathmann ,0.1242220401763916
1993,Jim  Rathmann ,0.12423300743103027
1994,Jim  Rathmann ,0.1242462694644928
1995,Jim  Rathmann ,0.12426234781742096
1996,Jim  Rathmann ,0.1242818534374237
1997,Jim  Rathmann ,0.12430548667907715
1998,Jim  Rathmann ,0.12433421611785889
1999,Jim  Rathmann ,0.1243690550327301
2000,Jim  Rathmann ,0.12441135942935944
2001,Jim  Rathmann ,0.12446281313896179
2002,Jim  Rathmann ,0.12452535331249237
2003,Jim  Rathmann ,0.12460151314735413
2004,Jim  Rathmann ,0.12469427287578583
2005,Jim  Rathmann ,0.12480735778808594
2006,Jim  Rathmann ,0.12494528293609619
2007,Jim  Rathmann ,0.1251136064529419
2008,Jim  Rathmann ,0.12531894445419312
2009,Jim  Rathmann ,0.12556907534599304
2010,Jim  Rathmann ,0.12587302923202515
2011,Jim  Rathmann ,0.1262402981519699
2012,Jim  Rathmann ,0.12667980790138245
2013,Jim  Rathmann ,0.12719720602035522
2014,Jim  Rathmann ,0.1277894526720047
2015,Jim  Rathmann ,0.12843531370162964
2016,Jim  Rathmann ,0.12907952070236206
2017,Jim  Rathmann ,0.1296088695526123
2018,Jim  Rathmann ,0.1298215091228485
2019,Jim  Rathmann ,0.12939640879631042
2020,Jim  Rathmann ,0.12786978483200073
2021,Jim  Rathmann ,0.1245797723531723
2022,Jim  Rathmann ,0.11832524836063385
2023,Jim  Rathmann ,0.10611216723918915
2024,Jim  Rathmann ,0.0814698338508606
2025,Jim  Rathmann ,0.039903052151203156
2026,Jim  Rathmann ,-0.06969387829303741
2027,Jim  Rathmann ,-0.07349970936775208
2028,Jim  Rathmann ,-0.07349970936775208
2029,Jim  Rathmann ,-0.07349970936775208
2030,Jim  Rathmann ,-0.07349970936775208
1958,Jim Hall,0.11275410652160645
1959,Jim Hall,0.1101519763469696
1960,Jim Hall,0.10974404215812683
1961,Jim Hall,0.11123731732368469
1962,Jim Hall,0.11874143779277802
1963,Jim Hall,0.18115761876106262
1964,Jim Hall,0.12210802733898163
1965,Jim Hall,0.11821639537811279
1966,Jim Hall,0.11996398866176605
1967,Jim Hall,0.12207356095314026
1968,Jim Hall,0.12337416410446167
1969,Jim Hall,0.12400209903717041
1970,Jim Hall,0.12424685060977936
1971,Jim Hall,0.12431126832962036
1972,Jim Hall,0.12430417537689209
1973,Jim Hall,0.12427583336830139
1974,Jim Hall,0.12424647808074951
1975,Jim Hall,0.12422266602516174
1976,Jim Hall,0.1242053210735321
1977,Jim Hall,0.12419360876083374
1978,Jim Hall,0.12418611347675323
1979,Jim Hall,0.12418174743652344
1980,Jim Hall,0.12417948246002197
1981,Jim Hall,0.1241786777973175
1982,Jim Hall,0.1241789162158966
1983,Jim Hall,0.12417995929718018
1984,Jim Hall,0.1241815984249115
1985,Jim Hall,0.12418381869792938
1986,Jim Hall,0.12418663501739502
1987,Jim Hall,0.12419009208679199
1988,Jim Hall,0.12419429421424866
1989,Jim Hall,0.12419939041137695
1990,Jim Hall,0.12420552968978882
1991,Jim Hall,0.12421302497386932
1992,Jim Hall,0.1242220401763916
1993,Jim Hall,0.12423300743103027
1994,Jim Hall,0.1242462694644928
1995,Jim Hall,0.12426236271858215
1996,Jim Hall,0.1242818683385849
1997,Jim Hall,0.12430551648139954
1998,Jim Hall,0.12433421611785889
1999,Jim Hall,0.12436904013156891
2000,Jim Hall,0.12441135942935944
2001,Jim Hall,0.12446281313896179
2002,Jim Hall,0.12452533841133118
2003,Jim Hall,0.12460151314735413
2004,Jim Hall,0.12469427287578583
2005,Jim Hall,0.12480737268924713
2006,Jim Hall,0.12494531273841858
2007,Jim Hall,0.1251136213541031
2008,Jim Hall,0.12531894445419312
2009,Jim Hall,0.12556907534599304
2010,Jim Hall,0.12587301433086395
2011,Jim Hall,0.12624028325080872
2012,Jim Hall,0.12667980790138245
2013,Jim Hall,0.12719720602035522
2014,Jim Hall,0.1277894526720047
2015,Jim Hall,0.12843531370162964
2016,Jim Hall,0.12907952070236206
2017,Jim Hall,0.1296088695526123
2018,Jim Hall,0.1298215091228485
2019,Jim Hall,0.12939642369747162
2020,Jim Hall,0.12786979973316193
2021,Jim Hall,0.12457975745201111
2022,Jim Hall,0.11832526326179504
2023,Jim Hall,0.10611218214035034
2024,Jim Hall,0.08146986365318298
2025,Jim Hall,0.039903052151203156
2026,Jim Hall,-0.06969387829303741
2027,Jim Hall,-0.07349970936775208
2028,Jim Hall,-0.07349970936775208
2029,Jim Hall,-0.07349970936775208
2030,Jim Hall,-0.07349970936775208
1958,Jimmy  Bryan ,0.1200488954782486
1959,Jimmy  Bryan ,0.1157582700252533
1960,Jimmy  Bryan ,0.1134161502122879
1961,Jimmy  Bryan ,0.11412641406059265
1962,Jimmy  Bryan ,0.11585083603858948
1963,Jimmy  Bryan ,0.11771193146705627
1964,Jimmy  Bryan ,0.11935725808143616
1965,Jimmy  Bryan ,0.12068438529968262
1966,Jimmy  Bryan ,0.12169943749904633
1967,Jimmy  Bryan ,0.12244868278503418
1968,Jimmy  Bryan ,0.12298755347728729
1969,Jimmy  Bryan ,0.12336739897727966
1970,Jimmy  Bryan ,0.12363076210021973
1971,Jimmy  Bryan ,0.12381094694137573
1972,Jimmy  Bryan ,0.1239328384399414
1973,Jimmy  Bryan ,0.12401460111141205
1974,Jimmy  Bryan ,0.12406900525093079
1975,Jimmy  Bryan ,0.1241050660610199
1976,Jimmy  Bryan ,0.12412890791893005
1977,Jimmy  Bryan ,0.12414476275444031
1978,Jimmy  Bryan ,0.12415534257888794
1979,Jimmy  Bryan ,0.12416256964206696
1980,Jimmy  Bryan ,0.12416771054267883
1981,Jimmy  Bryan ,0.12417151033878326
1982,Jimmy  Bryan ,0.12417460978031158
1983,Jimmy  Bryan ,0.12417739629745483
1984,Jimmy  Bryan ,0.12418006360530853
1985,Jimmy  Bryan ,0.12418293952941895
1986,Jimmy  Bryan ,0.12418612837791443
1987,Jimmy  Bryan ,0.12418979406356812
1988,Jimmy  Bryan ,0.12419411540031433
1989,Jimmy  Bryan ,0.1241992861032486
1990,Jimmy  Bryan ,0.12420548498630524
1991,Jimmy  Bryan ,0.12421299517154694
1992,Jimmy  Bryan ,0.1242220401763916
1993,Jimmy  Bryan ,0.12423300743103027
1994,Jimmy  Bryan ,0.1242462694644928
1995,Jimmy  Bryan ,0.12426234781742096
1996,Jimmy  Bryan ,0.1242818683385849
1997,Jimmy  Bryan ,0.12430548667907715
1998,Jimmy  Bryan ,0.12433421611785889
1999,Jimmy  Bryan ,0.1243690550327301
2000,Jimmy  Bryan ,0.12441134452819824
2001,Jimmy  Bryan ,0.12446281313896179
2002,Jimmy  Bryan ,0.12452533841133118
2003,Jimmy  Bryan ,0.12460151314735413
2004,Jimmy  Bryan ,0.12469427287578583
2005,Jimmy  Bryan ,0.12480735778808594
2006,Jimmy  Bryan ,0.12494528293609619
2007,Jimmy  Bryan ,0.1251136213541031
2008,Jimmy  Bryan ,0.12531894445419312
2009,Jimmy  Bryan ,0.12556907534599304
2010,Jimmy  Bryan ,0.12587301433086395
2011,Jimmy  Bryan ,0.1262403130531311
2012,Jimmy  Bryan ,0.12667980790138245
2013,Jimmy  Bryan ,0.12719720602035522
2014,Jimmy  Bryan ,0.1277894675731659
2015,Jimmy  Bryan ,0.12843531370162964
2016,Jimmy  Bryan ,0.12907953560352325
2017,Jimmy  Bryan ,0.1296088695526123
2018,Jimmy  Bryan ,0.1298215091228485
2019,Jimmy  Bryan ,0.12939642369747162
2020,Jimmy  Bryan ,0.12786978483200073
2021,Jimmy  Bryan ,0.12457975745201111
2022,Jimmy  Bryan ,0.11832526326179504
2023,Jimmy  Bryan ,0.10611218214035034
2024,Jimmy  Bryan ,0.08146984875202179
2025,Jimmy  Bryan ,0.039903052151203156
2026,Jimmy  Bryan ,-0.06969387829303741
2027,Jimmy  Bryan ,-0.07349970936775208
2028,Jimmy  Bryan ,-0.07349970936775208
2029,Jimmy  Bryan ,-0.07349970936775208
2030,Jimmy  Bryan ,-0.07349970936775208
1958,Jo  Bonnier ,0.13800358772277832
1959,Jo  Bonnier ,0.22941410541534424
1960,Jo  Bonnier ,0.17184489965438843
1961,Jo  Bonnier ,0.17833945155143738
1962,Jo  Bonnier ,0.1687002182006836
1963,Jo  Bonnier ,0.22506225109100342
1964,Jo  Bonnier ,0.16580092906951904
1965,Jo  Bonnier ,0.12088866531848907
1966,Jo  Bonnier ,0.15002822875976562
1967,Jo  Bonnier ,0.18911945819854736
1968,Jo  Bonnier ,0.12198048830032349
1969,Jo  Bonnier ,0.12649062275886536
1970,Jo  Bonnier ,0.12598034739494324
1971,Jo  Bonnier ,0.12809573113918304
1972,Jo  Bonnier ,0.12865667045116425
1973,Jo  Bonnier ,0.12816676497459412
1974,Jo  Bonnier ,0.1272912472486496
1975,Jo  Bonnier ,0.12642636895179749
1976,Jo  Bonnier ,0.1257234364748001
1977,Jo  Bonnier ,0.12520506978034973
1978,Jo  Bonnier ,0.12484386563301086
1979,Jo  Bonnier ,0.12460130453109741
1980,Jo  Bonnier ,0.12444271147251129
1981,Jo  Bonnier ,0.12434132397174835
1982,Jo  Bonnier ,0.12427793443202972
1983,Jo  Bonnier ,0.12423929572105408
1984,Jo  Bonnier ,0.12421661615371704
1985,Jo  Bonnier ,0.12420415878295898
1986,Jo  Bonnier ,0.12419818341732025
1987,Jo  Bonnier ,0.12419652938842773
1988,Jo  Bonnier ,0.12419778108596802
1989,Jo  Bonnier ,0.1242012232542038
1990,Jo  Bonnier ,0.12420645356178284
1991,Jo  Bonnier ,0.12421345710754395
1992,Jo  Bonnier ,0.12422221899032593
1993,Jo  Bonnier ,0.12423306703567505
1994,Jo  Bonnier ,0.1242462694644928
1995,Jo  Bonnier ,0.12426233291625977
1996,Jo  Bonnier ,0.12428183853626251
1997,Jo  Bonnier ,0.12430547177791595
1998,Jo  Bonnier ,0.1243341714143753
1999,Jo  Bonnier ,0.12436902523040771
2000,Jo  Bonnier ,0.12441135942935944
2001,Jo  Bonnier ,0.12446281313896179
2002,Jo  Bonnier ,0.12452533841133118
2003,Jo  Bonnier ,0.12460151314735413
2004,Jo  Bonnier ,0.12469428777694702
2005,Jo  Bonnier ,0.12480735778808594
2006,Jo  Bonnier ,0.12494531273841858
2007,Jo  Bonnier ,0.1251136213541031
2008,Jo  Bonnier ,0.12531894445419312
2009,Jo  Bonnier ,0.12556907534599304
2010,Jo  Bonnier ,0.12587301433086395
2011,Jo  Bonnier ,0.12624028325080872
2012,Jo  Bonnier ,0.12667980790138245
2013,Jo  Bonnier ,0.12719720602035522
2014,Jo  Bonnier ,0.1277894377708435
2015,Jo  Bonnier ,0.12843531370162964
2016,Jo  Bonnier ,0.12907952070236206
2017,Jo  Bonnier ,0.1296088695526123
2018,Jo  Bonnier ,0.1298215091228485
2019,Jo  Bonnier ,0.12939642369747162
2020,Jo  Bonnier ,0.12786978483200073
2021,Jo  Bonnier ,0.12457975745201111
2022,Jo  Bonnier ,0.11832524836063385
2023,Jo  Bonnier ,0.10611216723918915
2024,Jo  Bonnier ,0.08146984875202179
2025,Jo  Bonnier ,0.039903052151203156
2026,Jo  Bonnier ,-0.06969387829303741
2027,Jo  Bonnier ,-0.07349970936775208
2028,Jo  Bonnier ,-0.07349970936775208
2029,Jo  Bonnier ,-0.07349970936775208
2030,Jo  Bonnier ,-0.07349970936775208
1958,Jo  Siffert ,0.11294026672840118
1959,Jo  Siffert ,0.11046743392944336
1960,Jo  Siffert ,0.10948437452316284
1961,Jo  Siffert ,0.10965308547019958
1962,Jo  Siffert ,0.11597427725791931
1963,Jo  Siffert ,0.1513548195362091
1964,Jo  Siffert ,0.20545431971549988
1965,Jo  Siffert ,0.19177600741386414
1966,Jo  Siffert ,0.172249898314476
1967,Jo  Siffert ,0.2042866051197052
1968,Jo  Siffert ,0.26521509885787964
1969,Jo  Siffert ,0.24759915471076965
1970,Jo  Siffert ,0.12778687477111816
1971,Jo  Siffert ,0.28321442008018494
1972,Jo  Siffert ,0.1333390474319458
1973,Jo  Siffert ,0.1258343607187271
1974,Jo  Siffert ,0.1261463761329651
1975,Jo  Siffert ,0.1273554563522339
1976,Jo  Siffert ,0.12758111953735352
1977,Jo  Siffert ,0.1271498203277588
1978,Jo  Siffert ,0.126494899392128
1979,Jo  Siffert ,0.12586478888988495
1980,Jo  Siffert ,0.12535317242145538
1981,Jo  Siffert ,0.12497273087501526
1982,Jo  Siffert ,0.124704509973526
1983,Jo  Siffert ,0.12452197074890137
1984,Jo  Siffert ,0.12440115213394165
1985,Jo  Siffert ,0.12432308495044708
1986,Jo  Siffert ,0.12427404522895813
1987,Jo  Siffert ,0.12424446642398834
1988,Jo  Siffert ,0.12422779202461243
1989,Jo  Siffert ,0.12421989440917969
1990,Jo  Siffert ,0.12421800196170807
1991,Jo  Siffert ,0.12422053515911102
1992,Jo  Siffert ,0.12422658503055573
1993,Jo  Siffert ,0.12423571944236755
1994,Jo  Siffert ,0.12424789369106293
1995,Jo  Siffert ,0.12426331639289856
1996,Jo  Siffert ,0.12428241968154907
1997,Jo  Siffert ,0.12430581450462341
1998,Jo  Siffert ,0.1243344098329544
1999,Jo  Siffert ,0.12436917424201965
2000,Jo  Siffert ,0.1244114339351654
2001,Jo  Siffert ,0.12446284294128418
2002,Jo  Siffert ,0.12452536821365356
2003,Jo  Siffert ,0.12460154294967651
2004,Jo  Siffert ,0.12469428777694702
2005,Jo  Siffert ,0.12480737268924713
2006,Jo  Siffert ,0.12494531273841858
2007,Jo  Siffert ,0.1251136064529419
2008,Jo  Siffert ,0.12531894445419312
2009,Jo  Siffert ,0.12556907534599304
2010,Jo  Siffert ,0.12587302923202515
2011,Jo  Siffert ,0.1262402981519699
2012,Jo  Siffert ,0.12667980790138245
2013,Jo  Siffert ,0.12719720602035522
2014,Jo  Siffert ,0.1277894526720047
2015,Jo  Siffert ,0.12843531370162964
2016,Jo  Siffert ,0.12907952070236206
2017,Jo  Siffert ,0.1296088695526123
2018,Jo  Siffert ,0.1298215091228485
2019,Jo  Siffert ,0.12939642369747162
2020,Jo  Siffert ,0.12786979973316193
2021,Jo  Siffert ,0.12457975745201111
2022,Jo  Siffert ,0.11832524836063385
2023,Jo  Siffert ,0.10611218214035034
2024,Jo  Siffert ,0.08146984875202179
2025,Jo  Siffert ,0.039903052151203156
2026,Jo  Siffert ,-0.06969387829303741
2027,Jo  Siffert ,-0.07349970936775208
2028,Jo  Siffert ,-0.07349970936775208
2029,Jo  Siffert ,-0.07349970936775208
2030,Jo  Siffert ,-0.07349970936775208
1958,Jochen  Mass ,0.11342287063598633
1959,Jochen  Mass ,0.1114460825920105
1960,Jochen  Mass ,0.1118965744972229
1961,Jochen  Mass ,0.1133691668510437
1962,Jochen  Mass ,0.11534157395362854
1963,Jochen  Mass ,0.1173941045999527
1964,Jochen  Mass ,0.11925680935382843
1965,Jochen  Mass ,0.12080971896648407
1966,Jochen  Mass ,0.12202966213226318
1967,Jochen  Mass ,0.12293165922164917
1968,Jochen  Mass ,0.1235179752111435
1969,Jochen  Mass ,0.12372836470603943
1970,Jochen  Mass ,0.12339116632938385
1971,Jochen  Mass ,0.12223035097122192
1972,Jochen  Mass ,0.12017852067947388
1973,Jochen  Mass ,0.11883625388145447
1974,Jochen  Mass ,0.12342432141304016
1975,Jochen  Mass ,0.2616792917251587
1976,Jochen  Mass ,0.2513497471809387
1977,Jochen  Mass ,0.2688656747341156
1978,Jochen  Mass ,0.12282952666282654
1979,Jochen  Mass ,0.14886322617530823
1980,Jochen  Mass ,0.14147081971168518
1981,Jochen  Mass ,0.12646782398223877
1982,Jochen  Mass ,0.125501811504364
1983,Jochen  Mass ,0.1272948980331421
1984,Jochen  Mass ,0.12797507643699646
1985,Jochen  Mass ,0.127690851688385
1986,Jochen  Mass ,0.126998633146286
1987,Jochen  Mass ,0.12626585364341736
1988,Jochen  Mass ,0.12564897537231445
1989,Jochen  Mass ,0.1251838356256485
1990,Jochen  Mass ,0.12485527992248535
1991,Jochen  Mass ,0.12463361024856567
1992,Jochen  Mass ,0.12448988854885101
1993,Jochen  Mass ,0.12440115213394165
1994,Jochen  Mass ,0.12435042858123779
1995,Jochen  Mass ,0.12432603538036346
1996,Jochen  Mass ,0.12432031333446503
1997,Jochen  Mass ,0.12432844936847687
1998,Jochen  Mass ,0.12434770166873932
1999,Jochen  Mass ,0.12437689304351807
2000,Jochen  Mass ,0.12441584467887878
2001,Jochen  Mass ,0.12446534633636475
2002,Jochen  Mass ,0.12452676892280579
2003,Jochen  Mass ,0.1246022880077362
2004,Jochen  Mass ,0.12469467520713806
2005,Jochen  Mass ,0.12480756640434265
2006,Jochen  Mass ,0.12494540214538574
2007,Jochen  Mass ,0.12511366605758667
2008,Jochen  Mass ,0.12531894445419312
2009,Jochen  Mass ,0.12556910514831543
2010,Jochen  Mass ,0.12587302923202515
2011,Jochen  Mass ,0.1262402981519699
2012,Jochen  Mass ,0.12667980790138245
2013,Jochen  Mass ,0.12719720602035522
2014,Jochen  Mass ,0.1277894377708435
2015,Jochen  Mass ,0.12843531370162964
2016,Jochen  Mass ,0.12907952070236206
2017,Jochen  Mass ,0.1296088695526123
2018,Jochen  Mass ,0.1298215091228485
2019,Jochen  Mass ,0.12939642369747162
2020,Jochen  Mass ,0.12786978483200073
2021,Jochen  Mass ,0.12457975745201111
2022,Jochen  Mass ,0.11832524836063385
2023,Jochen  Mass ,0.10611216723918915
2024,Jochen  Mass ,0.08146984875202179
2025,Jochen  Mass ,0.039903052151203156
2026,Jochen  Mass ,-0.06969387829303741
2027,Jochen  Mass ,-0.07349970936775208
2028,Jochen  Mass ,-0.07349970936775208
2029,Jochen  Mass ,-0.07349970936775208
2030,Jochen  Mass ,-0.07349970936775208
1958,Jochen  Rindt ,0.11357316374778748
1959,Jochen  Rindt ,0.11170434951782227
1960,Jochen  Rindt ,0.11171889305114746
1961,Jochen  Rindt ,0.11202317476272583
1962,Jochen  Rindt ,0.11194255948066711
1963,Jochen  Rindt ,0.1120130866765976
1964,Jochen  Rindt ,0.11759300529956818
1965,Jochen  Rindt ,0.17625470459461212
1966,Jochen  Rindt ,0.293390154838562
1967,Jochen  Rindt ,0.20723530650138855
1968,Jochen  Rindt ,0.18657156825065613
1969,Jochen  Rindt ,0.3008028566837311
1970,Jochen  Rindt ,0.35047245025634766
1971,Jochen  Rindt ,0.1264239102602005
1972,Jochen  Rindt ,0.11991776525974274
1973,Jochen  Rindt ,0.12348204851150513
1974,Jochen  Rindt ,0.12693998217582703
1975,Jochen  Rindt ,0.12813471257686615
1976,Jochen  Rindt ,0.1279522180557251
1977,Jochen  Rindt ,0.1272362917661667
1978,Jochen  Rindt ,0.12645141780376434
1979,Jochen  Rindt ,0.12578320503234863
1980,Jochen  Rindt ,0.12527436017990112
1981,Jochen  Rindt ,0.12490996718406677
1982,Jochen  Rindt ,0.12465895712375641
1983,Jochen  Rindt ,0.12449067831039429
1984,Jochen  Rindt ,0.12438040971755981
1985,Jochen  Rindt ,0.12430968880653381
1986,Jochen  Rindt ,0.12426559627056122
1987,Jochen  Rindt ,0.1242392510175705
1988,Jochen  Rindt ,0.12422464787960052
1989,Jochen  Rindt ,0.12421801686286926
1990,Jochen  Rindt ,0.12421692907810211
1991,Jochen  Rindt ,0.12421990931034088
1992,Jochen  Rindt ,0.12422624230384827
1993,Jochen  Rindt ,0.12423554062843323
1994,Jochen  Rindt ,0.12424780428409576
1995,Jochen  Rindt ,0.12426327168941498
1996,Jochen  Rindt ,0.12428241968154907
1997,Jochen  Rindt ,0.1243058443069458
1998,Jochen  Rindt ,0.1243344247341156
1999,Jochen  Rindt ,0.12436917424201965
2000,Jochen  Rindt ,0.1244114339351654
2001,Jochen  Rindt ,0.12446284294128418
2002,Jochen  Rindt ,0.12452538311481476
2003,Jochen  Rindt ,0.12460154294967651
2004,Jochen  Rindt ,0.12469428777694702
2005,Jochen  Rindt ,0.12480737268924713
2006,Jochen  Rindt ,0.12494531273841858
2007,Jochen  Rindt ,0.12511363625526428
2008,Jochen  Rindt ,0.12531894445419312
2009,Jochen  Rindt ,0.12556907534599304
2010,Jochen  Rindt ,0.12587302923202515
2011,Jochen  Rindt ,0.12624028325080872
2012,Jochen  Rindt ,0.12667979300022125
2013,Jochen  Rindt ,0.12719720602035522
2014,Jochen  Rindt ,0.1277894377708435
2015,Jochen  Rindt ,0.12843531370162964
2016,Jochen  Rindt ,0.12907952070236206
2017,Jochen  Rindt ,0.1296088695526123
2018,Jochen  Rindt ,0.1298215091228485
2019,Jochen  Rindt ,0.12939642369747162
2020,Jochen  Rindt ,0.12786979973316193
2021,Jochen  Rindt ,0.12457975745201111
2022,Jochen  Rindt ,0.11832524836063385
2023,Jochen  Rindt ,0.10611218214035034
2024,Jochen  Rindt ,0.08146984875202179
2025,Jochen  Rindt ,0.039903052151203156
2026,Jochen  Rindt ,-0.06969387829303741
2027,Jochen  Rindt ,-0.07349970936775208
2028,Jochen  Rindt ,-0.07349970936775208
2029,Jochen  Rindt ,-0.07349970936775208
2030,Jochen  Rindt ,-0.07349970936775208
1958,Jody  Scheckter ,0.11345472931861877
1959,Jody  Scheckter ,0.11152730882167816
1960,Jody  Scheckter ,0.1120147556066513
1961,Jody  Scheckter ,0.11352363228797913
1962,Jody  Scheckter ,0.11553482711315155
1963,Jody  Scheckter ,0.1176287978887558
1964,Jody  Scheckter ,0.11953327059745789
1965,Jody  Scheckter ,0.12112201750278473
1966,Jody  Scheckter ,0.12235654890537262
1967,Jody  Scheckter ,0.1232171505689621
1968,Jody  Scheckter ,0.1236342191696167
1969,Jody  Scheckter ,0.12342479825019836
1970,Jody  Scheckter ,0.12229916453361511
1971,Jody  Scheckter ,0.12022566795349121
1972,Jody  Scheckter ,0.11916479468345642
1973,Jody  Scheckter ,0.12382972240447998
1974,Jody  Scheckter ,0.3097914755344391
1975,Jody  Scheckter ,0.26489466428756714
1976,Jody  Scheckter ,0.3160184919834137
1977,Jody  Scheckter ,0.32854992151260376
1978,Jody  Scheckter ,0.25648173689842224
1979,Jody  Scheckter ,0.3484325110912323
1980,Jody  Scheckter ,0.12889236211776733
1981,Jody  Scheckter ,0.11993913352489471
1982,Jody  Scheckter ,0.12260070443153381
1983,Jody  Scheckter ,0.12778045237064362
1984,Jody  Scheckter ,0.12978513538837433
1985,Jody  Scheckter ,0.12967798113822937
1986,Jody  Scheckter ,0.12869256734848022
1987,Jody  Scheckter ,0.12755796313285828
1988,Jody  Scheckter ,0.1265774965286255
1989,Jody  Scheckter ,0.1258278787136078
1990,Jody  Scheckter ,0.12529192864894867
1991,Jody  Scheckter ,0.12492489814758301
1992,Jody  Scheckter ,0.12468189001083374
1993,Jody  Scheckter ,0.12452641129493713
1994,Jody  Scheckter ,0.12443146109580994
1995,Jody  Scheckter ,0.12437807023525238
1996,Jody  Scheckter ,0.12435349822044373
1997,Jody  Scheckter ,0.12434946000576019
1998,Jody  Scheckter ,0.12436099350452423
1999,Jody  Scheckter ,0.12438523769378662
2000,Jody  Scheckter ,0.12442107498645782
2001,Jody  Scheckter ,0.124468594789505
2002,Jody  Scheckter ,0.12452879548072815
2003,Jody  Scheckter ,0.12460355460643768
2004,Jody  Scheckter ,0.12469547986984253
2005,Jody  Scheckter ,0.12480807304382324
2006,Jody  Scheckter ,0.12494570016860962
2007,Jody  Scheckter ,0.1251138597726822
2008,Jody  Scheckter ,0.12531907856464386
2009,Jody  Scheckter ,0.1255691647529602
2010,Jody  Scheckter ,0.12587308883666992
2011,Jody  Scheckter ,0.1262403428554535
2012,Jody  Scheckter ,0.12667983770370483
2013,Jody  Scheckter ,0.12719722092151642
2014,Jody  Scheckter ,0.1277894377708435
2015,Jody  Scheckter ,0.12843531370162964
2016,Jody  Scheckter ,0.12907952070236206
2017,Jody  Scheckter ,0.1296088695526123
2018,Jody  Scheckter ,0.1298215389251709
2019,Jody  Scheckter ,0.12939642369747162
2020,Jody  Scheckter ,0.12786979973316193
2021,Jody  Scheckter ,0.12457975745201111
2022,Jody  Scheckter ,0.11832524836063385
2023,Jody  Scheckter ,0.10611218214035034
2024,Jody  Scheckter ,0.08146984875202179
2025,Jody  Scheckter ,0.039903052151203156
2026,Jody  Scheckter ,-0.06969387829303741
2027,Jody  Scheckter ,-0.07349970936775208
2028,Jody  Scheckter ,-0.07349970936775208
2029,Jody  Scheckter ,-0.07349970936775208
2030,Jody  Scheckter ,-0.07349970936775208
1958,John  Love ,0.1129050999879837
1959,John  Love ,0.11037148535251617
1960,John  Love ,0.10990746319293976
1961,John  Love ,0.1108294129371643
1962,John  Love ,0.11660973727703094
1963,John  Love ,0.13891273736953735
1964,John  Love ,0.11642469465732574
1965,John  Love ,0.11573614180088043
1966,John  Love ,0.12399202585220337
1967,John  Love ,0.19820287823677063
1968,John  Love ,0.12772557139396667
1969,John  Love ,0.12217101454734802
1970,John  Love ,0.12277787923812866
1971,John  Love ,0.12409643828868866
1972,John  Love ,0.12480352818965912
1973,John  Love ,0.12499204277992249
1974,John  Love ,0.12491986155509949
1975,John  Love ,0.1247616708278656
1976,John  Love ,0.12460187077522278
1977,John  Love ,0.1244708001613617
1978,John  Love ,0.1243734210729599
1979,John  Love ,0.12430520355701447
1980,John  Love ,0.12425929307937622
1981,John  Love ,0.12422943115234375
1982,John  Love ,0.12421078979969025
1983,John  Love ,0.12419965863227844
1984,John  Love ,0.12419363856315613
1985,John  Love ,0.12419109046459198
1986,John  Love ,0.12419094145298004
1987,John  Love ,0.12419264018535614
1988,John  Love ,0.12419578433036804
1989,John  Love ,0.124200239777565
1990,John  Love ,0.12420603632926941
1991,John  Love ,0.124213308095932
1992,John  Love ,0.12422218918800354
1993,John  Love ,0.12423306703567505
1994,John  Love ,0.12424632906913757
1995,John  Love ,0.12426237761974335
1996,John  Love ,0.1242818832397461
1997,John  Love ,0.12430550158023834
1998,John  Love ,0.12433421611785889
1999,John  Love ,0.1243690550327301
2000,John  Love ,0.12441137433052063
2001,John  Love ,0.12446282804012299
2002,John  Love ,0.12452535331249237
2003,John  Love ,0.12460151314735413
2004,John  Love ,0.12469427287578583
2005,John  Love ,0.12480735778808594
2006,John  Love ,0.12494529783725739
2007,John  Love ,0.1251136213541031
2008,John  Love ,0.12531894445419312
2009,John  Love ,0.12556907534599304
2010,John  Love ,0.12587301433086395
2011,John  Love ,0.12624028325080872
2012,John  Love ,0.12667980790138245
2013,John  Love ,0.12719720602035522
2014,John  Love ,0.1277894377708435
2015,John  Love ,0.12843531370162964
2016,John  Love ,0.12907952070236206
2017,John  Love ,0.1296088695526123
2018,John  Love ,0.1298215091228485
2019,John  Love ,0.12939642369747162
2020,John  Love ,0.12786979973316193
2021,John  Love ,0.12457975745201111
2022,John  Love ,0.11832524836063385
2023,John  Love ,0.10611218214035034
2024,John  Love ,0.08146986365318298
2025,John  Love ,0.039903052151203156
2026,John  Love ,-0.06969387829303741
2027,John  Love ,-0.07349970936775208
2028,John  Love ,-0.07349970936775208
2029,John  Love ,-0.07349970936775208
2030,John  Love ,-0.07349970936775208
1958,John  Surtees ,0.10752518475055695
1959,John  Surtees ,0.1116761565208435
1960,John  Surtees ,0.19142329692840576
1961,John  Surtees ,0.20713165402412415
1962,John  Surtees ,0.27312836050987244
1963,John  Surtees ,0.28557130694389343
1964,John  Surtees ,0.3333837687969208
1965,John  Surtees ,0.275283545255661
1966,John  Surtees ,0.3130633533000946
1967,John  Surtees ,0.28366562724113464
1968,John  Surtees ,0.24897244572639465
1969,John  Surtees ,0.2090061604976654
1970,John  Surtees ,0.14479444921016693
1971,John  Surtees ,0.14034876227378845
1972,John  Surtees ,0.13074810802936554
1973,John  Surtees ,0.12981939315795898
1974,John  Surtees ,0.1311160922050476
1975,John  Surtees ,0.13094492256641388
1976,John  Surtees ,0.12982849776744843
1977,John  Surtees ,0.12846240401268005
1978,John  Surtees ,0.12723428010940552
1979,John  Surtees ,0.12627233564853668
1980,John  Surtees ,0.12557381391525269
1981,John  Surtees ,0.1250896453857422
1982,John  Surtees ,0.12476441264152527
1983,John  Surtees ,0.12455093860626221
1984,John  Surtees ,0.12441371381282806
1985,John  Surtees ,0.12432730197906494
1986,John  Surtees ,0.12427428364753723
1987,John  Surtees ,0.12424303591251373
1988,John  Surtees ,0.124225914478302
1989,John  Surtees ,0.12421804666519165
1990,John  Surtees ,0.12421643733978271
1991,John  Surtees ,0.12421928346157074
1992,John  Surtees ,0.12422561645507812
1993,John  Surtees ,0.12423500418663025
1994,John  Surtees ,0.12424737215042114
1995,John  Surtees ,0.12426295876502991
1996,John  Surtees ,0.12428218126296997
1997,John  Surtees ,0.12430566549301147
1998,John  Surtees ,0.12433430552482605
1999,John  Surtees ,0.12436908483505249
2000,John  Surtees ,0.12441138923168182
2001,John  Surtees ,0.12446284294128418
2002,John  Surtees ,0.12452533841133118
2003,John  Surtees ,0.12460151314735413
2004,John  Surtees ,0.12469428777694702
2005,John  Surtees ,0.12480735778808594
2006,John  Surtees ,0.12494529783725739
2007,John  Surtees ,0.1251136064529419
2008,John  Surtees ,0.12531891465187073
2009,John  Surtees ,0.12556907534599304
2010,John  Surtees ,0.12587301433086395
2011,John  Surtees ,0.12624028325080872
2012,John  Surtees ,0.12667980790138245
2013,John  Surtees ,0.12719720602035522
2014,John  Surtees ,0.1277894377708435
2015,John  Surtees ,0.12843531370162964
2016,John  Surtees ,0.12907952070236206
2017,John  Surtees ,0.1296088695526123
2018,John  Surtees ,0.1298215091228485
2019,John  Surtees ,0.12939642369747162
2020,John  Surtees ,0.12786978483200073
2021,John  Surtees ,0.12457975745201111
2022,John  Surtees ,0.11832524836063385
2023,John  Surtees ,0.10611216723918915
2024,John  Surtees ,0.08146984875202179
2025,John  Surtees ,0.039903052151203156
2026,John  Surtees ,-0.06969387829303741
2027,John  Surtees ,-0.07349970936775208
2028,John  Surtees ,-0.07349970936775208
2029,John  Surtees ,-0.07349970936775208
2030,John  Surtees ,-0.07349970936775208
1958,John  Watson ,0.11344614624977112
1959,John  Watson ,0.11150558292865753
1960,John  Watson ,0.11198456585407257
1961,John  Watson ,0.11348673701286316
1962,John  Watson ,0.11549288034439087
1963,John  Watson ,0.11758445203304291
1964,John  Watson ,0.11949127912521362
1965,John  Watson ,0.1210908442735672
1966,John  Watson ,0.12235312163829803
1967,John  Watson ,0.12327876687049866
1968,John  Watson ,0.12384653091430664
1969,John  Watson ,0.12397341430187225
1970,John  Watson ,0.12352189421653748
1971,John  Watson ,0.12249886989593506
1972,John  Watson ,0.12185586988925934
1973,John  Watson ,0.1263727843761444
1974,John  Watson ,0.1750021129846573
1975,John  Watson ,0.1287294626235962
1976,John  Watson ,0.2323065996170044
1977,John  Watson ,0.18931829929351807
1978,John  Watson ,0.2686678469181061
1979,John  Watson ,0.22521331906318665
1980,John  Watson ,0.20712921023368835
1981,John  Watson ,0.269147127866745
1982,John  Watson ,0.3373357951641083
1983,John  Watson ,0.2822625935077667
1984,John  Watson ,0.12723907828330994
1985,John  Watson ,0.12264253199100494
1986,John  Watson ,0.12598101794719696
1987,John  Watson ,0.12854161858558655
1988,John  Watson ,0.12906089425086975
1989,John  Watson ,0.12846538424491882
1990,John  Watson ,0.12752166390419006
1991,John  Watson ,0.1266191601753235
1992,John  Watson ,0.1258944272994995
1993,John  Watson ,0.12536238133907318
1994,John  Watson ,0.12499341368675232
1995,John  Watson ,0.12474888563156128
1996,John  Watson ,0.12459458410739899
1997,John  Watson ,0.12450426816940308
1998,John  Watson ,0.12445932626724243
1999,John  Watson ,0.12444710731506348
2000,John  Watson ,0.12445962429046631
2001,John  Watson ,0.12449246644973755
2002,John  Watson ,0.1245434582233429
2003,John  Watson ,0.1246124804019928
2004,John  Watson ,0.12470090389251709
2005,John  Watson ,0.12481136620044708
2006,John  Watson ,0.12494766712188721
2007,John  Watson ,0.1251150220632553
2008,John  Watson ,0.12531977891921997
2009,John  Watson ,0.12556958198547363
2010,John  Watson ,0.12587332725524902
2011,John  Watson ,0.12624047696590424
2012,John  Watson ,0.1266799122095108
2013,John  Watson ,0.127197265625
2014,John  Watson ,0.12778949737548828
2015,John  Watson ,0.12843535840511322
2016,John  Watson ,0.12907955050468445
2017,John  Watson ,0.1296088844537735
2018,John  Watson ,0.1298215240240097
2019,John  Watson ,0.1293964385986328
2020,John  Watson ,0.12786978483200073
2021,John  Watson ,0.12457975745201111
2022,John  Watson ,0.11832526326179504
2023,John  Watson ,0.10611218214035034
2024,John  Watson ,0.0814698338508606
2025,John  Watson ,0.039903052151203156
2026,John  Watson ,-0.06969387829303741
2027,John  Watson ,-0.07349970936775208
2028,John  Watson ,-0.07349970936775208
2029,John  Watson ,-0.07349970936775208
2030,John  Watson ,-0.07349970936775208
1958,John Campbell-Jones,0.11285972595214844
1959,John Campbell-Jones,0.1102883517742157
1960,John Campbell-Jones,0.10985137522220612
1961,John Campbell-Jones,0.11087307333946228
1962,John Campbell-Jones,0.1168634295463562
1963,John Campbell-Jones,0.139211505651474
1964,John Campbell-Jones,0.11851829290390015
1965,John Campbell-Jones,0.11781561374664307
1966,John Campbell-Jones,0.12037339806556702
1967,John Campbell-Jones,0.12243059277534485
1968,John Campbell-Jones,0.1235673725605011
1969,John Campbell-Jones,0.12407608330249786
1970,John Campbell-Jones,0.12425744533538818
1971,John Campbell-Jones,0.12429490685462952
1972,John Campbell-Jones,0.12428008019924164
1973,John Campbell-Jones,0.12425251305103302
1974,John Campbell-Jones,0.12422700226306915
1975,John Campbell-Jones,0.12420745193958282
1976,John Campbell-Jones,0.12419399619102478
1977,John Campbell-Jones,0.12418538331985474
1978,John Campbell-Jones,0.12418028712272644
1979,John Campbell-Jones,0.12417767941951752
1980,John Campbell-Jones,0.12417668104171753
1981,John Campbell-Jones,0.12417677044868469
1982,John Campbell-Jones,0.12417763471603394
1983,John Campbell-Jones,0.12417909502983093
1984,John Campbell-Jones,0.12418103218078613
1985,John Campbell-Jones,0.12418344616889954
1986,John Campbell-Jones,0.12418636679649353
1987,John Campbell-Jones,0.12418994307518005
1988,John Campbell-Jones,0.12419416010379791
1989,John Campbell-Jones,0.12419930100440979
1990,John Campbell-Jones,0.12420551478862762
1991,John Campbell-Jones,0.12421298027038574
1992,John Campbell-Jones,0.1242220401763916
1993,John Campbell-Jones,0.12423300743103027
1994,John Campbell-Jones,0.1242462694644928
1995,John Campbell-Jones,0.12426236271858215
1996,John Campbell-Jones,0.1242818534374237
1997,John Campbell-Jones,0.12430548667907715
1998,John Campbell-Jones,0.12433421611785889
1999,John Campbell-Jones,0.12436904013156891
2000,John Campbell-Jones,0.12441134452819824
2001,John Campbell-Jones,0.1244627982378006
2002,John Campbell-Jones,0.12452536821365356
2003,John Campbell-Jones,0.12460151314735413
2004,John Campbell-Jones,0.12469428777694702
2005,John Campbell-Jones,0.12480735778808594
2006,John Campbell-Jones,0.12494528293609619
2007,John Campbell-Jones,0.1251136213541031
2008,John Campbell-Jones,0.12531894445419312
2009,John Campbell-Jones,0.12556907534599304
2010,John Campbell-Jones,0.12587302923202515
2011,John Campbell-Jones,0.12624028325080872
2012,John Campbell-Jones,0.12667980790138245
2013,John Campbell-Jones,0.12719720602035522
2014,John Campbell-Jones,0.1277894377708435
2015,John Campbell-Jones,0.12843531370162964
2016,John Campbell-Jones,0.12907952070236206
2017,John Campbell-Jones,0.1296088695526123
2018,John Campbell-Jones,0.1298215091228485
2019,John Campbell-Jones,0.12939642369747162
2020,John Campbell-Jones,0.12786979973316193
2021,John Campbell-Jones,0.12457975745201111
2022,John Campbell-Jones,0.11832524836063385
2023,John Campbell-Jones,0.10611218214035034
2024,John Campbell-Jones,0.08146986365318298
2025,John Campbell-Jones,0.039903052151203156
2026,John Campbell-Jones,-0.06969387829303741
2027,John Campbell-Jones,-0.07349970936775208
2028,John Campbell-Jones,-0.07349970936775208
2029,John Campbell-Jones,-0.07349970936775208
2030,John Campbell-Jones,-0.07349970936775208
1958,John Miles ,0.11342929303646088
1959,John Miles ,0.11143040657043457
1960,John Miles ,0.11185908317565918
1961,John Miles ,0.11329832673072815
1962,John Miles ,0.11520963907241821
1963,John Miles ,0.11714324355125427
1964,John Miles ,0.11877211928367615
1965,John Miles ,0.11988148093223572
1966,John Miles ,0.12033742666244507
1967,John Miles ,0.12020102143287659
1968,John Miles ,0.1202419251203537
1969,John Miles ,0.12464757263660431
1970,John Miles ,0.1450706422328949
1971,John Miles ,0.12297065556049347
1972,John Miles ,0.121070995926857
1973,John Miles ,0.12280541658401489
1974,John Miles ,0.12420283257961273
1975,John Miles ,0.12482467293739319
1976,John Miles ,0.12494736909866333
1977,John Miles ,0.12485012412071228
1978,John Miles ,0.12469255924224854
1979,John Miles ,0.1245444118976593
1980,John Miles ,0.12442737817764282
1981,John Miles ,0.12434278428554535
1982,John Miles ,0.12428495287895203
1983,John Miles ,0.12424710392951965
1984,John Miles ,0.12422332167625427
1985,John Miles ,0.12420931458473206
1986,John Miles ,0.12420190870761871
1987,John Miles ,0.12419910728931427
1988,John Miles ,0.1241995096206665
1989,John Miles ,0.12420234084129333
1990,John Miles ,0.12420716881752014
1991,John Miles ,0.12421390414237976
1992,John Miles ,0.1242225170135498
1993,John Miles ,0.12423323094844818
1994,John Miles ,0.12424635887145996
1995,John Miles ,0.12426239252090454
1996,John Miles ,0.1242818832397461
1997,John Miles ,0.12430550158023834
1998,John Miles ,0.12433420121669769
1999,John Miles ,0.1243690550327301
2000,John Miles ,0.12441135942935944
2001,John Miles ,0.12446281313896179
2002,John Miles ,0.12452533841133118
2003,John Miles ,0.12460151314735413
2004,John Miles ,0.12469427287578583
2005,John Miles ,0.12480737268924713
2006,John Miles ,0.12494531273841858
2007,John Miles ,0.1251136213541031
2008,John Miles ,0.12531894445419312
2009,John Miles ,0.12556910514831543
2010,John Miles ,0.12587302923202515
2011,John Miles ,0.12624028325080872
2012,John Miles ,0.12667982280254364
2013,John Miles ,0.12719720602035522
2014,John Miles ,0.1277894377708435
2015,John Miles ,0.12843531370162964
2016,John Miles ,0.12907952070236206
2017,John Miles ,0.1296088695526123
2018,John Miles ,0.1298215091228485
2019,John Miles ,0.12939642369747162
2020,John Miles ,0.12786978483200073
2021,John Miles ,0.12457975745201111
2022,John Miles ,0.11832524836063385
2023,John Miles ,0.10611216723918915
2024,John Miles ,0.08146986365318298
2025,John Miles ,0.039903052151203156
2026,John Miles ,-0.06969387829303741
2027,John Miles ,-0.07349970936775208
2028,John Miles ,-0.07349970936775208
2029,John Miles ,-0.07349970936775208
2030,John Miles ,-0.07349970936775208
1958,John Taylor,0.11343808472156525
1959,John Taylor,0.11140154302120209
1960,John Taylor,0.11168259382247925
1961,John Taylor,0.11280018091201782
1962,John Taylor,0.11414428055286407
1963,John Taylor,0.11535829305648804
1964,John Taylor,0.11688274145126343
1965,John Taylor,0.12252217531204224
1966,John Taylor,0.13900095224380493
1967,John Taylor,0.12276452779769897
1968,John Taylor,0.12117421627044678
1969,John Taylor,0.12270507216453552
1970,John Taylor,0.12395577132701874
1971,John Taylor,0.12454783916473389
1972,John Taylor,0.12470528483390808
1973,John Taylor,0.12466263771057129
1974,John Taylor,0.12455686926841736
1975,John Taylor,0.12444981932640076
1976,John Taylor,0.12436272203922272
1977,John Taylor,0.12429870665073395
1978,John Taylor,0.12425440549850464
1979,John Taylor,0.12422510981559753
1980,John Taylor,0.12420648336410522
1981,John Taylor,0.1241951584815979
1982,John Taylor,0.12418879568576813
1983,John Taylor,0.12418574094772339
1984,John Taylor,0.12418490648269653
1985,John Taylor,0.12418565154075623
1986,John Taylor,0.12418761849403381
1987,John Taylor,0.12419059872627258
1988,John Taylor,0.12419453263282776
1989,John Taylor,0.12419947981834412
1990,John Taylor,0.1242055892944336
1991,John Taylor,0.12421302497386932
1992,John Taylor,0.1242220401763916
1993,John Taylor,0.12423297762870789
1994,John Taylor,0.12424623966217041
1995,John Taylor,0.12426236271858215
1996,John Taylor,0.1242818534374237
1997,John Taylor,0.12430548667907715
1998,John Taylor,0.12433421611785889
1999,John Taylor,0.1243690550327301
2000,John Taylor,0.12441134452819824
2001,John Taylor,0.12446281313896179
2002,John Taylor,0.12452535331249237
2003,John Taylor,0.12460151314735413
2004,John Taylor,0.12469427287578583
2005,John Taylor,0.12480735778808594
2006,John Taylor,0.12494531273841858
2007,John Taylor,0.1251136213541031
2008,John Taylor,0.12531894445419312
2009,John Taylor,0.12556907534599304
2010,John Taylor,0.12587301433086395
2011,John Taylor,0.1262403130531311
2012,John Taylor,0.12667979300022125
2013,John Taylor,0.12719720602035522
2014,John Taylor,0.1277894526720047
2015,John Taylor,0.12843531370162964
2016,John Taylor,0.12907952070236206
2017,John Taylor,0.1296088546514511
2018,John Taylor,0.1298215091228485
2019,John Taylor,0.12939642369747162
2020,John Taylor,0.12786978483200073
2021,John Taylor,0.12457975745201111
2022,John Taylor,0.11832524836063385
2023,John Taylor,0.10611215233802795
2024,John Taylor,0.08146984875202179
2025,John Taylor,0.039903052151203156
2026,John Taylor,-0.06969387829303741
2027,John Taylor,-0.07349970936775208
2028,John Taylor,-0.07349970936775208
2029,John Taylor,-0.07349970936775208
2030,John Taylor,-0.07349970936775208
1958,Johnny  Cecotto ,0.11337801814079285
1959,Johnny  Cecotto ,0.1113336831331253
1960,Johnny  Cecotto ,0.11173167824745178
1961,Johnny  Cecotto ,0.1131506860256195
1962,Johnny  Cecotto ,0.11506296694278717
1963,Johnny  Cecotto ,0.11704711616039276
1964,Johnny  Cecotto ,0.11883354187011719
1965,Johnny  Cecotto ,0.12030555307865143
1966,Johnny  Cecotto ,0.12144914269447327
1967,Johnny  Cecotto ,0.12230263650417328
1968,Johnny  Cecotto ,0.12292236089706421
1969,Johnny  Cecotto ,0.12336473166942596
1970,Johnny  Cecotto ,0.1236780434846878
1971,Johnny  Cecotto ,0.1239004135131836
1972,Johnny  Cecotto ,0.12405979633331299
1973,Johnny  Cecotto ,0.12417483329772949
1974,Johnny  Cecotto ,0.12425480782985687
1975,Johnny  Cecotto ,0.12429812550544739
1976,Johnny  Cecotto ,0.1242881715297699
1977,Johnny  Cecotto ,0.1241869330406189
1978,Johnny  Cecotto ,0.123931884765625
1979,Johnny  Cecotto ,0.12345719337463379
1980,Johnny  Cecotto ,0.12281423807144165
1981,Johnny  Cecotto ,0.1224278062582016
1982,Johnny  Cecotto ,0.12539733946323395
1983,Johnny  Cecotto ,0.1094042956829071
1984,Johnny  Cecotto ,0.12325680255889893
1985,Johnny  Cecotto ,0.12307307124137878
1986,Johnny  Cecotto ,0.12437325716018677
1987,Johnny  Cecotto ,0.1250114142894745
1988,Johnny  Cecotto ,0.1251455396413803
1989,Johnny  Cecotto ,0.12502998113632202
1990,Johnny  Cecotto ,0.12484252452850342
1991,Johnny  Cecotto ,0.1246667206287384
1992,Johnny  Cecotto ,0.12453028559684753
1993,Johnny  Cecotto ,0.12443551421165466
1994,Johnny  Cecotto ,0.12437587976455688
1995,Johnny  Cecotto ,0.12434346973896027
1996,Johnny  Cecotto ,0.12433157861232758
1997,Johnny  Cecotto ,0.12433531880378723
1998,Johnny  Cecotto ,0.12435169517993927
1999,Johnny  Cecotto ,0.12437903881072998
2000,Johnny  Cecotto ,0.12441690266132355
2001,Johnny  Cecotto ,0.12446576356887817
2002,Johnny  Cecotto ,0.12452684342861176
2003,Johnny  Cecotto ,0.12460219860076904
2004,Johnny  Cecotto ,0.12469455599784851
2005,Johnny  Cecotto ,0.12480741739273071
2006,Johnny  Cecotto ,0.12494528293609619
2007,Johnny  Cecotto ,0.12511354684829712
2008,Johnny  Cecotto ,0.12531885504722595
2009,Johnny  Cecotto ,0.12556901574134827
2010,Johnny  Cecotto ,0.12587296962738037
2011,Johnny  Cecotto ,0.12624025344848633
2012,Johnny  Cecotto ,0.12667979300022125
2013,Johnny  Cecotto ,0.12719717621803284
2014,Johnny  Cecotto ,0.1277894377708435
2015,Johnny  Cecotto ,0.12843529880046844
2016,Johnny  Cecotto ,0.12907952070236206
2017,Johnny  Cecotto ,0.1296088695526123
2018,Johnny  Cecotto ,0.1298215091228485
2019,Johnny  Cecotto ,0.12939640879631042
2020,Johnny  Cecotto ,0.12786976993083954
2021,Johnny  Cecotto ,0.12457975745201111
2022,Johnny  Cecotto ,0.11832524836063385
2023,Johnny  Cecotto ,0.10611218214035034
2024,Johnny  Cecotto ,0.08146986365318298
2025,Johnny  Cecotto ,0.039903052151203156
2026,Johnny  Cecotto ,-0.06969387829303741
2027,Johnny  Cecotto ,-0.07349970936775208
2028,Johnny  Cecotto ,-0.07349970936775208
2029,Johnny  Cecotto ,-0.07349970936775208
2030,Johnny  Cecotto ,-0.07349970936775208
1958,Johnny  Dumfries ,0.11337688565254211
1959,Johnny  Dumfries ,0.11133062839508057
1960,Johnny  Dumfries ,0.11172710359096527
1961,Johnny  Dumfries ,0.11314448714256287
1962,Johnny  Dumfries ,0.11505493521690369
1963,Johnny  Dumfries ,0.11703680455684662
1964,Johnny  Dumfries ,0.11882051825523376
1965,Johnny  Dumfries ,0.12028907239437103
1966,Johnny  Dumfries ,0.12142841517925262
1967,Johnny  Dumfries ,0.12227663397789001
1968,Johnny  Dumfries ,0.12288983166217804
1969,Johnny  Dumfries ,0.1233241856098175
1970,Johnny  Dumfries ,0.1236279308795929
1971,Johnny  Dumfries ,0.12383927404880524
1972,Johnny  Dumfries ,0.12398707866668701
1973,Johnny  Dumfries ,0.12409213185310364
1974,Johnny  Dumfries ,0.12416891753673553
1975,Johnny  Dumfries ,0.1242266595363617
1976,Johnny  Dumfries ,0.12426969408988953
1977,Johnny  Dumfries ,0.12429651618003845
1978,Johnny  Dumfries ,0.12429581582546234
1979,Johnny  Dumfries ,0.12423832714557648
1980,Johnny  Dumfries ,0.1240624487400055
1981,Johnny  Dumfries ,0.12366077303886414
1982,Johnny  Dumfries ,0.12290745973587036
1983,Johnny  Dumfries ,0.12187980115413666
1984,Johnny  Dumfries ,0.12170456349849701
1985,Johnny  Dumfries ,0.12708702683448792
1986,Johnny  Dumfries ,0.19450360536575317
1987,Johnny  Dumfries ,0.12647615373134613
1988,Johnny  Dumfries ,0.12129722535610199
1989,Johnny  Dumfries ,0.12229365110397339
1990,Johnny  Dumfries ,0.12385556101799011
1991,Johnny  Dumfries ,0.12470194697380066
1992,Johnny  Dumfries ,0.12496861815452576
1993,Johnny  Dumfries ,0.12494301795959473
1994,Johnny  Dumfries ,0.12481652200222015
1995,Johnny  Dumfries ,0.12468233704566956
1996,Johnny  Dumfries ,0.12457558512687683
1997,Johnny  Dumfries ,0.1245039701461792
1998,Johnny  Dumfries ,0.12446503341197968
1999,Johnny  Dumfries ,0.12445363402366638
2000,Johnny  Dumfries ,0.12446518242359161
2001,Johnny  Dumfries ,0.12449657917022705
2002,Johnny  Dumfries ,0.12454628944396973
2003,Johnny  Dumfries ,0.12461429834365845
2004,Johnny  Dumfries ,0.12470200657844543
2005,Johnny  Dumfries ,0.12481197714805603
2006,Johnny  Dumfries ,0.12494803965091705
2007,Johnny  Dumfries ,0.12511521577835083
2008,Johnny  Dumfries ,0.12531983852386475
2009,Johnny  Dumfries ,0.12556961178779602
2010,Johnny  Dumfries ,0.12587332725524902
2011,Johnny  Dumfries ,0.12624046206474304
2012,Johnny  Dumfries ,0.1266798973083496
2013,Johnny  Dumfries ,0.1271972358226776
2014,Johnny  Dumfries ,0.1277894675731659
2015,Johnny  Dumfries ,0.12843532860279083
2016,Johnny  Dumfries ,0.12907955050468445
2017,Johnny  Dumfries ,0.1296088844537735
2018,Johnny  Dumfries ,0.1298215240240097
2019,Johnny  Dumfries ,0.12939640879631042
2020,Johnny  Dumfries ,0.12786978483200073
2021,Johnny  Dumfries ,0.1245797723531723
2022,Johnny  Dumfries ,0.11832524836063385
2023,Johnny  Dumfries ,0.10611218214035034
2024,Johnny  Dumfries ,0.08146986365318298
2025,Johnny  Dumfries ,0.039903052151203156
2026,Johnny  Dumfries ,-0.06969387829303741
2027,Johnny  Dumfries ,-0.07349970936775208
2028,Johnny  Dumfries ,-0.07349970936775208
2029,Johnny  Dumfries ,-0.07349970936775208
2030,Johnny  Dumfries ,-0.07349970936775208
1958,Johnny  Herbert ,0.11337806284427643
1959,Johnny  Herbert ,0.11133408546447754
1960,Johnny  Herbert ,0.11173227429389954
1961,Johnny  Herbert ,0.113151416182518
1962,Johnny  Herbert ,0.11506375670433044
1963,Johnny  Herbert ,0.11704793572425842
1964,Johnny  Herbert ,0.1188342273235321
1965,Johnny  Herbert ,0.12030598521232605
1966,Johnny  Herbert ,0.12144908308982849
1967,Johnny  Herbert ,0.12230174243450165
1968,Johnny  Herbert ,0.12292030453681946
1969,Johnny  Herbert ,0.12336115539073944
1970,Johnny  Herbert ,0.12367281317710876
1971,Johnny  Herbert ,0.12389397621154785
1972,Johnny  Herbert ,0.12405405938625336
1973,Johnny  Herbert ,0.12417484819889069
1974,Johnny  Herbert ,0.1242721676826477
1975,Johnny  Herbert ,0.12435765564441681
1976,Johnny  Herbert ,0.12443976104259491
1977,Johnny  Herbert ,0.12452457845211029
1978,Johnny  Herbert ,0.12461608648300171
1979,Johnny  Herbert ,0.12471568584442139
1980,Johnny  Herbert ,0.12482011318206787
1981,Johnny  Herbert ,0.12491726875305176
1982,Johnny  Herbert ,0.12497679889202118
1983,Johnny  Herbert ,0.1249358057975769
1984,Johnny  Herbert ,0.1246849000453949
1985,Johnny  Herbert ,0.12409375607967377
1986,Johnny  Herbert ,0.12321501970291138
1987,Johnny  Herbert ,0.12303625047206879
1988,Johnny  Herbert ,0.12815091013908386
1989,Johnny  Herbert ,0.17554643750190735
1990,Johnny  Herbert ,0.1232200413942337
1991,Johnny  Herbert ,0.1228071004152298
1992,Johnny  Herbert ,0.15514259040355682
1993,Johnny  Herbert ,0.22379237413406372
1994,Johnny  Herbert ,0.12924736738204956
1995,Johnny  Herbert ,0.3085678517818451
1996,Johnny  Herbert ,0.174983412027359
1997,Johnny  Herbert ,0.21344125270843506
1998,Johnny  Herbert ,0.16259370744228363
1999,Johnny  Herbert ,0.24421396851539612
2000,Johnny  Herbert ,0.1383601576089859
2001,Johnny  Herbert ,0.1277216374874115
2002,Johnny  Herbert ,0.12675482034683228
2003,Johnny  Herbert ,0.12914317846298218
2004,Johnny  Herbert ,0.1299300491809845
2005,Johnny  Herbert ,0.1295187622308731
2006,Johnny  Herbert ,0.12866175174713135
2007,Johnny  Herbert ,0.1278274953365326
2008,Johnny  Herbert ,0.12720686197280884
2009,Johnny  Herbert ,0.12684056162834167
2010,Johnny  Herbert ,0.12670978903770447
2011,Johnny  Herbert ,0.12678129971027374
2012,Johnny  Herbert ,0.1270245462656021
2013,Johnny  Herbert ,0.1274140626192093
2014,Johnny  Herbert ,0.12792427837848663
2015,Johnny  Herbert ,0.1285182237625122
2016,Johnny  Herbert ,0.12912997603416443
2017,Johnny  Herbert ,0.12963923811912537
2018,Johnny  Herbert ,0.12983965873718262
2019,Johnny  Herbert ,0.12940713763237
2020,Johnny  Herbert ,0.12787602841854095
2021,Johnny  Herbert ,0.12458339333534241
2022,Johnny  Herbert ,0.11832734942436218
2023,Johnny  Herbert ,0.10611335933208466
2024,Johnny  Herbert ,0.0814705342054367
2025,Johnny  Herbert ,0.039903052151203156
2026,Johnny  Herbert ,-0.06969387829303741
2027,Johnny  Herbert ,-0.07349970936775208
2028,Johnny  Herbert ,-0.07349970936775208
2029,Johnny  Herbert ,-0.07349970936775208
2030,Johnny  Herbert ,-0.07349970936775208
1958,Johnny  Thomson ,0.11932367086410522
1959,Johnny  Thomson ,0.12071244418621063
1960,Johnny  Thomson ,0.04537595063447952
1961,Johnny  Thomson ,0.1116844117641449
1962,Johnny  Thomson ,0.11791297793388367
1963,Johnny  Thomson ,0.12058670818805695
1964,Johnny  Thomson ,0.12164074182510376
1965,Johnny  Thomson ,0.12223993241786957
1966,Johnny  Thomson ,0.12268824875354767
1967,Johnny  Thomson ,0.1230553537607193
1968,Johnny  Thomson ,0.12335175275802612
1969,Johnny  Thomson ,0.12358218431472778
1970,Johnny  Thomson ,0.12375497817993164
1971,Johnny  Thomson ,0.12388093769550323
1972,Johnny  Thomson ,0.12397083640098572
1973,Johnny  Thomson ,0.12403404712677002
1974,Johnny  Thomson ,0.12407809495925903
1975,Johnny  Thomson ,0.12410852313041687
1976,Johnny  Thomson ,0.12412956357002258
1977,Johnny  Thomson ,0.12414410710334778
1978,Johnny  Thomson ,0.12415421009063721
1979,Johnny  Thomson ,0.12416140735149384
1980,Johnny  Thomson ,0.12416663765907288
1981,Johnny  Thomson ,0.12417064607143402
1982,Johnny  Thomson ,0.12417396903038025
1983,Johnny  Thomson ,0.12417685985565186
1984,Johnny  Thomson ,0.12417972087860107
1985,Johnny  Thomson ,0.12418264150619507
1986,Johnny  Thomson ,0.12418591976165771
1987,Johnny  Thomson ,0.12418967485427856
1988,Johnny  Thomson ,0.12419402599334717
1989,Johnny  Thomson ,0.12419922649860382
1990,Johnny  Thomson ,0.12420545518398285
1991,Johnny  Thomson ,0.12421298027038574
1992,Johnny  Thomson ,0.12422201037406921
1993,Johnny  Thomson ,0.12423299252986908
1994,Johnny  Thomson ,0.1242462545633316
1995,Johnny  Thomson ,0.12426233291625977
1996,Johnny  Thomson ,0.1242818683385849
1997,Johnny  Thomson ,0.12430548667907715
1998,Johnny  Thomson ,0.12433421611785889
1999,Johnny  Thomson ,0.1243690550327301
2000,Johnny  Thomson ,0.12441137433052063
2001,Johnny  Thomson ,0.12446281313896179
2002,Johnny  Thomson ,0.12452535331249237
2003,Johnny  Thomson ,0.12460151314735413
2004,Johnny  Thomson ,0.12469428777694702
2005,Johnny  Thomson ,0.12480735778808594
2006,Johnny  Thomson ,0.12494529783725739
2007,Johnny  Thomson ,0.1251136213541031
2008,Johnny  Thomson ,0.12531894445419312
2009,Johnny  Thomson ,0.12556907534599304
2010,Johnny  Thomson ,0.12587301433086395
2011,Johnny  Thomson ,0.12624028325080872
2012,Johnny  Thomson ,0.12667980790138245
2013,Johnny  Thomson ,0.12719720602035522
2014,Johnny  Thomson ,0.1277894377708435
2015,Johnny  Thomson ,0.12843531370162964
2016,Johnny  Thomson ,0.12907953560352325
2017,Johnny  Thomson ,0.1296088695526123
2018,Johnny  Thomson ,0.1298215091228485
2019,Johnny  Thomson ,0.12939642369747162
2020,Johnny  Thomson ,0.12786978483200073
2021,Johnny  Thomson ,0.12457975745201111
2022,Johnny  Thomson ,0.11832524836063385
2023,Johnny  Thomson ,0.10611216723918915
2024,Johnny  Thomson ,0.08146986365318298
2025,Johnny  Thomson ,0.039903052151203156
2026,Johnny  Thomson ,-0.06969387829303741
2027,Johnny  Thomson ,-0.07349970936775208
2028,Johnny  Thomson ,-0.07349970936775208
2029,Johnny  Thomson ,-0.07349970936775208
2030,Johnny  Thomson ,-0.07349970936775208
1958,Johnny Boyd ,0.09950953722000122
1959,Johnny Boyd ,0.11276295781135559
1960,Johnny Boyd ,0.11311694979667664
1961,Johnny Boyd ,0.11441487073898315
1962,Johnny Boyd ,0.11611048877239227
1963,Johnny Boyd ,0.11785058677196503
1964,Johnny Boyd ,0.11940860748291016
1965,Johnny Boyd ,0.12069064378738403
1966,Johnny Boyd ,0.12168753147125244
1967,Johnny Boyd ,0.12243223190307617
1968,Johnny Boyd ,0.12297223508358002
1969,Johnny Boyd ,0.123354971408844
1970,Johnny Boyd ,0.1236213892698288
1971,Johnny Boyd ,0.12380412220954895
1972,Johnny Boyd ,0.1239280104637146
1973,Johnny Boyd ,0.12401123344898224
1974,Johnny Boyd ,0.12406671047210693
1975,Johnny Boyd ,0.12410351634025574
1976,Johnny Boyd ,0.12412784993648529
1977,Johnny Boyd ,0.124144047498703
1978,Johnny Boyd ,0.12415485084056854
1979,Johnny Boyd ,0.12416227161884308
1980,Johnny Boyd ,0.12416750192642212
1981,Johnny Boyd ,0.12417140603065491
1982,Johnny Boyd ,0.12417453527450562
1983,Johnny Boyd ,0.12417733669281006
1984,Johnny Boyd ,0.12418003380298615
1985,Johnny Boyd ,0.12418287992477417
1986,Johnny Boyd ,0.12418611347675323
1987,Johnny Boyd ,0.12418979406356812
1988,Johnny Boyd ,0.12419411540031433
1989,Johnny Boyd ,0.1241992712020874
1990,Johnny Boyd ,0.12420547008514404
1991,Johnny Boyd ,0.12421299517154694
1992,Johnny Boyd ,0.1242220401763916
1993,Johnny Boyd ,0.12423302233219147
1994,Johnny Boyd ,0.1242462545633316
1995,Johnny Boyd ,0.12426234781742096
1996,Johnny Boyd ,0.1242818683385849
1997,Johnny Boyd ,0.12430548667907715
1998,Johnny Boyd ,0.12433421611785889
1999,Johnny Boyd ,0.1243690550327301
2000,Johnny Boyd ,0.12441135942935944
2001,Johnny Boyd ,0.12446281313896179
2002,Johnny Boyd ,0.12452535331249237
2003,Johnny Boyd ,0.12460151314735413
2004,Johnny Boyd ,0.12469428777694702
2005,Johnny Boyd ,0.12480735778808594
2006,Johnny Boyd ,0.12494528293609619
2007,Johnny Boyd ,0.1251136064529419
2008,Johnny Boyd ,0.12531894445419312
2009,Johnny Boyd ,0.12556907534599304
2010,Johnny Boyd ,0.12587302923202515
2011,Johnny Boyd ,0.12624028325080872
2012,Johnny Boyd ,0.12667980790138245
2013,Johnny Boyd ,0.12719720602035522
2014,Johnny Boyd ,0.1277894377708435
2015,Johnny Boyd ,0.12843531370162964
2016,Johnny Boyd ,0.12907952070236206
2017,Johnny Boyd ,0.1296088695526123
2018,Johnny Boyd ,0.1298215091228485
2019,Johnny Boyd ,0.12939642369747162
2020,Johnny Boyd ,0.12786978483200073
2021,Johnny Boyd ,0.12457975745201111
2022,Johnny Boyd ,0.11832524836063385
2023,Johnny Boyd ,0.10611218214035034
2024,Johnny Boyd ,0.08146986365318298
2025,Johnny Boyd ,0.039903052151203156
2026,Johnny Boyd ,-0.06969387829303741
2027,Johnny Boyd ,-0.07349970936775208
2028,Johnny Boyd ,-0.07349970936775208
2029,Johnny Boyd ,-0.07349970936775208
2030,Johnny Boyd ,-0.07349970936775208
1958,Johnny Servoz-Gavin,0.11355555057525635
1959,Johnny Servoz-Gavin,0.11167195439338684
1960,Johnny Servoz-Gavin,0.11214515566825867
1961,Johnny Servoz-Gavin,0.11354812979698181
1962,Johnny Servoz-Gavin,0.11526575684547424
1963,Johnny Servoz-Gavin,0.11669871211051941
1964,Johnny Servoz-Gavin,0.11732754111289978
1965,Johnny Servoz-Gavin,0.11695992946624756
1966,Johnny Servoz-Gavin,0.11669601500034332
1967,Johnny Servoz-Gavin,0.1221456229686737
1968,Johnny Servoz-Gavin,0.19149157404899597
1969,Johnny Servoz-Gavin,0.16999900341033936
1970,Johnny Servoz-Gavin,0.135134756565094
1971,Johnny Servoz-Gavin,0.11938643455505371
1972,Johnny Servoz-Gavin,0.12031655013561249
1973,Johnny Servoz-Gavin,0.1241925060749054
1974,Johnny Servoz-Gavin,0.12623238563537598
1975,Johnny Servoz-Gavin,0.1267237365245819
1976,Johnny Servoz-Gavin,0.12645041942596436
1977,Johnny Servoz-Gavin,0.12594181299209595
1978,Johnny Servoz-Gavin,0.1254466325044632
1979,Johnny Servoz-Gavin,0.12504878640174866
1980,Johnny Servoz-Gavin,0.124757319688797
1981,Johnny Servoz-Gavin,0.12455490231513977
1982,Johnny Servoz-Gavin,0.12441936135292053
1983,Johnny Servoz-Gavin,0.12433111667633057
1984,Johnny Servoz-Gavin,0.12427525222301483
1985,Johnny Servoz-Gavin,0.12424096465110779
1986,Johnny Servoz-Gavin,0.12422102689743042
1987,Johnny Servoz-Gavin,0.12421047687530518
1988,Johnny Servoz-Gavin,0.12420618534088135
1989,Johnny Servoz-Gavin,0.12420621514320374
1990,Johnny Servoz-Gavin,0.12420940399169922
1991,Johnny Servoz-Gavin,0.12421515583992004
1992,Johnny Servoz-Gavin,0.12422320246696472
1993,Johnny Servoz-Gavin,0.12423361837863922
1994,Johnny Servoz-Gavin,0.12424658238887787
1995,Johnny Servoz-Gavin,0.1242624819278717
1996,Johnny Servoz-Gavin,0.12428191304206848
1997,Johnny Servoz-Gavin,0.12430551648139954
1998,Johnny Servoz-Gavin,0.12433423101902008
1999,Johnny Servoz-Gavin,0.12436902523040771
2000,Johnny Servoz-Gavin,0.12441134452819824
2001,Johnny Servoz-Gavin,0.12446281313896179
2002,Johnny Servoz-Gavin,0.12452533841133118
2003,Johnny Servoz-Gavin,0.12460151314735413
2004,Johnny Servoz-Gavin,0.12469427287578583
2005,Johnny Servoz-Gavin,0.12480737268924713
2006,Johnny Servoz-Gavin,0.12494529783725739
2007,Johnny Servoz-Gavin,0.1251136064529419
2008,Johnny Servoz-Gavin,0.12531894445419312
2009,Johnny Servoz-Gavin,0.12556909024715424
2010,Johnny Servoz-Gavin,0.12587302923202515
2011,Johnny Servoz-Gavin,0.12624028325080872
2012,Johnny Servoz-Gavin,0.12667980790138245
2013,Johnny Servoz-Gavin,0.12719720602035522
2014,Johnny Servoz-Gavin,0.1277894377708435
2015,Johnny Servoz-Gavin,0.12843531370162964
2016,Johnny Servoz-Gavin,0.12907952070236206
2017,Johnny Servoz-Gavin,0.1296088844537735
2018,Johnny Servoz-Gavin,0.1298215091228485
2019,Johnny Servoz-Gavin,0.12939642369747162
2020,Johnny Servoz-Gavin,0.12786978483200073
2021,Johnny Servoz-Gavin,0.12457975745201111
2022,Johnny Servoz-Gavin,0.11832526326179504
2023,Johnny Servoz-Gavin,0.10611216723918915
2024,Johnny Servoz-Gavin,0.08146986365318298
2025,Johnny Servoz-Gavin,0.039903052151203156
2026,Johnny Servoz-Gavin,-0.06969387829303741
2027,Johnny Servoz-Gavin,-0.07349970936775208
2028,Johnny Servoz-Gavin,-0.07349970936775208
2029,Johnny Servoz-Gavin,-0.07349970936775208
2030,Johnny Servoz-Gavin,-0.07349970936775208
1958,Jolyon  Palmer ,0.11337573826313019
1959,Jolyon  Palmer ,0.11132732033729553
1960,Jolyon  Palmer ,0.11172214150428772
1961,Jolyon  Palmer ,0.11313790082931519
1962,Jolyon  Palmer ,0.1150464117527008
1963,Jolyon  Palmer ,0.11702606081962585
1964,Jolyon  Palmer ,0.11880698800086975
1965,Jolyon  Palmer ,0.12027227878570557
1966,Jolyon  Palmer ,0.12140759825706482
1967,Jolyon  Palmer ,0.12225088477134705
1968,Jolyon  Palmer ,0.12285806238651276
1969,Jolyon  Palmer ,0.12328505516052246
1970,Jolyon  Palmer ,0.12357975542545319
1971,Jolyon  Palmer ,0.12378019094467163
1972,Jolyon  Palmer ,0.12391486763954163
1973,Jolyon  Palmer ,0.12400451302528381
1974,Jolyon  Palmer ,0.12406368553638458
1975,Jolyon  Palmer ,0.1241026222705841
1976,Jolyon  Palmer ,0.12412822246551514
1977,Jolyon  Palmer ,0.12414507567882538
1978,Jolyon  Palmer ,0.12415635585784912
1979,Jolyon  Palmer ,0.12416410446166992
1980,Jolyon  Palmer ,0.12416961789131165
1981,Jolyon  Palmer ,0.12417387962341309
1982,Jolyon  Palmer ,0.12417742609977722
1983,Jolyon  Palmer ,0.12418076395988464
1984,Jolyon  Palmer ,0.12418416142463684
1985,Jolyon  Palmer ,0.12418784201145172
1986,Jolyon  Palmer ,0.12419202923774719
1987,Jolyon  Palmer ,0.12419696152210236
1988,Jolyon  Palmer ,0.12420280277729034
1989,Jolyon  Palmer ,0.12420982122421265
1990,Jolyon  Palmer ,0.12421828508377075
1991,Jolyon  Palmer ,0.12422855198383331
1992,Jolyon  Palmer ,0.12424097955226898
1993,Jolyon  Palmer ,0.12425610423088074
1994,Jolyon  Palmer ,0.12427450716495514
1995,Jolyon  Palmer ,0.1242968738079071
1996,Jolyon  Palmer ,0.12432415783405304
1997,Jolyon  Palmer ,0.12435746192932129
1998,Jolyon  Palmer ,0.12439809739589691
1999,Jolyon  Palmer ,0.1244477927684784
2000,Jolyon  Palmer ,0.12450852990150452
2001,Jolyon  Palmer ,0.12458270788192749
2002,Jolyon  Palmer ,0.12467318773269653
2003,Jolyon  Palmer ,0.12478312849998474
2004,Jolyon  Palmer ,0.1249159574508667
2005,Jolyon  Palmer ,0.12507475912570953
2006,Jolyon  Palmer ,0.12526115775108337
2007,Jolyon  Palmer ,0.12547288835048676
2008,Jolyon  Palmer ,0.1256982386112213
2009,Jolyon  Palmer ,0.12590613961219788
2010,Jolyon  Palmer ,0.12602972984313965
2011,Jolyon  Palmer ,0.12595073878765106
2012,Jolyon  Palmer ,0.12552234530448914
2013,Jolyon  Palmer ,0.12476643919944763
2014,Jolyon  Palmer ,0.1245444267988205
2015,Jolyon  Palmer ,0.12961311638355255
2016,Jolyon  Palmer ,0.14322739839553833
2017,Jolyon  Palmer ,0.16267165541648865
2018,Jolyon  Palmer ,0.13118205964565277
2019,Jolyon  Palmer ,0.12782880663871765
2020,Jolyon  Palmer ,0.1280384212732315
2021,Jolyon  Palmer ,0.12609274685382843
2022,Jolyon  Palmer ,0.12026843428611755
2023,Jolyon  Palmer ,0.10793453454971313
2024,Jolyon  Palmer ,0.08293573558330536
2025,Jolyon  Palmer ,0.039903052151203156
2026,Jolyon  Palmer ,-0.06969387829303741
2027,Jolyon  Palmer ,-0.07349970936775208
2028,Jolyon  Palmer ,-0.07349970936775208
2029,Jolyon  Palmer ,-0.07349970936775208
2030,Jolyon  Palmer ,-0.07349970936775208
1958,Jonathan Palmer ,0.1133783757686615
1959,Jonathan Palmer ,0.1113349199295044
1960,Jonathan Palmer ,0.11173348128795624
1961,Jonathan Palmer ,0.11315307021141052
1962,Jonathan Palmer ,0.11506590247154236
1963,Jonathan Palmer ,0.1170506477355957
1964,Jonathan Palmer ,0.11883775889873505
1965,Jonathan Palmer ,0.1203104555606842
1966,Jonathan Palmer ,0.12145474553108215
1967,Jonathan Palmer ,0.12230898439884186
1968,Jonathan Palmer ,0.12292958796024323
1969,Jonathan Palmer ,0.12337300181388855
1970,Jonathan Palmer ,0.12368787825107574
1971,Jonathan Palmer ,0.12391312420368195
1972,Jonathan Palmer ,0.12407813966274261
1973,Jonathan Palmer ,0.12420469522476196
1974,Jonathan Palmer ,0.12430831789970398
1975,Jonathan Palmer ,0.12439975142478943
1976,Jonathan Palmer ,0.12448541820049286
1977,Jonathan Palmer ,0.12456688284873962
1978,Jonathan Palmer ,0.12463855743408203
1979,Jonathan Palmer ,0.12468115985393524
1980,Jonathan Palmer ,0.12464854121208191
1981,Jonathan Palmer ,0.12444537878036499
1982,Jonathan Palmer ,0.12390270829200745
1983,Jonathan Palmer ,0.1228039562702179
1984,Jonathan Palmer ,0.12115806341171265
1985,Jonathan Palmer ,0.12028010189533234
1986,Jonathan Palmer ,0.12595884501934052
1987,Jonathan Palmer ,0.20318296551704407
1988,Jonathan Palmer ,0.17762501537799835
1989,Jonathan Palmer ,0.0812792181968689
1990,Jonathan Palmer ,0.11817313730716705
1991,Jonathan Palmer ,0.12147887051105499
1992,Jonathan Palmer ,0.12547709047794342
1993,Jonathan Palmer ,0.12696316838264465
1994,Jonathan Palmer ,0.12705330550670624
1995,Jonathan Palmer ,0.12658032774925232
1996,Jonathan Palmer ,0.12600407004356384
1997,Jonathan Palmer ,0.12550978362560272
1998,Jonathan Palmer ,0.1251443326473236
1999,Jonathan Palmer ,0.12489941716194153
2000,Jonathan Palmer ,0.12475138902664185
2001,Jonathan Palmer ,0.124676913022995
2002,Jonathan Palmer ,0.1246580183506012
2003,Jonathan Palmer ,0.12468236684799194
2004,Jonathan Palmer ,0.12474276125431061
2005,Jonathan Palmer ,0.12483593821525574
2006,Jonathan Palmer ,0.12496182322502136
2007,Jonathan Palmer ,0.12512296438217163
2008,Jonathan Palmer ,0.1253241002559662
2009,Jonathan Palmer ,0.1255718469619751
2010,Jonathan Palmer ,0.12587442994117737
2011,Jonathan Palmer ,0.12624099850654602
2012,Jonathan Palmer ,0.12668010592460632
2013,Jonathan Palmer ,0.12719731032848358
2014,Jonathan Palmer ,0.1277894675731659
2015,Jonathan Palmer ,0.12843531370162964
2016,Jonathan Palmer ,0.12907949090003967
2017,Jonathan Palmer ,0.12960883975028992
2018,Jonathan Palmer ,0.12982149422168732
2019,Jonathan Palmer ,0.12939640879631042
2020,Jonathan Palmer ,0.12786976993083954
2021,Jonathan Palmer ,0.12457974255084991
2022,Jonathan Palmer ,0.11832526326179504
2023,Jonathan Palmer ,0.10611215233802795
2024,Jonathan Palmer ,0.08146984875202179
2025,Jonathan Palmer ,0.039903052151203156
2026,Jonathan Palmer ,-0.06969387829303741
2027,Jonathan Palmer ,-0.07349970936775208
2028,Jonathan Palmer ,-0.07349970936775208
2029,Jonathan Palmer ,-0.07349970936775208
2030,Jonathan Palmer ,-0.07349970936775208
1958,Jos  Verstappen ,0.11337649822235107
1959,Jos  Verstappen ,0.11132954061031342
1960,Jos  Verstappen ,0.11172546446323395
1961,Jos  Verstappen ,0.11314234137535095
1962,Jos  Verstappen ,0.11505210399627686
1963,Jos  Verstappen ,0.1170332133769989
1964,Jos  Verstappen ,0.11881589889526367
1965,Jos  Verstappen ,0.12028330564498901
1966,Jos  Verstappen ,0.12142111361026764
1967,Jos  Verstappen ,0.12226742506027222
1968,Jos  Verstappen ,0.12287825345993042
1969,Jos  Verstappen ,0.1233096569776535
1970,Jos  Verstappen ,0.12360973656177521
1971,Jos  Verstappen ,0.12381666898727417
1972,Jos  Verstappen ,0.12395928800106049
1973,Jos  Verstappen ,0.12405863404273987
1974,Jos  Verstappen ,0.12412974238395691
1975,Jos  Verstappen ,0.1241832971572876
1976,Jos  Verstappen ,0.12422677874565125
1977,Jos  Verstappen ,0.12426561117172241
1978,Jos  Verstappen ,0.12430384755134583
1979,Jos  Verstappen ,0.1243445873260498
1980,Jos  Verstappen ,0.1243903636932373
1981,Jos  Verstappen ,0.12444329261779785
1982,Jos  Verstappen ,0.12450504302978516
1983,Jos  Verstappen ,0.12457641959190369
1984,Jos  Verstappen ,0.12465627491474152
1985,Jos  Verstappen ,0.12473893165588379
1986,Jos  Verstappen ,0.12480835616588593
1987,Jos  Verstappen ,0.12482620775699615
1988,Jos  Verstappen ,0.12471215426921844
1989,Jos  Verstappen ,0.12432312965393066
1990,Jos  Verstappen ,0.12348337471485138
1991,Jos  Verstappen ,0.12225614488124847
1992,Jos  Verstappen ,0.12203672528266907
1993,Jos  Verstappen ,0.1280394196510315
1994,Jos  Verstappen ,0.22578021883964539
1995,Jos  Verstappen ,0.13083891570568085
1996,Jos  Verstappen ,0.14137345552444458
1997,Jos  Verstappen ,0.12188214063644409
1998,Jos  Verstappen ,0.08597156405448914
1999,Jos  Verstappen ,0.12537667155265808
2000,Jos  Verstappen ,0.19184449315071106
2001,Jos  Verstappen ,0.13597270846366882
2002,Jos  Verstappen ,0.12767885625362396
2003,Jos  Verstappen ,0.09629456698894501
2004,Jos  Verstappen ,0.12646989524364471
2005,Jos  Verstappen ,0.1272931843996048
2006,Jos  Verstappen ,0.12850159406661987
2007,Jos  Verstappen ,0.1285378634929657
2008,Jos  Verstappen ,0.1281127631664276
2009,Jos  Verstappen ,0.12764045596122742
2010,Jos  Verstappen ,0.12732024490833282
2011,Jos  Verstappen ,0.12721215188503265
2012,Jos  Verstappen ,0.12731415033340454
2013,Jos  Verstappen ,0.12760214507579803
2014,Jos  Verstappen ,0.1280430555343628
2015,Jos  Verstappen ,0.1285913586616516
2016,Jos  Verstappen ,0.12917383015155792
2017,Jos  Verstappen ,0.1296648234128952
2018,Jos  Verstappen ,0.12985403835773468
2019,Jos  Verstappen ,0.1294148862361908
2020,Jos  Verstappen ,0.12787997722625732
2021,Jos  Verstappen ,0.12458519637584686
2022,Jos  Verstappen ,0.11832797527313232
2023,Jos  Verstappen ,0.10611343383789062
2024,Jos  Verstappen ,0.08147034049034119
2025,Jos  Verstappen ,0.039903052151203156
2026,Jos  Verstappen ,-0.06969387829303741
2027,Jos  Verstappen ,-0.07349970936775208
2028,Jos  Verstappen ,-0.07349970936775208
2029,Jos  Verstappen ,-0.07349970936775208
2030,Jos  Verstappen ,-0.07349970936775208
1958,Juan Manuel  Fangio ,0.16941474378108978
1959,Juan Manuel  Fangio ,0.11794450879096985
1960,Juan Manuel  Fangio ,0.11021637916564941
1961,Juan Manuel  Fangio ,0.1114218533039093
1962,Juan Manuel  Fangio ,0.11444196105003357
1963,Juan Manuel  Fangio ,0.11718696355819702
1964,Juan Manuel  Fangio ,0.11927103996276855
1965,Juan Manuel  Fangio ,0.12076759338378906
1966,Juan Manuel  Fangio ,0.12182304263114929
1967,Juan Manuel  Fangio ,0.12256205081939697
1968,Juan Manuel  Fangio ,0.12307651340961456
1969,Juan Manuel  Fangio ,0.12343209981918335
1970,Juan Manuel  Fangio ,0.1236758679151535
1971,Juan Manuel  Fangio ,0.1238415539264679
1972,Juan Manuel  Fangio ,0.1239531934261322
1973,Juan Manuel  Fangio ,0.12402792274951935
1974,Juan Manuel  Fangio ,0.12407764792442322
1975,Juan Manuel  Fangio ,0.1241106390953064
1976,Juan Manuel  Fangio ,0.12413245439529419
1977,Juan Manuel  Fangio ,0.12414699792861938
1978,Juan Manuel  Fangio ,0.12415674328804016
1979,Juan Manuel  Fangio ,0.12416346371173859
1980,Juan Manuel  Fangio ,0.1241682767868042
1981,Juan Manuel  Fangio ,0.12417185306549072
1982,Juan Manuel  Fangio ,0.12417486310005188
1983,Juan Manuel  Fangio ,0.12417751550674438
1984,Juan Manuel  Fangio ,0.12418016791343689
1985,Juan Manuel  Fangio ,0.12418298423290253
1986,Juan Manuel  Fangio ,0.12418614327907562
1987,Juan Manuel  Fangio ,0.1241898238658905
1988,Juan Manuel  Fangio ,0.12419414520263672
1989,Juan Manuel  Fangio ,0.1241992861032486
1990,Juan Manuel  Fangio ,0.12420549988746643
1991,Juan Manuel  Fangio ,0.12421299517154694
1992,Juan Manuel  Fangio ,0.1242220401763916
1993,Juan Manuel  Fangio ,0.12423302233219147
1994,Juan Manuel  Fangio ,0.1242462694644928
1995,Juan Manuel  Fangio ,0.12426234781742096
1996,Juan Manuel  Fangio ,0.1242818683385849
1997,Juan Manuel  Fangio ,0.12430548667907715
1998,Juan Manuel  Fangio ,0.12433420121669769
1999,Juan Manuel  Fangio ,0.1243690550327301
2000,Juan Manuel  Fangio ,0.12441137433052063
2001,Juan Manuel  Fangio ,0.12446282804012299
2002,Juan Manuel  Fangio ,0.12452535331249237
2003,Juan Manuel  Fangio ,0.12460151314735413
2004,Juan Manuel  Fangio ,0.12469428777694702
2005,Juan Manuel  Fangio ,0.12480735778808594
2006,Juan Manuel  Fangio ,0.12494531273841858
2007,Juan Manuel  Fangio ,0.1251136064529419
2008,Juan Manuel  Fangio ,0.12531894445419312
2009,Juan Manuel  Fangio ,0.12556907534599304
2010,Juan Manuel  Fangio ,0.12587302923202515
2011,Juan Manuel  Fangio ,0.12624028325080872
2012,Juan Manuel  Fangio ,0.12667982280254364
2013,Juan Manuel  Fangio ,0.12719720602035522
2014,Juan Manuel  Fangio ,0.1277894377708435
2015,Juan Manuel  Fangio ,0.12843531370162964
2016,Juan Manuel  Fangio ,0.12907952070236206
2017,Juan Manuel  Fangio ,0.1296088695526123
2018,Juan Manuel  Fangio ,0.1298215091228485
2019,Juan Manuel  Fangio ,0.12939642369747162
2020,Juan Manuel  Fangio ,0.12786978483200073
2021,Juan Manuel  Fangio ,0.12457975745201111
2022,Juan Manuel  Fangio ,0.11832524836063385
2023,Juan Manuel  Fangio ,0.10611216723918915
2024,Juan Manuel  Fangio ,0.08146986365318298
2025,Juan Manuel  Fangio ,0.039903052151203156
2026,Juan Manuel  Fangio ,-0.06969387829303741
2027,Juan Manuel  Fangio ,-0.07349970936775208
2028,Juan Manuel  Fangio ,-0.07349970936775208
2029,Juan Manuel  Fangio ,-0.07349970936775208
2030,Juan Manuel  Fangio ,-0.07349970936775208
1958,Juan Pablo  Montoya ,0.11337605118751526
1959,Juan Pablo  Montoya ,0.11132830381393433
1960,Juan Pablo  Montoya ,0.11172360181808472
1961,Juan Pablo  Montoya ,0.11313983798027039
1962,Juan Pablo  Montoya ,0.11504888534545898
1963,Juan Pablo  Montoya ,0.11702917516231537
1964,Juan Pablo  Montoya ,0.11881086230278015
1965,Juan Pablo  Montoya ,0.12027707695960999
1966,Juan Pablo  Montoya ,0.12141349911689758
1967,Juan Pablo  Montoya ,0.12225809693336487
1968,Juan Pablo  Montoya ,0.12286683917045593
1969,Juan Pablo  Montoya ,0.12329570949077606
1970,Juan Pablo  Montoya ,0.12359270453453064
1971,Juan Pablo  Montoya ,0.12379592657089233
1972,Juan Pablo  Montoya ,0.12393394112586975
1973,Juan Pablo  Montoya ,0.12402763962745667
1974,Juan Pablo  Montoya ,0.12409180402755737
1975,Juan Pablo  Montoya ,0.12413670122623444
1976,Juan Pablo  Montoya ,0.12416958808898926
1977,Juan Pablo  Montoya ,0.12419533729553223
1978,Juan Pablo  Montoya ,0.12421742081642151
1979,Juan Pablo  Montoya ,0.12423832714557648
1980,Juan Pablo  Montoya ,0.12425996363162994
1981,Juan Pablo  Montoya ,0.12428389489650726
1982,Juan Pablo  Montoya ,0.12431153655052185
1983,Juan Pablo  Montoya ,0.12434422969818115
1984,Juan Pablo  Montoya ,0.12438340485095978
1985,Juan Pablo  Montoya ,0.1244305819272995
1986,Juan Pablo  Montoya ,0.12448737025260925
1987,Juan Pablo  Montoya ,0.1245553195476532
1988,Juan Pablo  Montoya ,0.12463587522506714
1989,Juan Pablo  Montoya ,0.12472988665103912
1990,Juan Pablo  Montoya ,0.1248369812965393
1991,Juan Pablo  Montoya ,0.12495417892932892
1992,Juan Pablo  Montoya ,0.12507198750972748
1993,Juan Pablo  Montoya ,0.12516626715660095
1994,Juan Pablo  Montoya ,0.12517912685871124
1995,Juan Pablo  Montoya ,0.12498271465301514
1996,Juan Pablo  Montoya ,0.12432819604873657
1997,Juan Pablo  Montoya ,0.12284128367900848
1998,Juan Pablo  Montoya ,0.12033876776695251
1999,Juan Pablo  Montoya ,0.11842024326324463
2000,Juan Pablo  Montoya ,0.12215085327625275
2001,Juan Pablo  Montoya ,0.2748999297618866
2002,Juan Pablo  Montoya ,0.3367731273174286
2003,Juan Pablo  Montoya ,0.3553940951824188
2004,Juan Pablo  Montoya ,0.3101831376552582
2005,Juan Pablo  Montoya ,0.3248707354068756
2006,Juan Pablo  Montoya ,0.2609039843082428
2007,Juan Pablo  Montoya ,0.12159627676010132
2008,Juan Pablo  Montoya ,0.12118838727474213
2009,Juan Pablo  Montoya ,0.12665003538131714
2010,Juan Pablo  Montoya ,0.13022610545158386
2011,Juan Pablo  Montoya ,0.1313374787569046
2012,Juan Pablo  Montoya ,0.13121315836906433
2013,Juan Pablo  Montoya ,0.1307515799999237
2014,Juan Pablo  Montoya ,0.1303887665271759
2015,Juan Pablo  Montoya ,0.1302575320005417
2016,Juan Pablo  Montoya ,0.1303223967552185
2017,Juan Pablo  Montoya ,0.13044068217277527
2018,Juan Pablo  Montoya ,0.13037064671516418
2019,Juan Pablo  Montoya ,0.1297551393508911
2020,Juan Pablo  Montoya ,0.12810227274894714
2021,Juan Pablo  Montoya ,0.12472963333129883
2022,Juan Pablo  Montoya ,0.11842156946659088
2023,Juan Pablo  Montoya ,0.10617391765117645
2024,Juan Pablo  Montoya ,0.08150914311408997
2025,Juan Pablo  Montoya ,0.039903052151203156
2026,Juan Pablo  Montoya ,-0.06969387829303741
2027,Juan Pablo  Montoya ,-0.07349970936775208
2028,Juan Pablo  Montoya ,-0.07349970936775208
2029,Juan Pablo  Montoya ,-0.07349970936775208
2030,Juan Pablo  Montoya ,-0.07349970936775208
1958,Jules  Bianchi ,0.11337575316429138
1959,Jules  Bianchi ,0.11132733523845673
1960,Jules  Bianchi ,0.11172217130661011
1961,Jules  Bianchi ,0.11313793063163757
1962,Jules  Bianchi ,0.11504645645618439
1963,Jules  Bianchi ,0.11702612042427063
1964,Jules  Bianchi ,0.11880704760551453
1965,Jules  Bianchi ,0.12027233839035034
1966,Jules  Bianchi ,0.12140771746635437
1967,Jules  Bianchi ,0.1222510039806366
1968,Jules  Bianchi ,0.1228582113981247
1969,Jules  Bianchi ,0.1232852041721344
1970,Jules  Bianchi ,0.1235799640417099
1971,Jules  Bianchi ,0.12378045916557312
1972,Jules  Bianchi ,0.1239151656627655
1973,Jules  Bianchi ,0.12400487065315247
1974,Jules  Bianchi ,0.1240641176700592
1975,Jules  Bianchi ,0.12410315871238708
1976,Jules  Bianchi ,0.12412887811660767
1977,Jules  Bianchi ,0.12414589524269104
1978,Jules  Bianchi ,0.12415730953216553
1979,Jules  Bianchi ,0.12416522204875946
1980,Jules  Bianchi ,0.12417100369930267
1981,Jules  Bianchi ,0.12417557835578918
1982,Jules  Bianchi ,0.12417951226234436
1983,Jules  Bianchi ,0.1241832971572876
1984,Jules  Bianchi ,0.12418720126152039
1985,Jules  Bianchi ,0.12419155240058899
1986,Jules  Bianchi ,0.12419654428958893
1987,Jules  Bianchi ,0.1242024302482605
1988,Jules  Bianchi ,0.124209463596344
1989,Jules  Bianchi ,0.1242179274559021
1990,Jules  Bianchi ,0.12422826886177063
1991,Jules  Bianchi ,0.12424075603485107
1992,Jules  Bianchi ,0.12425598502159119
1993,Jules  Bianchi ,0.1242746114730835
1994,Jules  Bianchi ,0.12429735064506531
1995,Jules  Bianchi ,0.12432515621185303
1996,Jules  Bianchi ,0.12435927987098694
1997,Jules  Bianchi ,0.12440106272697449
1998,Jules  Bianchi ,0.12445220351219177
1999,Jules  Bianchi ,0.12451465427875519
2000,Jules  Bianchi ,0.12459051609039307
2001,Jules  Bianchi ,0.12468177080154419
2002,Jules  Bianchi ,0.12478989362716675
2003,Jules  Bianchi ,0.1249144971370697
2004,Jules  Bianchi ,0.12505091726779938
2005,Jules  Bianchi ,0.12518540024757385
2006,Jules  Bianchi ,0.12528641521930695
2007,Jules  Bianchi ,0.1252916157245636
2008,Jules  Bianchi ,0.12509718537330627
2009,Jules  Bianchi ,0.12458127737045288
2010,Jules  Bianchi ,0.12377329170703888
2011,Jules  Bianchi ,0.1233447939157486
2012,Jules  Bianchi ,0.12745055556297302
2013,Jules  Bianchi ,0.12227442860603333
2014,Jules  Bianchi ,0.1432948112487793
2015,Jules  Bianchi ,0.1297205686569214
2016,Jules  Bianchi ,0.12840911746025085
2017,Jules  Bianchi ,0.13033726811408997
2018,Jules  Bianchi ,0.1314542293548584
2019,Jules  Bianchi ,0.13120074570178986
2020,Jules  Bianchi ,0.12944471836090088
2021,Jules  Bianchi ,0.12580332159996033
2022,Jules  Bianchi ,0.11921600997447968
2023,Jules  Bianchi ,0.10673551261425018
2024,Jules  Bianchi ,0.08188790082931519
2025,Jules  Bianchi ,0.039903052151203156
2026,Jules  Bianchi ,-0.06969387829303741
2027,Jules  Bianchi ,-0.07349970936775208
2028,Jules  Bianchi ,-0.07349970936775208
2029,Jules  Bianchi ,-0.07349970936775208
2030,Jules  Bianchi ,-0.07349970936775208
1958,Julian  Bailey ,0.11337617039680481
1959,Julian  Bailey ,0.1113286167383194
1960,Julian  Bailey ,0.11172404885292053
1961,Julian  Bailey ,0.11314046382904053
1962,Julian  Bailey ,0.11504969000816345
1963,Julian  Bailey ,0.11703017354011536
1964,Julian  Bailey ,0.11881215870380402
1965,Julian  Bailey ,0.12027864158153534
1966,Julian  Bailey ,0.12141546607017517
1967,Julian  Bailey ,0.12226052582263947
1968,Julian  Bailey ,0.12286987900733948
1969,Julian  Bailey ,0.12329953908920288
1970,Julian  Bailey ,0.12359753251075745
1971,Julian  Bailey ,0.12380200624465942
1972,Julian  Bailey ,0.12394168972969055
1973,Julian  Bailey ,0.12403753399848938
1974,Julian  Bailey ,0.12410444021224976
1975,Julian  Bailey ,0.12415291368961334
1976,Julian  Bailey ,0.12419027090072632
1977,Julian  Bailey ,0.12422150373458862
1978,Julian  Bailey ,0.12425009906291962
1979,Julian  Bailey ,0.12427812814712524
1980,Julian  Bailey ,0.12430624663829803
1981,Julian  Bailey ,0.1243332028388977
1982,Julian  Bailey ,0.12435390055179596
1983,Julian  Bailey ,0.12435644865036011
1984,Julian  Bailey ,0.12431523203849792
1985,Julian  Bailey ,0.12418213486671448
1986,Julian  Bailey ,0.12387946248054504
1987,Julian  Bailey ,0.123322993516922
1988,Julian  Bailey ,0.12257161736488342
1989,Julian  Bailey ,0.12225973606109619
1990,Julian  Bailey ,0.12612836062908173
1991,Julian  Bailey ,0.1326598823070526
1992,Julian  Bailey ,0.1242610514163971
1993,Julian  Bailey ,0.12263134121894836
1994,Julian  Bailey ,0.1238405853509903
1995,Julian  Bailey ,0.12474921345710754
1996,Julian  Bailey ,0.1251005232334137
1997,Julian  Bailey ,0.1251118779182434
1998,Julian  Bailey ,0.12499213218688965
1999,Julian  Bailey ,0.12485626339912415
2000,Julian  Bailey ,0.12475176155567169
2001,Julian  Bailey ,0.12469159066677094
2002,Julian  Bailey ,0.12467482686042786
2003,Julian  Bailey ,0.12469698488712311
2004,Julian  Bailey ,0.12475407123565674
2005,Julian  Bailey ,0.12484411895275116
2006,Julian  Bailey ,0.12496748566627502
2007,Julian  Bailey ,0.12512676417827606
2008,Julian  Bailey ,0.12532657384872437
2009,Julian  Bailey ,0.12557342648506165
2010,Julian  Bailey ,0.12587542831897736
2011,Julian  Bailey ,0.12624157965183258
2012,Julian  Bailey ,0.12668046355247498
2013,Julian  Bailey ,0.1271975338459015
2014,Julian  Bailey ,0.12778957188129425
2015,Julian  Bailey ,0.12843537330627441
2016,Julian  Bailey ,0.12907952070236206
2017,Julian  Bailey ,0.12960883975028992
2018,Julian  Bailey ,0.1298215091228485
2019,Julian  Bailey ,0.12939640879631042
2020,Julian  Bailey ,0.12786976993083954
2021,Julian  Bailey ,0.12457975745201111
2022,Julian  Bailey ,0.11832523345947266
2023,Julian  Bailey ,0.10611215233802795
2024,Julian  Bailey ,0.0814698338508606
2025,Julian  Bailey ,0.039903052151203156
2026,Julian  Bailey ,-0.06969387829303741
2027,Julian  Bailey ,-0.07349970936775208
2028,Julian  Bailey ,-0.07349970936775208
2029,Julian  Bailey ,-0.07349970936775208
2030,Julian  Bailey ,-0.07349970936775208
1958,Justin  Wilson ,0.11337575316429138
1959,Justin  Wilson ,0.11132743954658508
1960,Justin  Wilson ,0.11172230541706085
1961,Justin  Wilson ,0.11313813924789429
1962,Justin  Wilson ,0.11504670977592468
1963,Justin  Wilson ,0.1170264333486557
1964,Justin  Wilson ,0.11880746483802795
1965,Justin  Wilson ,0.12027283012866974
1966,Justin  Wilson ,0.12140828371047974
1967,Justin  Wilson ,0.1222517341375351
1968,Justin  Wilson ,0.12285909056663513
1969,Justin  Wilson ,0.12328626215457916
1970,Justin  Wilson ,0.12358124554157257
1971,Justin  Wilson ,0.12378200888633728
1972,Justin  Wilson ,0.12391704320907593
1973,Justin  Wilson ,0.12400712072849274
1974,Justin  Wilson ,0.12406690418720245
1975,Justin  Wilson ,0.12410654127597809
1976,Justin  Wilson ,0.12413294613361359
1977,Justin  Wilson ,0.12415087223052979
1978,Justin  Wilson ,0.12416340410709381
1979,Justin  Wilson ,0.12417265772819519
1980,Justin  Wilson ,0.12418010830879211
1981,Justin  Wilson ,0.1241866946220398
1982,Justin  Wilson ,0.12419316172599792
1983,Justin  Wilson ,0.12420010566711426
1984,Justin  Wilson ,0.12420792877674103
1985,Justin  Wilson ,0.1242172122001648
1986,Justin  Wilson ,0.12422835826873779
1987,Justin  Wilson ,0.12424194812774658
1988,Justin  Wilson ,0.12425856292247772
1989,Justin  Wilson ,0.12427882850170135
1990,Justin  Wilson ,0.12430328130722046
1991,Justin  Wilson ,0.12433233857154846
1992,Justin  Wilson ,0.12436561286449432
1993,Justin  Wilson ,0.12440134584903717
1994,Justin  Wilson ,0.1244344413280487
1995,Justin  Wilson ,0.1244531124830246
1996,Justin  Wilson ,0.12443262338638306
1997,Justin  Wilson ,0.1243264228105545
1998,Justin  Wilson ,0.12405958771705627
1999,Justin  Wilson ,0.12354879081249237
2000,Justin  Wilson ,0.12283486127853394
2001,Justin  Wilson ,0.12242425978183746
2002,Justin  Wilson ,0.12572239339351654
2003,Justin  Wilson ,0.11920011043548584
2004,Justin  Wilson ,0.12368443608283997
2005,Justin  Wilson ,0.12313514947891235
2006,Justin  Wilson ,0.12471356987953186
2007,Justin  Wilson ,0.12573884427547455
2008,Justin  Wilson ,0.12621191143989563
2009,Justin  Wilson ,0.12640556693077087
2010,Justin  Wilson ,0.12653790414333344
2011,Justin  Wilson ,0.12672458589076996
2012,Justin  Wilson ,0.12701421976089478
2013,Justin  Wilson ,0.12741990387439728
2014,Justin  Wilson ,0.1279338300228119
2015,Justin  Wilson ,0.12852689623832703
2016,Justin  Wilson ,0.12913647294044495
2017,Justin  Wilson ,0.12964364886283875
2018,Justin  Wilson ,0.1298423707485199
2019,Justin  Wilson ,0.12940865755081177
2020,Justin  Wilson ,0.12787681818008423
2021,Justin  Wilson ,0.12458370625972748
2022,Justin  Wilson ,0.11832739412784576
2023,Justin  Wilson ,0.10611326992511749
2024,Justin  Wilson ,0.08147038519382477
2025,Justin  Wilson ,0.039903052151203156
2026,Justin  Wilson ,-0.06969387829303741
2027,Justin  Wilson ,-0.07349970936775208
2028,Justin  Wilson ,-0.07349970936775208
2029,Justin  Wilson ,-0.07349970936775208
2030,Justin  Wilson ,-0.07349970936775208
1958,Jyrki  Jarvilehto ,0.11337678134441376
1959,Jyrki  Jarvilehto ,0.11133033037185669
1960,Jyrki  Jarvilehto ,0.11172661185264587
1961,Jyrki  Jarvilehto ,0.11314389109611511
1962,Jyrki  Jarvilehto ,0.11505410075187683
1963,Jyrki  Jarvilehto ,0.11703573167324066
1964,Jyrki  Jarvilehto ,0.11881905794143677
1965,Jyrki  Jarvilehto ,0.1202872097492218
1966,Jyrki  Jarvilehto ,0.12142598628997803
1967,Jyrki  Jarvilehto ,0.12227341532707214
1968,Jyrki  Jarvilehto ,0.12288564443588257
1969,Jyrki  Jarvilehto ,0.12331876158714294
1970,Jyrki  Jarvilehto ,0.12362100183963776
1971,Jyrki  Jarvilehto ,0.123830646276474
1972,Jyrki  Jarvilehto ,0.12397664785385132
1973,Jyrki  Jarvilehto ,0.12408018112182617
1974,Jyrki  Jarvilehto ,0.12415656447410583
1975,Jyrki  Jarvilehto ,0.12421663105487823
1976,Jyrki  Jarvilehto ,0.12426814436912537
1977,Jyrki  Jarvilehto ,0.12431672215461731
1978,Jyrki  Jarvilehto ,0.12436625361442566
1979,Jyrki  Jarvilehto ,0.12441948056221008
1980,Jyrki  Jarvilehto ,0.12447753548622131
1981,Jyrki  Jarvilehto ,0.12453919649124146
1982,Jyrki  Jarvilehto ,0.12459845840930939
1983,Jyrki  Jarvilehto ,0.12463948130607605
1984,Jyrki  Jarvilehto ,0.12462632358074188
1985,Jyrki  Jarvilehto ,0.12448638677597046
1986,Jyrki  Jarvilehto ,0.12409324944019318
1987,Jyrki  Jarvilehto ,0.12328934669494629
1988,Jyrki  Jarvilehto ,0.12209871411323547
1989,Jyrki  Jarvilehto ,0.12154150009155273
1990,Jyrki  Jarvilehto ,0.1263878494501114
1991,Jyrki  Jarvilehto ,0.18251270055770874
1992,Jyrki  Jarvilehto ,0.13006582856178284
1993,Jyrki  Jarvilehto ,0.17735248804092407
1994,Jyrki  Jarvilehto ,0.07671087980270386
1995,Jyrki  Jarvilehto ,0.12010636925697327
1996,Jyrki  Jarvilehto ,0.12283217906951904
1997,Jyrki  Jarvilehto ,0.12600339949131012
1998,Jyrki  Jarvilehto ,0.12702560424804688
1999,Jyrki  Jarvilehto ,0.1269577294588089
2000,Jyrki  Jarvilehto ,0.12648814916610718
2001,Jyrki  Jarvilehto ,0.1259811520576477
2002,Jyrki  Jarvilehto ,0.12557587027549744
2003,Jyrki  Jarvilehto ,0.12530256807804108
2004,Jyrki  Jarvilehto ,0.12515003979206085
2005,Jyrki  Jarvilehto ,0.1250976026058197
2006,Jyrki  Jarvilehto ,0.12512677907943726
2007,Jyrki  Jarvilehto ,0.12522514164447784
2008,Jyrki  Jarvilehto ,0.1253862977027893
2009,Jyrki  Jarvilehto ,0.12560907006263733
2010,Jyrki  Jarvilehto ,0.12589627504348755
2011,Jyrki  Jarvilehto ,0.12625353038311005
2012,Jyrki  Jarvilehto ,0.12668713927268982
2013,Jyrki  Jarvilehto ,0.1272011548280716
2014,Jyrki  Jarvilehto ,0.12779147922992706
2015,Jyrki  Jarvilehto ,0.12843629717826843
2016,Jyrki  Jarvilehto ,0.1290799379348755
2017,Jyrki  Jarvilehto ,0.12960900366306305
2018,Jyrki  Jarvilehto ,0.1298215240240097
2019,Jyrki  Jarvilehto ,0.12939637899398804
2020,Jyrki  Jarvilehto ,0.12786972522735596
2021,Jyrki  Jarvilehto ,0.12457971274852753
2022,Jyrki  Jarvilehto ,0.11832518875598907
2023,Jyrki  Jarvilehto ,0.10611212253570557
2024,Jyrki  Jarvilehto ,0.08146980404853821
2025,Jyrki  Jarvilehto ,0.039903052151203156
2026,Jyrki  Jarvilehto ,-0.06969387829303741
2027,Jyrki  Jarvilehto ,-0.07349970936775208
2028,Jyrki  Jarvilehto ,-0.07349970936775208
2029,Jyrki  Jarvilehto ,-0.07349970936775208
2030,Jyrki  Jarvilehto ,-0.07349970936775208
1958,Kamui  Kobayashi ,0.11337578296661377
1959,Kamui  Kobayashi ,0.11132746934890747
1960,Kamui  Kobayashi ,0.11172236502170563
1961,Kamui  Kobayashi ,0.11313821375370026
1962,Kamui  Kobayashi ,0.11504679918289185
1963,Kamui  Kobayashi ,0.11702653765678406
1964,Kamui  Kobayashi ,0.1188075840473175
1965,Kamui  Kobayashi ,0.12027302384376526
1966,Kamui  Kobayashi ,0.12140852212905884
1967,Kamui  Kobayashi ,0.12225198745727539
1968,Kamui  Kobayashi ,0.1228594034910202
1969,Kamui  Kobayashi ,0.1232866644859314
1970,Kamui  Kobayashi ,0.12358173727989197
1971,Kamui  Kobayashi ,0.12378257513046265
1972,Kamui  Kobayashi ,0.12391774356365204
1973,Kamui  Kobayashi ,0.12400797009468079
1974,Kamui  Kobayashi ,0.12406793236732483
1975,Kamui  Kobayashi ,0.12410777807235718
1976,Kamui  Kobayashi ,0.12413443624973297
1977,Kamui  Kobayashi ,0.12415260076522827
1978,Kamui  Kobayashi ,0.12416550517082214
1979,Kamui  Kobayashi ,0.12417514622211456
1980,Kamui  Kobayashi ,0.12418302893638611
1981,Kamui  Kobayashi ,0.12419016659259796
1982,Kamui  Kobayashi ,0.12419722974300385
1983,Kamui  Kobayashi ,0.12420476973056793
1984,Kamui  Kobayashi ,0.124213308095932
1985,Kamui  Kobayashi ,0.12422329187393188
1986,Kamui  Kobayashi ,0.12423518300056458
1987,Kamui  Kobayashi ,0.12424953281879425
1988,Kamui  Kobayashi ,0.12426695227622986
1989,Kamui  Kobayashi ,0.12428818643093109
1990,Kamui  Kobayashi ,0.12431415915489197
1991,Kamui  Kobayashi ,0.12434597313404083
1992,Kamui  Kobayashi ,0.12438498437404633
1993,Kamui  Kobayashi ,0.124432772397995
1994,Kamui  Kobayashi ,0.12449130415916443
1995,Kamui  Kobayashi ,0.12456263601779938
1996,Kamui  Kobayashi ,0.12464895844459534
1997,Kamui  Kobayashi ,0.12475231289863586
1998,Kamui  Kobayashi ,0.12487375736236572
1999,Kamui  Kobayashi ,0.12501198053359985
2000,Kamui  Kobayashi ,0.12515991926193237
2001,Kamui  Kobayashi ,0.12529803812503815
2002,Kamui  Kobayashi ,0.12538093328475952
2003,Kamui  Kobayashi ,0.12531426548957825
2004,Kamui  Kobayashi ,0.12492740154266357
2005,Kamui  Kobayashi ,0.12398198246955872
2006,Kamui  Kobayashi ,0.12237831950187683
2007,Kamui  Kobayashi ,0.12094193696975708
2008,Kamui  Kobayashi ,0.1251845359802246
2009,Kamui  Kobayashi ,0.145041823387146
2010,Kamui  Kobayashi ,0.20962169766426086
2011,Kamui  Kobayashi ,0.21803352236747742
2012,Kamui  Kobayashi ,0.22962221503257751
2013,Kamui  Kobayashi ,0.13253238797187805
2014,Kamui  Kobayashi ,0.09494000673294067
2015,Kamui  Kobayashi ,0.1296616792678833
2016,Kamui  Kobayashi ,0.13204620778560638
2017,Kamui  Kobayashi ,0.1340714991092682
2018,Kamui  Kobayashi ,0.1341768205165863
2019,Kamui  Kobayashi ,0.1329851746559143
2020,Kamui  Kobayashi ,0.130564883351326
2021,Kamui  Kobayashi ,0.1264968067407608
2022,Kamui  Kobayashi ,0.11964526772499084
2023,Kamui  Kobayashi ,0.10700209438800812
2024,Kamui  Kobayashi ,0.08205205202102661
2025,Kamui  Kobayashi ,0.039903052151203156
2026,Kamui  Kobayashi ,-0.06969387829303741
2027,Kamui  Kobayashi ,-0.07349970936775208
2028,Kamui  Kobayashi ,-0.07349970936775208
2029,Kamui  Kobayashi ,-0.07349970936775208
2030,Kamui  Kobayashi ,-0.07349970936775208
1958,Karl  Wendlinger ,0.11337670683860779
1959,Karl  Wendlinger ,0.11133012175559998
1960,Karl  Wendlinger ,0.11172635853290558
1961,Karl  Wendlinger ,0.11314351856708527
1962,Karl  Wendlinger ,0.11505362391471863
1963,Karl  Wendlinger ,0.1170351505279541
1964,Karl  Wendlinger ,0.11881831288337708
1965,Karl  Wendlinger ,0.12028628587722778
1966,Karl  Wendlinger ,0.12142482399940491
1967,Karl  Wendlinger ,0.12227199971675873
1968,Karl  Wendlinger ,0.12288390100002289
1969,Karl  Wendlinger ,0.12331660091876984
1970,Karl  Wendlinger ,0.12361831963062286
1971,Karl  Wendlinger ,0.12382733821868896
1972,Karl  Wendlinger ,0.12397249042987823
1973,Karl  Wendlinger ,0.12407508492469788
1974,Karl  Wendlinger ,0.12415021657943726
1975,Karl  Wendlinger ,0.12420877814292908
1976,Karl  Wendlinger ,0.12425850331783295
1977,Karl  Wendlinger ,0.12430493533611298
1978,Karl  Wendlinger ,0.12435221672058105
1979,Karl  Wendlinger ,0.1244032084941864
1980,Karl  Wendlinger ,0.12445977330207825
1981,Karl  Wendlinger ,0.12452222406864166
1982,Karl  Wendlinger ,0.12458807229995728
1983,Karl  Wendlinger ,0.12464910745620728
1984,Karl  Wendlinger ,0.12468487024307251
1985,Karl  Wendlinger ,0.12465006113052368
1986,Karl  Wendlinger ,0.12445300817489624
1987,Karl  Wendlinger ,0.12393219769001007
1988,Karl  Wendlinger ,0.1228770762681961
1989,Karl  Wendlinger ,0.12127488851547241
1990,Karl  Wendlinger ,0.12027689814567566
1991,Karl  Wendlinger ,0.12555910646915436
1992,Karl  Wendlinger ,0.18438118696212769
1993,Karl  Wendlinger ,0.19531941413879395
1994,Karl  Wendlinger ,0.12741495668888092
1995,Karl  Wendlinger ,0.12159718573093414
1996,Karl  Wendlinger ,0.12178561091423035
1997,Karl  Wendlinger ,0.12499061226844788
1998,Karl  Wendlinger ,0.1266198754310608
1999,Karl  Wendlinger ,0.12694545090198517
2000,Karl  Wendlinger ,0.12664446234703064
2001,Karl  Wendlinger ,0.12617503106594086
2002,Karl  Wendlinger ,0.12575028836727142
2003,Karl  Wendlinger ,0.12544050812721252
2004,Karl  Wendlinger ,0.12525206804275513
2005,Karl  Wendlinger ,0.12517009675502777
2006,Karl  Wendlinger ,0.12517696619033813
2007,Karl  Wendlinger ,0.12525928020477295
2008,Karl  Wendlinger ,0.12540918588638306
2009,Karl  Wendlinger ,0.12562423944473267
2010,Karl  Wendlinger ,0.12590622901916504
2011,Karl  Wendlinger ,0.12626004219055176
2012,Karl  Wendlinger ,0.12669137120246887
2013,Karl  Wendlinger ,0.12720388174057007
2014,Karl  Wendlinger ,0.12779319286346436
2015,Karl  Wendlinger ,0.12843742966651917
2016,Karl  Wendlinger ,0.1290806531906128
2017,Karl  Wendlinger ,0.12960948050022125
2018,Karl  Wendlinger ,0.12982183694839478
2019,Karl  Wendlinger ,0.12939657270908356
2020,Karl  Wendlinger ,0.12786982953548431
2021,Karl  Wendlinger ,0.12457980215549469
2022,Karl  Wendlinger ,0.11832524836063385
2023,Karl  Wendlinger ,0.10611215233802795
2024,Karl  Wendlinger ,0.0814698338508606
2025,Karl  Wendlinger ,0.039903052151203156
2026,Karl  Wendlinger ,-0.06969387829303741
2027,Karl  Wendlinger ,-0.07349970936775208
2028,Karl  Wendlinger ,-0.07349970936775208
2029,Karl  Wendlinger ,-0.07349970936775208
2030,Karl  Wendlinger ,-0.07349970936775208
1958,Karun  Chandhok ,0.11337575316429138
1959,Karun  Chandhok ,0.11132737994194031
1960,Karun  Chandhok ,0.11172223091125488
1961,Karun  Chandhok ,0.11313800513744354
1962,Karun  Chandhok ,0.11504653096199036
1963,Karun  Chandhok ,0.11702620983123779
1964,Karun  Chandhok ,0.11880719661712646
1965,Karun  Chandhok ,0.12027251720428467
1966,Karun  Chandhok ,0.1214078813791275
1967,Karun  Chandhok ,0.12225125730037689
1968,Karun  Chandhok ,0.12285849452018738
1969,Karun  Chandhok ,0.12328556180000305
1970,Karun  Chandhok ,0.12358038127422333
1971,Karun  Chandhok ,0.12378095090389252
1972,Karun  Chandhok ,0.12391579151153564
1973,Karun  Chandhok ,0.12400561571121216
1974,Karun  Chandhok ,0.12406505644321442
1975,Karun  Chandhok ,0.12410427629947662
1976,Karun  Chandhok ,0.12413021922111511
1977,Karun  Chandhok ,0.12414750456809998
1978,Karun  Chandhok ,0.12415927648544312
1979,Karun  Chandhok ,0.12416762113571167
1980,Karun  Chandhok ,0.12417392432689667
1981,Karun  Chandhok ,0.12417909502983093
1982,Karun  Chandhok ,0.124183788895607
1983,Karun  Chandhok ,0.12418849766254425
1984,Karun  Chandhok ,0.12419351935386658
1985,Karun  Chandhok ,0.12419925630092621
1986,Karun  Chandhok ,0.12420594692230225
1987,Karun  Chandhok ,0.12421396374702454
1988,Karun  Chandhok ,0.12422363460063934
1989,Karun  Chandhok ,0.1242353618144989
1990,Karun  Chandhok ,0.12424969673156738
1991,Karun  Chandhok ,0.12426728010177612
1992,Karun  Chandhok ,0.1242888867855072
1993,Karun  Chandhok ,0.12431551516056061
1994,Karun  Chandhok ,0.12434832751750946
1995,Karun  Chandhok ,0.12438875436782837
1996,Karun  Chandhok ,0.12443843483924866
1997,Karun  Chandhok ,0.12449908256530762
1998,Karun  Chandhok ,0.1245722621679306
1999,Karun  Chandhok ,0.12465876340866089
2000,Karun  Chandhok ,0.12475723028182983
2001,Karun  Chandhok ,0.12486180663108826
2002,Karun  Chandhok ,0.12495721876621246
2003,Karun  Chandhok ,0.1250114142894745
2004,Karun  Chandhok ,0.12496501207351685
2005,Karun  Chandhok ,0.12472538650035858
2006,Karun  Chandhok ,0.12418884038925171
2007,Karun  Chandhok ,0.12336859107017517
2008,Karun  Chandhok ,0.12261359393596649
2009,Karun  Chandhok ,0.12482151389122009
2010,Karun  Chandhok ,0.09140565991401672
2011,Karun  Chandhok ,0.06178221106529236
2012,Karun  Chandhok ,0.12200218439102173
2013,Karun  Chandhok ,0.1264391839504242
2014,Karun  Chandhok ,0.12965941429138184
2015,Karun  Chandhok ,0.1308354139328003
2016,Karun  Chandhok ,0.13119502365589142
2017,Karun  Chandhok ,0.13121464848518372
2018,Karun  Chandhok ,0.1309480369091034
2019,Karun  Chandhok ,0.13014979660511017
2020,Karun  Chandhok ,0.12835755944252014
2021,Karun  Chandhok ,0.12488803267478943
2022,Karun  Chandhok ,0.11851614713668823
2023,Karun  Chandhok ,0.10622800886631012
2024,Karun  Chandhok ,0.0815373957157135
2025,Karun  Chandhok ,0.039903052151203156
2026,Karun  Chandhok ,-0.06969387829303741
2027,Karun  Chandhok ,-0.07349970936775208
2028,Karun  Chandhok ,-0.07349970936775208
2029,Karun  Chandhok ,-0.07349970936775208
2030,Karun  Chandhok ,-0.07349970936775208
1958,Kazuki  Nakajima ,0.11337578296661377
1959,Kazuki  Nakajima ,0.11132746934890747
1960,Kazuki  Nakajima ,0.11172236502170563
1961,Kazuki  Nakajima ,0.11313819885253906
1962,Kazuki  Nakajima ,0.11504676938056946
1963,Kazuki  Nakajima ,0.11702652275562286
1964,Kazuki  Nakajima ,0.1188075840473175
1965,Kazuki  Nakajima ,0.12027302384376526
1966,Kazuki  Nakajima ,0.12140849232673645
1967,Kazuki  Nakajima ,0.122251957654953
1968,Kazuki  Nakajima ,0.1228594034910202
1969,Kazuki  Nakajima ,0.12328663468360901
1970,Kazuki  Nakajima ,0.12358170747756958
1971,Kazuki  Nakajima ,0.12378254532814026
1972,Kazuki  Nakajima ,0.12391772866249084
1973,Kazuki  Nakajima ,0.1240079402923584
1974,Kazuki  Nakajima ,0.12406787276268005
1975,Kazuki  Nakajima ,0.1241077184677124
1976,Kazuki  Nakajima ,0.12413439154624939
1977,Kazuki  Nakajima ,0.12415257096290588
1978,Kazuki  Nakajima ,0.12416543066501617
1979,Kazuki  Nakajima ,0.12417510151863098
1980,Kazuki  Nakajima ,0.12418296933174133
1981,Kazuki  Nakajima ,0.12419012188911438
1982,Kazuki  Nakajima ,0.12419718503952026
1983,Kazuki  Nakajima ,0.12420481443405151
1984,Kazuki  Nakajima ,0.12421345710754395
1985,Kazuki  Nakajima ,0.12422357499599457
1986,Kazuki  Nakajima ,0.12423570454120636
1987,Kazuki  Nakajima ,0.12425044178962708
1988,Kazuki  Nakajima ,0.12426845729351044
1989,Kazuki  Nakajima ,0.12429054081439972
1990,Kazuki  Nakajima ,0.1243177056312561
1991,Kazuki  Nakajima ,0.12435111403465271
1992,Kazuki  Nakajima ,0.12439224123954773
1993,Kazuki  Nakajima ,0.12444260716438293
1994,Kazuki  Nakajima ,0.12450379133224487
1995,Kazuki  Nakajima ,0.1245771199464798
1996,Kazuki  Nakajima ,0.12466299533843994
1997,Kazuki  Nakajima ,0.12475937604904175
1998,Kazuki  Nakajima ,0.12485882639884949
1999,Kazuki  Nakajima ,0.1249426007270813
2000,Kazuki  Nakajima ,0.12496961653232574
2001,Kazuki  Nakajima ,0.12485870718955994
2002,Kazuki  Nakajima ,0.12446901202201843
2003,Kazuki  Nakajima ,0.12360936403274536
2004,Kazuki  Nakajima ,0.12219300866127014
2005,Kazuki  Nakajima ,0.12069486081600189
2006,Kazuki  Nakajima ,0.1235828846693039
2007,Kazuki  Nakajima ,0.10523392260074615
2008,Kazuki  Nakajima ,0.167342871427536
2009,Kazuki  Nakajima ,0.12453567981719971
2010,Kazuki  Nakajima ,0.12495961785316467
2011,Kazuki  Nakajima ,0.12506075203418732
2012,Kazuki  Nakajima ,0.12802720069885254
2013,Kazuki  Nakajima ,0.1297178566455841
2014,Kazuki  Nakajima ,0.13039171695709229
2015,Kazuki  Nakajima ,0.13061396777629852
2016,Kazuki  Nakajima ,0.1307191550731659
2017,Kazuki  Nakajima ,0.13076812028884888
2018,Kazuki  Nakajima ,0.13060912489891052
2019,Kazuki  Nakajima ,0.12991708517074585
2020,Kazuki  Nakajima ,0.12820716202259064
2021,Kazuki  Nakajima ,0.12479501962661743
2022,Kazuki  Nakajima ,0.11846092343330383
2023,Kazuki  Nakajima ,0.10619668662548065
2024,Kazuki  Nakajima ,0.08152125775814056
2025,Kazuki  Nakajima ,0.039903052151203156
2026,Kazuki  Nakajima ,-0.06969387829303741
2027,Kazuki  Nakajima ,-0.07349970936775208
2028,Kazuki  Nakajima ,-0.07349970936775208
2029,Kazuki  Nakajima ,-0.07349970936775208
2030,Kazuki  Nakajima ,-0.07349970936775208
1958,Keke  Rosberg ,0.11339119076728821
1959,Keke  Rosberg ,0.11137032508850098
1960,Keke  Rosberg ,0.11178632080554962
1961,Keke  Rosberg ,0.11322379112243652
1962,Keke  Rosberg ,0.11515718698501587
1963,Keke  Rosberg ,0.1171664148569107
1964,Keke  Rosberg ,0.11898282170295715
1965,Keke  Rosberg ,0.12049061059951782
1966,Keke  Rosberg ,0.12167681753635406
1967,Keke  Rosberg ,0.12258057296276093
1968,Keke  Rosberg ,0.12325868010520935
1969,Keke  Rosberg ,0.12376704812049866
1970,Keke  Rosberg ,0.12415149807929993
1971,Keke  Rosberg ,0.1244431585073471
1972,Keke  Rosberg ,0.12465360760688782
1973,Keke  Rosberg ,0.12476545572280884
1974,Keke  Rosberg ,0.12471432983875275
1975,Keke  Rosberg ,0.12436622381210327
1976,Keke  Rosberg ,0.12352767586708069
1977,Keke  Rosberg ,0.12214525043964386
1978,Keke  Rosberg ,0.12117534875869751
1979,Keke  Rosberg ,0.12530122697353363
1980,Keke  Rosberg ,0.19299504160881042
1981,Keke  Rosberg ,0.12686219811439514
1982,Keke  Rosberg ,0.3326253890991211
1983,Keke  Rosberg ,0.2706213593482971
1984,Keke  Rosberg ,0.2398173213005066
1985,Keke  Rosberg ,0.31878483295440674
1986,Keke  Rosberg ,0.2902943789958954
1987,Keke  Rosberg ,0.12175625562667847
1988,Keke  Rosberg ,0.11898624897003174
1989,Keke  Rosberg ,0.1237667053937912
1990,Keke  Rosberg ,0.12731166183948517
1991,Keke  Rosberg ,0.12840747833251953
1992,Keke  Rosberg ,0.12813341617584229
1993,Keke  Rosberg ,0.12736549973487854
1994,Keke  Rosberg ,0.12655967473983765
1995,Keke  Rosberg ,0.12588977813720703
1996,Keke  Rosberg ,0.12539103627204895
1997,Keke  Rosberg ,0.12504491209983826
1998,Keke  Rosberg ,0.12481895089149475
1999,Keke  Rosberg ,0.12468257546424866
2000,Keke  Rosberg ,0.12461185455322266
2001,Keke  Rosberg ,0.12458975613117218
2002,Keke  Rosberg ,0.12460500001907349
2003,Keke  Rosberg ,0.12465108931064606
2004,Keke  Rosberg ,0.12472489476203918
2005,Keke  Rosberg ,0.12482616305351257
2006,Keke  Rosberg ,0.12495680153369904
2007,Keke  Rosberg ,0.125120609998703
2008,Keke  Rosberg ,0.12532316148281097
2009,Keke  Rosberg ,0.12557165324687958
2010,Keke  Rosberg ,0.1258745640516281
2011,Keke  Rosberg ,0.12624123692512512
2012,Keke  Rosberg ,0.1266804039478302
2013,Keke  Rosberg ,0.1271975338459015
2014,Keke  Rosberg ,0.1277896612882614
2015,Keke  Rosberg ,0.12843544781208038
2016,Keke  Rosberg ,0.12907959520816803
2017,Keke  Rosberg ,0.12960892915725708
2018,Keke  Rosberg ,0.1298215389251709
2019,Keke  Rosberg ,0.1293964385986328
2020,Keke  Rosberg ,0.12786981463432312
2021,Keke  Rosberg ,0.1245797723531723
2022,Keke  Rosberg ,0.11832526326179504
2023,Keke  Rosberg ,0.10611218214035034
2024,Keke  Rosberg ,0.08146984875202179
2025,Keke  Rosberg ,0.039903052151203156
2026,Keke  Rosberg ,-0.06969387829303741
2027,Keke  Rosberg ,-0.07349970936775208
2028,Keke  Rosberg ,-0.07349970936775208
2029,Keke  Rosberg ,-0.07349970936775208
2030,Keke  Rosberg ,-0.07349970936775208
1958,Kevin  Magnussen ,0.11337576806545258
1959,Kevin  Magnussen ,0.11132737994194031
1960,Kevin  Magnussen ,0.11172223091125488
1961,Kevin  Magnussen ,0.11313802003860474
1962,Kevin  Magnussen ,0.11504656076431274
1963,Kevin  Magnussen ,0.11702623963356018
1964,Kevin  Magnussen ,0.11880724132061005
1965,Kevin  Magnussen ,0.12027257680892944
1966,Kevin  Magnussen ,0.12140798568725586
1967,Kevin  Magnussen ,0.12225133180618286
1968,Kevin  Magnussen ,0.12285859882831573
1969,Kevin  Magnussen ,0.12328571081161499
1970,Kevin  Magnussen ,0.12358054518699646
1971,Kevin  Magnussen ,0.12378115952014923
1972,Kevin  Magnussen ,0.12391602993011475
1973,Kevin  Magnussen ,0.12400591373443604
1974,Kevin  Magnussen ,0.12406539916992188
1975,Kevin  Magnussen ,0.12410469353199005
1976,Kevin  Magnussen ,0.12413071095943451
1977,Kevin  Magnussen ,0.12414810061454773
1978,Kevin  Magnussen ,0.12416002154350281
1979,Kevin  Magnussen ,0.1241685152053833
1980,Kevin  Magnussen ,0.12417499721050262
1981,Kevin  Magnussen ,0.12418040633201599
1982,Kevin  Magnussen ,0.12418535351753235
1983,Kevin  Magnussen ,0.12419036030769348
1984,Kevin  Magnussen ,0.12419578433036804
1985,Kevin  Magnussen ,0.12420189380645752
1986,Kevin  Magnussen ,0.12420907616615295
1987,Kevin  Magnussen ,0.12421762943267822
1988,Kevin  Magnussen ,0.12422788143157959
1989,Kevin  Magnussen ,0.12424027919769287
1990,Kevin  Magnussen ,0.12425526976585388
1991,Kevin  Magnussen ,0.12427346408367157
1992,Kevin  Magnussen ,0.12429562211036682
1993,Kevin  Magnussen ,0.12432257831096649
1994,Kevin  Magnussen ,0.12435545027256012
1995,Kevin  Magnussen ,0.12439557909965515
1996,Kevin  Magnussen ,0.12444455921649933
1997,Kevin  Magnussen ,0.12450441718101501
1998,Kevin  Magnussen ,0.12457756698131561
1999,Kevin  Magnussen ,0.12466691434383392
2000,Kevin  Magnussen ,0.12477579712867737
2001,Kevin  Magnussen ,0.12490816414356232
2002,Kevin  Magnussen ,0.12506809830665588
2003,Kevin  Magnussen ,0.1252596378326416
2004,Kevin  Magnussen ,0.12548530101776123
2005,Kevin  Magnussen ,0.12574335932731628
2006,Kevin  Magnussen ,0.12602147459983826
2007,Kevin  Magnussen ,0.12628409266471863
2008,Kevin  Magnussen ,0.12645253539085388
2009,Kevin  Magnussen ,0.12638843059539795
2010,Kevin  Magnussen ,0.12594394385814667
2011,Kevin  Magnussen ,0.12529820203781128
2012,Kevin  Magnussen ,0.12621888518333435
2013,Kevin  Magnussen ,0.13533122837543488
2014,Kevin  Magnussen ,0.24062547087669373
2015,Kevin  Magnussen ,0.1399419903755188
2016,Kevin  Magnussen ,0.16274923086166382
2017,Kevin  Magnussen ,0.19656237959861755
2018,Kevin  Magnussen ,0.2674518823623657
2019,Kevin  Magnussen ,0.1793825626373291
2020,Kevin  Magnussen ,0.12883426249027252
2021,Kevin  Magnussen ,0.142022043466568
2022,Kevin  Magnussen ,0.20170250535011292
2023,Kevin  Magnussen ,0.14676350355148315
2024,Kevin  Magnussen ,0.13286754488945007
2025,Kevin  Magnussen ,0.0780286192893982
2026,Kevin  Magnussen ,0.02793125808238983
2027,Kevin  Magnussen ,0.020116448402404785
2028,Kevin  Magnussen ,0.018909543752670288
2029,Kevin  Magnussen ,0.01872345805168152
2030,Kevin  Magnussen ,0.018694758415222168
1958,Kimi  RÃ¤ikkÃ¶nen ,0.11337625980377197
1959,Kimi  RÃ¤ikkÃ¶nen ,0.1113288551568985
1960,Kimi  RÃ¤ikkÃ¶nen ,0.11172442138195038
1961,Kimi  RÃ¤ikkÃ¶nen ,0.11314092576503754
1962,Kimi  RÃ¤ikkÃ¶nen ,0.1150502860546112
1963,Kimi  RÃ¤ikkÃ¶nen ,0.11703091859817505
1964,Kimi  RÃ¤ikkÃ¶nen ,0.11881306767463684
1965,Kimi  RÃ¤ikkÃ¶nen ,0.12027975916862488
1966,Kimi  RÃ¤ikkÃ¶nen ,0.12141679227352142
1967,Kimi  RÃ¤ikkÃ¶nen ,0.12226210534572601
1968,Kimi  RÃ¤ikkÃ¶nen ,0.1228717565536499
1969,Kimi  RÃ¤ikkÃ¶nen ,0.12330165505409241
1970,Kimi  RÃ¤ikkÃ¶nen ,0.12359996140003204
1971,Kimi  RÃ¤ikkÃ¶nen ,0.12380468845367432
1972,Kimi  RÃ¤ikkÃ¶nen ,0.12394459545612335
1973,Kimi  RÃ¤ikkÃ¶nen ,0.12404054403305054
1974,Kimi  RÃ¤ikkÃ¶nen ,0.12410740554332733
1975,Kimi  RÃ¤ikkÃ¶nen ,0.1241556704044342
1976,Kimi  RÃ¤ikkÃ¶nen ,0.12419259548187256
1977,Kimi  RÃ¤ikkÃ¶nen ,0.12422323226928711
1978,Kimi  RÃ¤ikkÃ¶nen ,0.12425124645233154
1979,Kimi  RÃ¤ikkÃ¶nen ,0.12427936494350433
1980,Kimi  RÃ¤ikkÃ¶nen ,0.12430980801582336
1981,Kimi  RÃ¤ikkÃ¶nen ,0.12434448301792145
1982,Kimi  RÃ¤ikkÃ¶nen ,0.12438516318798065
1983,Kimi  RÃ¤ikkÃ¶nen ,0.12443386018276215
1984,Kimi  RÃ¤ikkÃ¶nen ,0.12449267506599426
1985,Kimi  RÃ¤ikkÃ¶nen ,0.12456394731998444
1986,Kimi  RÃ¤ikkÃ¶nen ,0.12465041875839233
1987,Kimi  RÃ¤ikkÃ¶nen ,0.12475502490997314
1988,Kimi  RÃ¤ikkÃ¶nen ,0.12488079071044922
1989,Kimi  RÃ¤ikkÃ¶nen ,0.12503069639205933
1990,Kimi  RÃ¤ikkÃ¶nen ,0.1252068132162094
1991,Kimi  RÃ¤ikkÃ¶nen ,0.12540891766548157
1992,Kimi  RÃ¤ikkÃ¶nen ,0.12563097476959229
1993,Kimi  RÃ¤ikkÃ¶nen ,0.12585343420505524
1994,Kimi  RÃ¤ikkÃ¶nen ,0.12602660059928894
1995,Kimi  RÃ¤ikkÃ¶nen ,0.12603995203971863
1996,Kimi  RÃ¤ikkÃ¶nen ,0.12568090856075287
1997,Kimi  RÃ¤ikkÃ¶nen ,0.12463849782943726
1998,Kimi  RÃ¤ikkÃ¶nen ,0.12277816236019135
1999,Kimi  RÃ¤ikkÃ¶nen ,0.12140059471130371
2000,Kimi  RÃ¤ikkÃ¶nen ,0.1267697811126709
2001,Kimi  RÃ¤ikkÃ¶nen ,0.2139734923839569
2002,Kimi  RÃ¤ikkÃ¶nen ,0.2867020070552826
2003,Kimi  RÃ¤ikkÃ¶nen ,0.3686685860157013
2004,Kimi  RÃ¤ikkÃ¶nen ,0.28635409474372864
2005,Kimi  RÃ¤ikkÃ¶nen ,0.38401636481285095
2006,Kimi  RÃ¤ikkÃ¶nen ,0.329990953207016
2007,Kimi  RÃ¤ikkÃ¶nen ,0.41953110694885254
2008,Kimi  RÃ¤ikkÃ¶nen ,0.3783234655857086
2009,Kimi  RÃ¤ikkÃ¶nen ,0.30818846821784973
2010,Kimi  RÃ¤ikkÃ¶nen ,0.12804755568504333
2011,Kimi  RÃ¤ikkÃ¶nen ,0.13443595170974731
2012,Kimi  RÃ¤ikkÃ¶nen ,0.4376319348812103
2013,Kimi  RÃ¤ikkÃ¶nen ,0.4361274540424347
2014,Kimi  RÃ¤ikkÃ¶nen ,0.2839282155036926
2015,Kimi  RÃ¤ikkÃ¶nen ,0.4350326657295227
2016,Kimi  RÃ¤ikkÃ¶nen ,0.45343759655952454
2017,Kimi  RÃ¤ikkÃ¶nen ,0.5121433734893799
2018,Kimi  RÃ¤ikkÃ¶nen ,0.5507398843765259
2019,Kimi  RÃ¤ikkÃ¶nen ,0.23843297362327576
2020,Kimi  RÃ¤ikkÃ¶nen ,0.16915255784988403
2021,Kimi  RÃ¤ikkÃ¶nen ,0.17296543717384338
2022,Kimi  RÃ¤ikkÃ¶nen ,0.13448193669319153
2023,Kimi  RÃ¤ikkÃ¶nen ,0.11912800371646881
2024,Kimi  RÃ¤ikkÃ¶nen ,0.09451691806316376
2025,Kimi  RÃ¤ikkÃ¶nen ,0.039903052151203156
2026,Kimi  RÃ¤ikkÃ¶nen ,-0.06969387829303741
2027,Kimi  RÃ¤ikkÃ¶nen ,-0.07349970936775208
2028,Kimi  RÃ¤ikkÃ¶nen ,-0.07349970936775208
2029,Kimi  RÃ¤ikkÃ¶nen ,-0.07349970936775208
2030,Kimi  RÃ¤ikkÃ¶nen ,-0.07349970936775208
1958,Lance  Stroll ,0.11337575316429138
1959,Lance  Stroll ,0.11132735013961792
1960,Lance  Stroll ,0.11172223091125488
1961,Lance  Stroll ,0.11313796043395996
1962,Lance  Stroll ,0.11504651606082916
1963,Lance  Stroll ,0.1170261800289154
1964,Lance  Stroll ,0.11880716681480408
1965,Lance  Stroll ,0.12027248740196228
1966,Lance  Stroll ,0.12140783667564392
1967,Lance  Stroll ,0.12225115299224854
1968,Lance  Stroll ,0.12285840511322021
1969,Lance  Stroll ,0.12328547239303589
1970,Lance  Stroll ,0.12358024716377258
1971,Lance  Stroll ,0.12378081679344177
1972,Lance  Stroll ,0.12391561269760132
1973,Lance  Stroll ,0.12400537729263306
1974,Lance  Stroll ,0.12406481802463531
1975,Lance  Stroll ,0.12410396337509155
1976,Lance  Stroll ,0.12412984669208527
1977,Lance  Stroll ,0.12414705753326416
1978,Lance  Stroll ,0.12415876984596252
1979,Lance  Stroll ,0.12416699528694153
1980,Lance  Stroll ,0.1241731345653534
1981,Lance  Stroll ,0.12417814135551453
1982,Lance  Stroll ,0.12418264150619507
1983,Lance  Stroll ,0.12418702244758606
1984,Lance  Stroll ,0.1241917610168457
1985,Lance  Stroll ,0.12419702112674713
1986,Lance  Stroll ,0.1242031455039978
1987,Lance  Stroll ,0.1242104172706604
1988,Lance  Stroll ,0.1242191344499588
1989,Lance  Stroll ,0.12422962486743927
1990,Lance  Stroll ,0.12424229085445404
1991,Lance  Stroll ,0.12425762414932251
1992,Lance  Stroll ,0.12427625060081482
1993,Lance  Stroll ,0.12429890036582947
1994,Lance  Stroll ,0.12432637810707092
1995,Lance  Stroll ,0.1243598461151123
1996,Lance  Stroll ,0.12440067529678345
1997,Lance  Stroll ,0.1244504451751709
1998,Lance  Stroll ,0.12451127171516418
1999,Lance  Stroll ,0.12458556890487671
2000,Lance  Stroll ,0.12467652559280396
2001,Lance  Stroll ,0.12478777766227722
2002,Lance  Stroll ,0.12492385506629944
2003,Lance  Stroll ,0.1250901222229004
2004,Lance  Stroll ,0.12529267370700836
2005,Lance  Stroll ,0.12553821504116058
2006,Lance  Stroll ,0.12583351135253906
2007,Lance  Stroll ,0.1261836588382721
2008,Lance  Stroll ,0.12658870220184326
2009,Lance  Stroll ,0.1270357370376587
2010,Lance  Stroll ,0.127484530210495
2011,Lance  Stroll ,0.12784412503242493
2012,Lance  Stroll ,0.1279553771018982
2013,Lance  Stroll ,0.12764842808246613
2014,Lance  Stroll ,0.12710881233215332
2015,Lance  Stroll ,0.12818582355976105
2016,Lance  Stroll ,0.1383240967988968
2017,Lance  Stroll ,0.22176608443260193
2018,Lance  Stroll ,0.15103060007095337
2019,Lance  Stroll ,0.19792696833610535
2020,Lance  Stroll ,0.27488961815834045
2021,Lance  Stroll ,0.23132342100143433
2022,Lance  Stroll ,0.21729841828346252
2023,Lance  Stroll ,0.28906258940696716
2024,Lance  Stroll ,0.20472493767738342
2025,Lance  Stroll ,0.12440228462219238
2026,Lance  Stroll ,0.0413854718208313
2027,Lance  Stroll ,0.02803574502468109
2028,Lance  Stroll ,0.025923840701580048
2029,Lance  Stroll ,0.025590628385543823
2030,Lance  Stroll ,0.025538086891174316
1958,Lando  Norris ,0.11337575316429138
1959,Lando  Norris ,0.11132735013961792
1960,Lando  Norris ,0.1117222011089325
1961,Lando  Norris ,0.11313796043395996
1962,Lando  Norris ,0.11504650115966797
1963,Lando  Norris ,0.11702615022659302
1964,Lando  Norris ,0.11880713701248169
1965,Lando  Norris ,0.1202724277973175
1966,Lando  Norris ,0.12140782177448273
1967,Lando  Norris ,0.12225112318992615
1968,Lando  Norris ,0.12285834550857544
1969,Lando  Norris ,0.12328538298606873
1970,Lando  Norris ,0.12358018755912781
1971,Lando  Norris ,0.12378071248531342
1972,Lando  Norris ,0.12391547858715057
1973,Lando  Norris ,0.12400522828102112
1974,Lando  Norris ,0.12406456470489502
1975,Lando  Norris ,0.12410372495651245
1976,Lando  Norris ,0.12412956357002258
1977,Lando  Norris ,0.1241467148065567
1978,Lando  Norris ,0.12415832281112671
1979,Lando  Norris ,0.12416647374629974
1980,Lando  Norris ,0.12417250871658325
1981,Lando  Norris ,0.12417738139629364
1982,Lando  Norris ,0.12418168783187866
1983,Lando  Norris ,0.12418593466281891
1984,Lando  Norris ,0.12419039011001587
1985,Lando  Norris ,0.12419536709785461
1986,Lando  Norris ,0.12420117855072021
1987,Lando  Norris ,0.124208003282547
1988,Lando  Norris ,0.12421616911888123
1989,Lando  Norris ,0.12422600388526917
1990,Lando  Norris ,0.12423786520957947
1991,Lando  Norris ,0.12425224483013153
1992,Lando  Norris ,0.12426966428756714
1993,Lando  Norris ,0.12429077923297882
1994,Lando  Norris ,0.12431645393371582
1995,Lando  Norris ,0.12434759736061096
1996,Lando  Norris ,0.12438550591468811
1997,Lando  Norris ,0.12443161010742188
1998,Lando  Norris ,0.12448780238628387
1999,Lando  Norris ,0.12455624341964722
2000,Lando  Norris ,0.12463982403278351
2001,Lando  Norris ,0.12474176287651062
2002,Lando  Norris ,0.12486627697944641
2003,Lando  Norris ,0.12501828372478485
2004,Lando  Norris ,0.12520375847816467
2005,Lando  Norris ,0.12542961537837982
2006,Lando  Norris ,0.12570402026176453
2007,Lando  Norris ,0.1260358691215515
2008,Lando  Norris ,0.12643444538116455
2009,Lando  Norris ,0.12690779566764832
2010,Lando  Norris ,0.12745866179466248
2011,Lando  Norris ,0.12807489931583405
2012,Lando  Norris ,0.12870918214321136
2013,Lando  Norris ,0.1292428970336914
2014,Lando  Norris ,0.12944702804088593
2015,Lando  Norris ,0.1290244460105896
2016,Lando  Norris ,0.1280456781387329
2017,Lando  Norris ,0.1286955028772354
2018,Lando  Norris ,0.14015565812587738
2019,Lando  Norris ,0.2583064138889313
2020,Lando  Norris ,0.33296534419059753
2021,Lando  Norris ,0.4188513457775116
2022,Lando  Norris ,0.40917330980300903
2023,Lando  Norris ,0.4592677652835846
2024,Lando  Norris ,0.34935635328292847
2025,Lando  Norris ,0.21967589855194092
2026,Lando  Norris ,0.06330840289592743
2027,Lando  Norris ,0.03719312697649002
2028,Lando  Norris ,0.03296095132827759
2029,Lando  Norris ,0.032278597354888916
2030,Lando  Norris ,0.0321686714887619
1958,Lella  Lombardi ,0.11339117586612701
1959,Lella  Lombardi ,0.11136351525783539
1960,Lella  Lombardi ,0.1117752194404602
1961,Lella  Lombardi ,0.1132088303565979
1962,Lella  Lombardi ,0.11513788998126984
1963,Lella  Lombardi ,0.11714133620262146
1964,Lella  Lombardi ,0.11894881725311279
1965,Lella  Lombardi ,0.12044134736061096
1966,Lella  Lombardi ,0.1215992271900177
1967,Lella  Lombardi ,0.1224483996629715
1968,Lella  Lombardi ,0.12302061915397644
1969,Lella  Lombardi ,0.12332716584205627
1970,Lella  Lombardi ,0.12334571778774261
1971,Lella  Lombardi ,0.1230367124080658
1972,Lella  Lombardi ,0.12246114015579224
1973,Lella  Lombardi ,0.12203183770179749
1974,Lella  Lombardi ,0.12485939264297485
1975,Lella  Lombardi ,0.10717940330505371
1976,Lella  Lombardi ,0.12254741787910461
1977,Lella  Lombardi ,0.12265755236148834
1978,Lella  Lombardi ,0.12418729066848755
1979,Lella  Lombardi ,0.12493842840194702
1980,Lella  Lombardi ,0.12511810660362244
1981,Lella  Lombardi ,0.12501481175422668
1982,Lella  Lombardi ,0.1248253583908081
1983,Lella  Lombardi ,0.12464207410812378
1984,Lella  Lombardi ,0.12449607253074646
1985,Lella  Lombardi ,0.12439057230949402
1986,Lella  Lombardi ,0.12431895732879639
1987,Lella  Lombardi ,0.12427286803722382
1988,Lella  Lombardi ,0.12424498796463013
1989,Lella  Lombardi ,0.12422975897789001
1990,Lella  Lombardi ,0.12422332167625427
1991,Lella  Lombardi ,0.12422317266464233
1992,Lella  Lombardi ,0.12422767281532288
1993,Lella  Lombardi ,0.12423598766326904
1994,Lella  Lombardi ,0.12424774467945099
1995,Lella  Lombardi ,0.12426303327083588
1996,Lella  Lombardi ,0.1242821216583252
1997,Lella  Lombardi ,0.12430556118488312
1998,Lella  Lombardi ,0.1243341863155365
1999,Lella  Lombardi ,0.12436899542808533
2000,Lella  Lombardi ,0.12441131472587585
2001,Lella  Lombardi ,0.12446275353431702
2002,Lella  Lombardi ,0.12452530860900879
2003,Lella  Lombardi ,0.12460148334503174
2004,Lella  Lombardi ,0.12469425797462463
2005,Lella  Lombardi ,0.12480734288692474
2006,Lella  Lombardi ,0.12494528293609619
2007,Lella  Lombardi ,0.1251136064529419
2008,Lella  Lombardi ,0.12531892955303192
2009,Lella  Lombardi ,0.12556909024715424
2010,Lella  Lombardi ,0.12587302923202515
2011,Lella  Lombardi ,0.12624028325080872
2012,Lella  Lombardi ,0.12667980790138245
2013,Lella  Lombardi ,0.12719719111919403
2014,Lella  Lombardi ,0.1277894377708435
2015,Lella  Lombardi ,0.12843531370162964
2016,Lella  Lombardi ,0.12907952070236206
2017,Lella  Lombardi ,0.1296088695526123
2018,Lella  Lombardi ,0.1298215091228485
2019,Lella  Lombardi ,0.12939642369747162
2020,Lella  Lombardi ,0.12786978483200073
2021,Lella  Lombardi ,0.12457975745201111
2022,Lella  Lombardi ,0.11832526326179504
2023,Lella  Lombardi ,0.10611216723918915
2024,Lella  Lombardi ,0.08146984875202179
2025,Lella  Lombardi ,0.039903052151203156
2026,Lella  Lombardi ,-0.06969387829303741
2027,Lella  Lombardi ,-0.07349970936775208
2028,Lella  Lombardi ,-0.07349970936775208
2029,Lella  Lombardi ,-0.07349970936775208
2030,Lella  Lombardi ,-0.07349970936775208
1958,Lewis  Hamilton ,0.11337605118751526
1959,Lewis  Hamilton ,0.11132818460464478
1960,Lewis  Hamilton ,0.11172342300415039
1961,Lewis  Hamilton ,0.11313962936401367
1962,Lewis  Hamilton ,0.11504858732223511
1963,Lewis  Hamilton ,0.11702883243560791
1964,Lewis  Hamilton ,0.11881044507026672
1965,Lewis  Hamilton ,0.12027651071548462
1966,Lewis  Hamilton ,0.12141281366348267
1967,Lewis  Hamilton ,0.12225723266601562
1968,Lewis  Hamilton ,0.12286579608917236
1969,Lewis  Hamilton ,0.12329444289207458
1970,Lewis  Hamilton ,0.12359116971492767
1971,Lewis  Hamilton ,0.12379403412342072
1972,Lewis  Hamilton ,0.12393161654472351
1973,Lewis  Hamilton ,0.12402477860450745
1974,Lewis  Hamilton ,0.1240883320569992
1975,Lewis  Hamilton ,0.12413245439529419
1976,Lewis  Hamilton ,0.12416437268257141
1977,Lewis  Hamilton ,0.1241888701915741
1978,Lewis  Hamilton ,0.1242094337940216
1979,Lewis  Hamilton ,0.12422841787338257
1980,Lewis  Hamilton ,0.12424758076667786
1981,Lewis  Hamilton ,0.12426844239234924
1982,Lewis  Hamilton ,0.12429213523864746
1983,Lewis  Hamilton ,0.12431992590427399
1984,Lewis  Hamilton ,0.12435305118560791
1985,Lewis  Hamilton ,0.12439295649528503
1986,Lewis  Hamilton ,0.12444126605987549
1987,Lewis  Hamilton ,0.12449997663497925
1988,Lewis  Hamilton ,0.12457138299942017
1989,Lewis  Hamilton ,0.12465833127498627
1990,Lewis  Hamilton ,0.12476423382759094
1991,Lewis  Hamilton ,0.12489306926727295
1992,Lewis  Hamilton ,0.12504956126213074
1993,Lewis  Hamilton ,0.12523908913135529
1994,Lewis  Hamilton ,0.12546756863594055
1995,Lewis  Hamilton ,0.12574130296707153
1996,Lewis  Hamilton ,0.1260661780834198
1997,Lewis  Hamilton ,0.12644606828689575
1998,Lewis  Hamilton ,0.12687845528125763
1999,Lewis  Hamilton ,0.12734395265579224
2000,Lewis  Hamilton ,0.12778344750404358
2001,Lewis  Hamilton ,0.12805773317813873
2002,Lewis  Hamilton ,0.12790624797344208
2003,Lewis  Hamilton ,0.12701979279518127
2004,Lewis  Hamilton ,0.12564575672149658
2005,Lewis  Hamilton ,0.12702681124210358
2006,Lewis  Hamilton ,0.14020249247550964
2007,Lewis  Hamilton ,0.3817475140094757
2008,Lewis  Hamilton ,0.4228459894657135
2009,Lewis  Hamilton ,0.35769346356391907
2010,Lewis  Hamilton ,0.5006915330886841
2011,Lewis  Hamilton ,0.5032479763031006
2012,Lewis  Hamilton ,0.48941877484321594
2013,Lewis  Hamilton ,0.5032597780227661
2014,Lewis  Hamilton ,0.7300846576690674
2015,Lewis  Hamilton ,0.774315595626831
2016,Lewis  Hamilton ,0.7713747024536133
2017,Lewis  Hamilton ,0.7745639085769653
2018,Lewis  Hamilton ,0.814155101776123
2019,Lewis  Hamilton ,0.82625412940979
2020,Lewis  Hamilton ,0.7701278924942017
2021,Lewis  Hamilton ,0.7687853574752808
2022,Lewis  Hamilton ,0.5797667503356934
2023,Lewis  Hamilton ,0.5501201152801514
2024,Lewis  Hamilton ,0.277633935213089
2025,Lewis  Hamilton ,0.15866126120090485
2026,Lewis  Hamilton ,0.0509742796421051
2027,Lewis  Hamilton ,0.03331129252910614
2028,Lewis  Hamilton ,0.030474364757537842
2029,Lewis  Hamilton ,0.030020304024219513
2030,Lewis  Hamilton ,0.029947660863399506
1958,Liam  Lawson ,0.1133757084608078
1959,Liam  Lawson ,0.11132732033729553
1960,Liam  Lawson ,0.11172212660312653
1961,Liam  Lawson ,0.1131378710269928
1962,Liam  Lawson ,0.11504636704921722
1963,Liam  Lawson ,0.11702601611614227
1964,Liam  Lawson ,0.11880692839622498
1965,Liam  Lawson ,0.12027221918106079
1966,Liam  Lawson ,0.12140750885009766
1967,Liam  Lawson ,0.12225078046321869
1968,Liam  Lawson ,0.12285792827606201
1969,Liam  Lawson ,0.12328486144542694
1970,Liam  Lawson ,0.12357953190803528
1971,Liam  Lawson ,0.12377992272377014
1972,Liam  Lawson ,0.12391453981399536
1973,Liam  Lawson ,0.124004065990448
1974,Liam  Lawson ,0.12406319379806519
1975,Liam  Lawson ,0.12410202622413635
1976,Liam  Lawson ,0.12412749230861664
1977,Liam  Lawson ,0.12414421141147614
1978,Liam  Lawson ,0.12415526807308197
1979,Liam  Lawson ,0.12416276335716248
1980,Liam  Lawson ,0.12416806817054749
1981,Liam  Lawson ,0.12417198717594147
1982,Liam  Lawson ,0.12417513132095337
1983,Liam  Lawson ,0.12417799234390259
1984,Liam  Lawson ,0.12418076395988464
1985,Liam  Lawson ,0.1241837739944458
1986,Liam  Lawson ,0.12418708205223083
1987,Liam  Lawson ,0.12419092655181885
1988,Liam  Lawson ,0.12419548630714417
1989,Liam  Lawson ,0.12420094013214111
1990,Liam  Lawson ,0.1242075115442276
1991,Liam  Lawson ,0.12421542406082153
1992,Liam  Lawson ,0.12422499060630798
1993,Liam  Lawson ,0.12423655390739441
1994,Liam  Lawson ,0.1242506206035614
1995,Liam  Lawson ,0.12426762282848358
1996,Liam  Lawson ,0.12428827583789825
1997,Liam  Lawson ,0.12431332468986511
1998,Liam  Lawson ,0.12434373795986176
1999,Liam  Lawson ,0.1243806779384613
2000,Liam  Lawson ,0.12442556023597717
2001,Liam  Lawson ,0.12448018789291382
2002,Liam  Lawson ,0.12454672157764435
2003,Liam  Lawson ,0.12462781369686127
2004,Liam  Lawson ,0.12472674250602722
2005,Liam  Lawson ,0.12484756112098694
2006,Liam  Lawson ,0.1249951720237732
2007,Liam  Lawson ,0.12517565488815308
2008,Liam  Lawson ,0.12539619207382202
2009,Liam  Lawson ,0.12566527724266052
2010,Liam  Lawson ,0.12599250674247742
2011,Liam  Lawson ,0.12638789415359497
2012,Liam  Lawson ,0.1268601417541504
2013,Liam  Lawson ,0.12741313874721527
2014,Liam  Lawson ,0.12803874909877777
2015,Liam  Lawson ,0.12870389223098755
2016,Liam  Lawson ,0.12932896614074707
2017,Liam  Lawson ,0.12975852191448212
2018,Liam  Lawson ,0.12973496317863464
2019,Liam  Lawson ,0.12892082333564758
2020,Liam  Lawson ,0.12707361578941345
2021,Liam  Lawson ,0.12448056042194366
2022,Liam  Lawson ,0.1223720908164978
2023,Liam  Lawson ,0.11390125751495361
2024,Liam  Lawson ,0.08470815420150757
2025,Liam  Lawson ,0.039903052151203156
2026,Liam  Lawson ,-0.06969387829303741
2027,Liam  Lawson ,-0.07349970936775208
2028,Liam  Lawson ,-0.07349970936775208
2029,Liam  Lawson ,-0.07349970936775208
2030,Liam  Lawson ,-0.07349970936775208
1958,Logan  Sargeant ,0.11337573826313019
1959,Logan  Sargeant ,0.11132732033729553
1960,Logan  Sargeant ,0.11172214150428772
1961,Logan  Sargeant ,0.1131378710269928
1962,Logan  Sargeant ,0.11504636704921722
1963,Logan  Sargeant ,0.11702603101730347
1964,Logan  Sargeant ,0.11880692839622498
1965,Logan  Sargeant ,0.1202721893787384
1966,Logan  Sargeant ,0.12140750885009766
1967,Logan  Sargeant ,0.1222507655620575
1968,Logan  Sargeant ,0.1228579431772232
1969,Logan  Sargeant ,0.12328489124774933
1970,Logan  Sargeant ,0.12357959151268005
1971,Logan  Sargeant ,0.12377998232841492
1972,Logan  Sargeant ,0.12391458451747894
1973,Logan  Sargeant ,0.12400415539741516
1974,Logan  Sargeant ,0.12406329810619354
1975,Logan  Sargeant ,0.1241021454334259
1976,Logan  Sargeant ,0.12412762641906738
1977,Logan  Sargeant ,0.12414436042308807
1978,Logan  Sargeant ,0.12415547668933868
1979,Logan  Sargeant ,0.12416304647922516
1980,Logan  Sargeant ,0.12416836619377136
1981,Logan  Sargeant ,0.12417232990264893
1982,Logan  Sargeant ,0.12417557835578918
1983,Logan  Sargeant ,0.12417852878570557
1984,Logan  Sargeant ,0.12418138980865479
1985,Logan  Sargeant ,0.1241845190525055
1986,Logan  Sargeant ,0.12418800592422485
1987,Logan  Sargeant ,0.12419205904006958
1988,Logan  Sargeant ,0.124196857213974
1989,Logan  Sargeant ,0.12420260906219482
1990,Logan  Sargeant ,0.12420950829982758
1991,Logan  Sargeant ,0.12421785295009613
1992,Logan  Sargeant ,0.12422795593738556
1993,Logan  Sargeant ,0.12424015998840332
1994,Logan  Sargeant ,0.12425497174263
1995,Logan  Sargeant ,0.12427294254302979
1996,Logan  Sargeant ,0.1242946982383728
1997,Logan  Sargeant ,0.12432113289833069
1998,Logan  Sargeant ,0.12435325980186462
1999,Logan  Sargeant ,0.12439224123954773
2000,Logan  Sargeant ,0.12443971633911133
2001,Logan  Sargeant ,0.12449750304222107
2002,Logan  Sargeant ,0.1245679259300232
2003,Logan  Sargeant ,0.1246538758277893
2004,Logan  Sargeant ,0.12475882470607758
2005,Logan  Sargeant ,0.1248871386051178
2006,Logan  Sargeant ,0.12504419684410095
2007,Logan  Sargeant ,0.12523646652698517
2008,Logan  Sargeant ,0.1254718005657196
2009,Logan  Sargeant ,0.12575945258140564
2010,Logan  Sargeant ,0.1261097639799118
2011,Logan  Sargeant ,0.12653355300426483
2012,Logan  Sargeant ,0.12704011797904968
2013,Logan  Sargeant ,0.12763333320617676
2014,Logan  Sargeant ,0.12830355763435364
2015,Logan  Sargeant ,0.12901335954666138
2016,Logan  Sargeant ,0.12967389822006226
2017,Logan  Sargeant ,0.13011324405670166
2018,Logan  Sargeant ,0.1300508677959442
2019,Logan  Sargeant ,0.1291312575340271
2020,Logan  Sargeant ,0.1271369457244873
2021,Logan  Sargeant ,0.12448090314865112
2022,Logan  Sargeant ,0.12258194386959076
2023,Logan  Sargeant ,0.10723190009593964
2024,Logan  Sargeant ,0.08834405243396759
2025,Logan  Sargeant ,0.05491770803928375
2026,Logan  Sargeant ,0.02459133416414261
2027,Logan  Sargeant ,0.019877508282661438
2028,Logan  Sargeant ,0.019149236381053925
2029,Logan  Sargeant ,0.019036829471588135
2030,Logan  Sargeant ,0.019019484519958496
1958,Lorenzo  Bandini ,0.11115880310535431
1959,Lorenzo  Bandini ,0.10753324627876282
1960,Lorenzo  Bandini ,0.1060938835144043
1961,Lorenzo  Bandini ,0.11087001860141754
1962,Lorenzo  Bandini ,0.18573644757270813
1963,Lorenzo  Bandini ,0.22291132807731628
1964,Lorenzo  Bandini ,0.2899692952632904
1965,Lorenzo  Bandini ,0.2670389413833618
1966,Lorenzo  Bandini ,0.2420964539051056
1967,Lorenzo  Bandini ,0.11872890591621399
1968,Lorenzo  Bandini ,0.11788883805274963
1969,Lorenzo  Bandini ,0.1230170726776123
1970,Lorenzo  Bandini ,0.12649302184581757
1971,Lorenzo  Bandini ,0.12762272357940674
1972,Lorenzo  Bandini ,0.12746155261993408
1973,Lorenzo  Bandini ,0.12682673335075378
1974,Lorenzo  Bandini ,0.12613791227340698
1975,Lorenzo  Bandini ,0.12555569410324097
1976,Lorenzo  Bandini ,0.1251145601272583
1977,Lorenzo  Bandini ,0.12479978799819946
1978,Lorenzo  Bandini ,0.12458336353302002
1979,Lorenzo  Bandini ,0.12443843483924866
1980,Lorenzo  Bandini ,0.12434341013431549
1981,Lorenzo  Bandini ,0.12428221106529236
1982,Lorenzo  Bandini ,0.12424375116825104
1983,Lorenzo  Bandini ,0.12422016263008118
1984,Lorenzo  Bandini ,0.12420634925365448
1985,Lorenzo  Bandini ,0.12419894337654114
1986,Lorenzo  Bandini ,0.12419581413269043
1987,Lorenzo  Bandini ,0.1241956502199173
1988,Lorenzo  Bandini ,0.12419763207435608
1989,Lorenzo  Bandini ,0.12420138716697693
1990,Lorenzo  Bandini ,0.12420675158500671
1991,Lorenzo  Bandini ,0.12421374022960663
1992,Lorenzo  Bandini ,0.12422248721122742
1993,Lorenzo  Bandini ,0.12423326075077057
1994,Lorenzo  Bandini ,0.12424641847610474
1995,Lorenzo  Bandini ,0.12426243722438812
1996,Lorenzo  Bandini ,0.12428192794322968
1997,Lorenzo  Bandini ,0.12430553138256073
1998,Lorenzo  Bandini ,0.12433423101902008
1999,Lorenzo  Bandini ,0.1243690550327301
2000,Lorenzo  Bandini ,0.12441137433052063
2001,Lorenzo  Bandini ,0.12446281313896179
2002,Lorenzo  Bandini ,0.12452533841133118
2003,Lorenzo  Bandini ,0.12460151314735413
2004,Lorenzo  Bandini ,0.12469428777694702
2005,Lorenzo  Bandini ,0.12480737268924713
2006,Lorenzo  Bandini ,0.12494528293609619
2007,Lorenzo  Bandini ,0.1251136064529419
2008,Lorenzo  Bandini ,0.12531894445419312
2009,Lorenzo  Bandini ,0.12556910514831543
2010,Lorenzo  Bandini ,0.12587302923202515
2011,Lorenzo  Bandini ,0.1262403130531311
2012,Lorenzo  Bandini ,0.12667983770370483
2013,Lorenzo  Bandini ,0.12719720602035522
2014,Lorenzo  Bandini ,0.1277894377708435
2015,Lorenzo  Bandini ,0.12843531370162964
2016,Lorenzo  Bandini ,0.12907952070236206
2017,Lorenzo  Bandini ,0.1296088695526123
2018,Lorenzo  Bandini ,0.1298215091228485
2019,Lorenzo  Bandini ,0.12939642369747162
2020,Lorenzo  Bandini ,0.12786978483200073
2021,Lorenzo  Bandini ,0.12457975745201111
2022,Lorenzo  Bandini ,0.11832524836063385
2023,Lorenzo  Bandini ,0.10611218214035034
2024,Lorenzo  Bandini ,0.08146986365318298
2025,Lorenzo  Bandini ,0.039903052151203156
2026,Lorenzo  Bandini ,-0.06969387829303741
2027,Lorenzo  Bandini ,-0.07349970936775208
2028,Lorenzo  Bandini ,-0.07349970936775208
2029,Lorenzo  Bandini ,-0.07349970936775208
2030,Lorenzo  Bandini ,-0.07349970936775208
1958,Luca  Badoer ,0.11337575316429138
1959,Luca  Badoer ,0.11132733523845673
1960,Luca  Badoer ,0.11172217130661011
1961,Luca  Badoer ,0.11313796043395996
1962,Luca  Badoer ,0.11504647135734558
1963,Luca  Badoer ,0.11702613532543182
1964,Luca  Badoer ,0.1188071072101593
1965,Luca  Badoer ,0.12027239799499512
1966,Luca  Badoer ,0.12140777707099915
1967,Luca  Badoer ,0.12225107848644257
1968,Luca  Badoer ,0.12285828590393066
1969,Luca  Badoer ,0.12328530848026276
1970,Luca  Badoer ,0.12358006834983826
1971,Luca  Badoer ,0.12378057837486267
1972,Luca  Badoer ,0.12391531467437744
1973,Luca  Badoer ,0.1240050196647644
1974,Luca  Badoer ,0.1240643560886383
1975,Luca  Badoer ,0.12410339713096619
1976,Luca  Badoer ,0.12412917613983154
1977,Luca  Badoer ,0.1241462379693985
1978,Luca  Badoer ,0.12415777146816254
1979,Luca  Badoer ,0.12416580319404602
1980,Luca  Badoer ,0.12417170405387878
1981,Luca  Badoer ,0.12417641282081604
1982,Luca  Badoer ,0.12418052554130554
1983,Luca  Badoer ,0.12418453395366669
1984,Luca  Badoer ,0.12418876588344574
1985,Luca  Badoer ,0.124193474650383
1986,Luca  Badoer ,0.12419892847537994
1987,Luca  Badoer ,0.12420545518398285
1988,Luca  Badoer ,0.12421327829360962
1989,Luca  Badoer ,0.1242227852344513
1990,Luca  Badoer ,0.12423443794250488
1991,Luca  Badoer ,0.12424866855144501
1992,Luca  Badoer ,0.12426616251468658
1993,Luca  Badoer ,0.12428764998912811
1994,Luca  Badoer ,0.12431401014328003
1995,Luca  Badoer ,0.12434633076190948
1996,Luca  Badoer ,0.12438561022281647
1997,Luca  Badoer ,0.12443280220031738
1998,Luca  Badoer ,0.12448841333389282
1999,Luca  Badoer ,0.12455150485038757
2000,Luca  Badoer ,0.12461784482002258
2001,Luca  Badoer ,0.12467646598815918
2002,Luca  Badoer ,0.12470275163650513
2003,Luca  Badoer ,0.12464842200279236
2004,Luca  Badoer ,0.12443149089813232
2005,Luca  Badoer ,0.1239469051361084
2006,Luca  Badoer ,0.12317134439945221
2007,Luca  Badoer ,0.12238259613513947
2008,Luca  Badoer ,0.1244562417268753
2009,Luca  Badoer ,0.09846770763397217
2010,Luca  Badoer ,0.12201085686683655
2011,Luca  Badoer ,0.12355208396911621
2012,Luca  Badoer ,0.12627685070037842
2013,Luca  Badoer ,0.12788385152816772
2014,Luca  Badoer ,0.12877939641475677
2015,Luca  Badoer ,0.12934868037700653
2016,Luca  Badoer ,0.129794642329216
2017,Luca  Badoer ,0.13012297451496124
2018,Luca  Badoer ,0.13017256557941437
2019,Luca  Badoer ,0.129627987742424
2020,Luca  Badoer ,0.12801861763000488
2021,Luca  Badoer ,0.12467347085475922
2022,Luca  Badoer ,0.11838319897651672
2023,Luca  Badoer ,0.10614731907844543
2024,Luca  Badoer ,0.08149048686027527
2025,Luca  Badoer ,0.039903052151203156
2026,Luca  Badoer ,-0.06969387829303741
2027,Luca  Badoer ,-0.07349970936775208
2028,Luca  Badoer ,-0.07349970936775208
2029,Luca  Badoer ,-0.07349970936775208
2030,Luca  Badoer ,-0.07349970936775208
1958,Lucas  di Grassi ,0.11337575316429138
1959,Lucas  di Grassi ,0.11132732033729553
1960,Lucas  di Grassi ,0.11172217130661011
1961,Lucas  di Grassi ,0.11313794553279877
1962,Lucas  di Grassi ,0.11504645645618439
1963,Lucas  di Grassi ,0.11702610552310944
1964,Lucas  di Grassi ,0.11880704760551453
1965,Lucas  di Grassi ,0.12027232348918915
1966,Lucas  di Grassi ,0.12140771746635437
1967,Lucas  di Grassi ,0.1222510039806366
1968,Lucas  di Grassi ,0.1228582113981247
1969,Lucas  di Grassi ,0.1232852041721344
1970,Lucas  di Grassi ,0.1235799789428711
1971,Lucas  di Grassi ,0.12378042936325073
1972,Lucas  di Grassi ,0.1239151656627655
1973,Lucas  di Grassi ,0.12400484085083008
1974,Lucas  di Grassi ,0.1240641176700592
1975,Lucas  di Grassi ,0.12410315871238708
1976,Lucas  di Grassi ,0.12412884831428528
1977,Lucas  di Grassi ,0.12414586544036865
1978,Lucas  di Grassi ,0.12415727972984314
1979,Lucas  di Grassi ,0.12416520714759827
1980,Lucas  di Grassi ,0.12417095899581909
1981,Lucas  di Grassi ,0.1241755485534668
1982,Lucas  di Grassi ,0.12417948246002197
1983,Lucas  di Grassi ,0.12418323755264282
1984,Lucas  di Grassi ,0.12418718636035919
1985,Lucas  di Grassi ,0.12419155240058899
1986,Lucas  di Grassi ,0.12419657409191132
1987,Lucas  di Grassi ,0.12420253455638885
1988,Lucas  di Grassi ,0.1242096871137619
1989,Lucas  di Grassi ,0.12421832978725433
1990,Lucas  di Grassi ,0.12422886490821838
1991,Lucas  di Grassi ,0.12424173951148987
1992,Lucas  di Grassi ,0.12425753474235535
1993,Lucas  di Grassi ,0.12427689135074615
1994,Lucas  di Grassi ,0.12430070340633392
1995,Lucas  di Grassi ,0.12432992458343506
1996,Lucas  di Grassi ,0.12436576187610626
1997,Lucas  di Grassi ,0.12440940737724304
1998,Lucas  di Grassi ,0.12446203827857971
1999,Lucas  di Grassi ,0.1245243102312088
2000,Lucas  di Grassi ,0.12459564208984375
2001,Lucas  di Grassi ,0.12467250227928162
2002,Lucas  di Grassi ,0.1247459352016449
2003,Lucas  di Grassi ,0.12479718029499054
2004,Lucas  di Grassi ,0.12479260563850403
2005,Lucas  di Grassi ,0.12468221783638
2006,Lucas  di Grassi ,0.12441419064998627
2007,Lucas  di Grassi ,0.12400561571121216
2008,Lucas  di Grassi ,0.12353235483169556
2009,Lucas  di Grassi ,0.12465405464172363
2010,Lucas  di Grassi ,0.07761602103710175
2011,Lucas  di Grassi ,0.1231624186038971
2012,Lucas  di Grassi ,0.12582869827747345
2013,Lucas  di Grassi ,0.12805044651031494
2014,Lucas  di Grassi ,0.12904807925224304
2015,Lucas  di Grassi ,0.12959137558937073
2016,Lucas  di Grassi ,0.12997569143772125
2017,Lucas  di Grassi ,0.1302461177110672
2018,Lucas  di Grassi ,0.13025182485580444
2019,Lucas  di Grassi ,0.12967699766159058
2020,Lucas  di Grassi ,0.12804794311523438
2021,Lucas  di Grassi ,0.12469035387039185
2022,Lucas  di Grassi ,0.1183924674987793
2023,Lucas  di Grassi ,0.10615204274654388
2024,Lucas  di Grassi ,0.08149240911006927
2025,Lucas  di Grassi ,0.039903052151203156
2026,Lucas  di Grassi ,-0.06969387829303741
2027,Lucas  di Grassi ,-0.07349970936775208
2028,Lucas  di Grassi ,-0.07349970936775208
2029,Lucas  di Grassi ,-0.07349970936775208
2030,Lucas  di Grassi ,-0.07349970936775208
1958,Luciano  Burti ,0.11337579786777496
1959,Luciano  Burti ,0.11132752895355225
1960,Luciano  Burti ,0.11172248423099518
1961,Luciano  Burti ,0.11313833296298981
1962,Luciano  Burti ,0.11504697799682617
1963,Luciano  Burti ,0.11702677607536316
1964,Luciano  Burti ,0.11880789697170258
1965,Luciano  Burti ,0.1202733963727951
1966,Luciano  Burti ,0.12140895426273346
1967,Luciano  Burti ,0.12225255370140076
1968,Luciano  Burti ,0.12286010384559631
1969,Luciano  Burti ,0.12328751385211945
1970,Luciano  Burti ,0.12358275055885315
1971,Luciano  Burti ,0.12378382682800293
1972,Luciano  Burti ,0.12391926348209381
1973,Luciano  Burti ,0.12400984764099121
1974,Luciano  Burti ,0.1240701973438263
1975,Luciano  Burti ,0.12411053478717804
1976,Luciano  Burti ,0.12413784861564636
1977,Luciano  Burti ,0.12415686249732971
1978,Luciano  Burti ,0.12417075037956238
1979,Luciano  Burti ,0.12418170273303986
1980,Luciano  Burti ,0.12419125437736511
1981,Luciano  Burti ,0.12420052289962769
1982,Luciano  Burti ,0.12421032786369324
1983,Luciano  Burti ,0.12422144412994385
1984,Luciano  Burti ,0.12423458695411682
1985,Luciano  Burti ,0.12425042688846588
1986,Luciano  Burti ,0.12426966428756714
1987,Luciano  Burti ,0.12429291009902954
1988,Luciano  Burti ,0.12432056665420532
1989,Luciano  Burti ,0.12435230612754822
1990,Luciano  Burti ,0.12438641488552094
1991,Luciano  Burti ,0.12441779673099518
1992,Luciano  Burti ,0.12443512678146362
1993,Luciano  Burti ,0.12441535294055939
1994,Luciano  Burti ,0.12431672215461731
1995,Luciano  Burti ,0.12407398223876953
1996,Luciano  Burti ,0.12361383438110352
1997,Luciano  Burti ,0.12295067310333252
1998,Luciano  Burti ,0.12231487035751343
1999,Luciano  Burti ,0.12427780032157898
2000,Luciano  Burti ,0.09142901003360748
2001,Luciano  Burti ,0.12179231643676758
2002,Luciano  Burti ,0.12308384478092194
2003,Luciano  Burti ,0.12490488588809967
2004,Luciano  Burti ,0.1256554275751114
2005,Luciano  Burti ,0.12584543228149414
2006,Luciano  Burti ,0.12581592798233032
2007,Luciano  Burti ,0.12576302886009216
2008,Luciano  Burti ,0.12577182054519653
2009,Luciano  Burti ,0.1258714646100998
2010,Luciano  Burti ,0.12606865167617798
2011,Luciano  Burti ,0.1263636350631714
2012,Luciano  Burti ,0.12675581872463226
2013,Luciano  Burti ,0.12724295258522034
2014,Luciano  Burti ,0.1278163343667984
2015,Luciano  Burti ,0.1284506618976593
2016,Luciano  Burti ,0.12908798456192017
2017,Luciano  Burti ,0.12961332499980927
2018,Luciano  Burti ,0.1298237442970276
2019,Luciano  Burti ,0.12939739227294922
2020,Luciano  Burti ,0.127870112657547
2021,Luciano  Burti ,0.1245797872543335
2022,Luciano  Burti ,0.1183251291513443
2023,Luciano  Burti ,0.10611201822757721
2024,Luciano  Burti ,0.08146969974040985
2025,Luciano  Burti ,0.039903052151203156
2026,Luciano  Burti ,-0.06969387829303741
2027,Luciano  Burti ,-0.07349970936775208
2028,Luciano  Burti ,-0.07349970936775208
2029,Luciano  Burti ,-0.07349970936775208
2030,Luciano  Burti ,-0.07349970936775208
1958,Lucien  Bianchi ,0.11063370108604431
1959,Lucien  Bianchi ,0.1109219491481781
1960,Lucien  Bianchi ,0.09739738702774048
1961,Lucien  Bianchi ,0.10744549334049225
1962,Lucien  Bianchi ,0.11402961611747742
1963,Lucien  Bianchi ,0.13858869671821594
1964,Lucien  Bianchi ,0.11868996918201447
1965,Lucien  Bianchi ,0.11726702749729156
1966,Lucien  Bianchi ,0.11937537789344788
1967,Lucien  Bianchi ,0.12551471590995789
1968,Lucien  Bianchi ,0.14673945307731628
1969,Lucien  Bianchi ,0.12544536590576172
1970,Lucien  Bianchi ,0.12285172939300537
1971,Lucien  Bianchi ,0.12382420897483826
1972,Lucien  Bianchi ,0.1247255951166153
1973,Lucien  Bianchi ,0.12507447600364685
1974,Lucien  Bianchi ,0.1250598430633545
1975,Lucien  Bianchi ,0.12489709258079529
1976,Lucien  Bianchi ,0.12470942735671997
1977,Lucien  Bianchi ,0.12454785406589508
1978,Lucien  Bianchi ,0.12442517280578613
1979,Lucien  Bianchi ,0.12433835864067078
1980,Lucien  Bianchi ,0.12427976727485657
1981,Lucien  Bianchi ,0.1242416501045227
1982,Lucien  Bianchi ,0.12421776354312897
1983,Lucien  Bianchi ,0.12420345842838287
1984,Lucien  Bianchi ,0.12419559061527252
1985,Lucien  Bianchi ,0.12419196963310242
1986,Lucien  Bianchi ,0.1241912692785263
1987,Lucien  Bianchi ,0.12419268488883972
1988,Lucien  Bianchi ,0.12419569492340088
1989,Lucien  Bianchi ,0.12420010566711426
1990,Lucien  Bianchi ,0.12420590221881866
1991,Lucien  Bianchi ,0.12421318888664246
1992,Lucien  Bianchi ,0.12422211468219757
1993,Lucien  Bianchi ,0.12423302233219147
1994,Lucien  Bianchi ,0.1242462694644928
1995,Lucien  Bianchi ,0.12426234781742096
1996,Lucien  Bianchi ,0.1242818534374237
1997,Lucien  Bianchi ,0.12430548667907715
1998,Lucien  Bianchi ,0.1243341863155365
1999,Lucien  Bianchi ,0.1243690550327301
2000,Lucien  Bianchi ,0.12441135942935944
2001,Lucien  Bianchi ,0.12446282804012299
2002,Lucien  Bianchi ,0.12452533841133118
2003,Lucien  Bianchi ,0.12460151314735413
2004,Lucien  Bianchi ,0.12469427287578583
2005,Lucien  Bianchi ,0.12480735778808594
2006,Lucien  Bianchi ,0.12494531273841858
2007,Lucien  Bianchi ,0.1251136064529419
2008,Lucien  Bianchi ,0.12531894445419312
2009,Lucien  Bianchi ,0.12556907534599304
2010,Lucien  Bianchi ,0.12587301433086395
2011,Lucien  Bianchi ,0.12624028325080872
2012,Lucien  Bianchi ,0.12667980790138245
2013,Lucien  Bianchi ,0.12719719111919403
2014,Lucien  Bianchi ,0.1277894526720047
2015,Lucien  Bianchi ,0.12843532860279083
2016,Lucien  Bianchi ,0.12907952070236206
2017,Lucien  Bianchi ,0.1296088695526123
2018,Lucien  Bianchi ,0.1298215091228485
2019,Lucien  Bianchi ,0.12939642369747162
2020,Lucien  Bianchi ,0.12786979973316193
2021,Lucien  Bianchi ,0.12457975745201111
2022,Lucien  Bianchi ,0.11832524836063385
2023,Lucien  Bianchi ,0.10611218214035034
2024,Lucien  Bianchi ,0.08146984875202179
2025,Lucien  Bianchi ,0.039903052151203156
2026,Lucien  Bianchi ,-0.06969387829303741
2027,Lucien  Bianchi ,-0.07349970936775208
2028,Lucien  Bianchi ,-0.07349970936775208
2029,Lucien  Bianchi ,-0.07349970936775208
2030,Lucien  Bianchi ,-0.07349970936775208
1958,Ludovico  Scarfiotti ,0.11294624209403992
1959,Ludovico  Scarfiotti ,0.1104569137096405
1960,Ludovico  Scarfiotti ,0.10988867282867432
1961,Ludovico  Scarfiotti ,0.11077693104743958
1962,Ludovico  Scarfiotti ,0.11701184511184692
1963,Ludovico  Scarfiotti ,0.16432997584342957
1964,Ludovico  Scarfiotti ,0.11590781807899475
1965,Ludovico  Scarfiotti ,0.11827999353408813
1966,Ludovico  Scarfiotti ,0.21751722693443298
1967,Ludovico  Scarfiotti ,0.12787538766860962
1968,Ludovico  Scarfiotti ,0.18019632995128632
1969,Ludovico  Scarfiotti ,0.12448206543922424
1970,Ludovico  Scarfiotti ,0.12233822047710419
1971,Ludovico  Scarfiotti ,0.1247454583644867
1972,Ludovico  Scarfiotti ,0.126382976770401
1973,Ludovico  Scarfiotti ,0.12677395343780518
1974,Ludovico  Scarfiotti ,0.12648379802703857
1975,Ludovico  Scarfiotti ,0.12597303092479706
1976,Ludovico  Scarfiotti ,0.125474750995636
1977,Ludovico  Scarfiotti ,0.125071719288826
1978,Ludovico  Scarfiotti ,0.12477445602416992
1979,Ludovico  Scarfiotti ,0.12456676363945007
1980,Ludovico  Scarfiotti ,0.12442681193351746
1981,Ludovico  Scarfiotti ,0.12433505058288574
1982,Ludovico  Scarfiotti ,0.12427636981010437
1983,Ludovico  Scarfiotti ,0.12423986196517944
1984,Ludovico  Scarfiotti ,0.1242179274559021
1985,Ludovico  Scarfiotti ,0.1242055594921112
1986,Ludovico  Scarfiotti ,0.12419946491718292
1987,Ludovico  Scarfiotti ,0.12419754266738892
1988,Ludovico  Scarfiotti ,0.12419857084751129
1989,Ludovico  Scarfiotti ,0.12420180439949036
1990,Ludovico  Scarfiotti ,0.12420688569545746
1991,Ludovico  Scarfiotti ,0.12421375513076782
1992,Ludovico  Scarfiotti ,0.12422242760658264
1993,Ludovico  Scarfiotti ,0.12423321604728699
1994,Ludovico  Scarfiotti ,0.12424635887145996
1995,Ludovico  Scarfiotti ,0.12426242232322693
1996,Ludovico  Scarfiotti ,0.1242818832397461
1997,Ludovico  Scarfiotti ,0.12430551648139954
1998,Ludovico  Scarfiotti ,0.12433421611785889
1999,Ludovico  Scarfiotti ,0.1243690550327301
2000,Ludovico  Scarfiotti ,0.12441135942935944
2001,Ludovico  Scarfiotti ,0.12446284294128418
2002,Ludovico  Scarfiotti ,0.12452533841133118
2003,Ludovico  Scarfiotti ,0.12460151314735413
2004,Ludovico  Scarfiotti ,0.12469428777694702
2005,Ludovico  Scarfiotti ,0.12480735778808594
2006,Ludovico  Scarfiotti ,0.12494528293609619
2007,Ludovico  Scarfiotti ,0.1251136064529419
2008,Ludovico  Scarfiotti ,0.12531894445419312
2009,Ludovico  Scarfiotti ,0.12556907534599304
2010,Ludovico  Scarfiotti ,0.12587301433086395
2011,Ludovico  Scarfiotti ,0.12624028325080872
2012,Ludovico  Scarfiotti ,0.12667982280254364
2013,Ludovico  Scarfiotti ,0.12719720602035522
2014,Ludovico  Scarfiotti ,0.1277894377708435
2015,Ludovico  Scarfiotti ,0.12843531370162964
2016,Ludovico  Scarfiotti ,0.12907952070236206
2017,Ludovico  Scarfiotti ,0.1296088695526123
2018,Ludovico  Scarfiotti ,0.1298215091228485
2019,Ludovico  Scarfiotti ,0.12939642369747162
2020,Ludovico  Scarfiotti ,0.12786978483200073
2021,Ludovico  Scarfiotti ,0.12457975745201111
2022,Ludovico  Scarfiotti ,0.11832526326179504
2023,Ludovico  Scarfiotti ,0.10611218214035034
2024,Ludovico  Scarfiotti ,0.0814698338508606
2025,Ludovico  Scarfiotti ,0.039903052151203156
2026,Ludovico  Scarfiotti ,-0.06969387829303741
2027,Ludovico  Scarfiotti ,-0.07349970936775208
2028,Ludovico  Scarfiotti ,-0.07349970936775208
2029,Ludovico  Scarfiotti ,-0.07349970936775208
2030,Ludovico  Scarfiotti ,-0.07349970936775208
1958,Luigi  Musso ,0.2304222285747528
1959,Luigi  Musso ,0.12492074072360992
1960,Luigi  Musso ,0.11017712950706482
1961,Luigi  Musso ,0.11029195785522461
1962,Luigi  Musso ,0.1136360764503479
1963,Luigi  Musso ,0.11680099368095398
1964,Luigi  Musso ,0.11914792656898499
1965,Luigi  Musso ,0.12076963484287262
1966,Luigi  Musso ,0.12187054753303528
1967,Luigi  Musso ,0.12261748313903809
1968,Luigi  Musso ,0.12312527000904083
1969,Luigi  Musso ,0.12347041070461273
1970,Luigi  Musso ,0.12370425462722778
1971,Luigi  Musso ,0.12386180460453033
1972,Luigi  Musso ,0.12396734952926636
1973,Luigi  Musso ,0.12403763830661774
1974,Luigi  Musso ,0.1240842342376709
1975,Luigi  Musso ,0.12411504983901978
1976,Luigi  Musso ,0.12413540482521057
1977,Luigi  Musso ,0.12414896488189697
1978,Luigi  Musso ,0.12415802478790283
1979,Luigi  Musso ,0.12416431307792664
1980,Luigi  Musso ,0.12416881322860718
1981,Luigi  Musso ,0.12417222559452057
1982,Luigi  Musso ,0.1241750717163086
1983,Luigi  Musso ,0.12417766451835632
1984,Luigi  Musso ,0.12418028712272644
1985,Luigi  Musso ,0.12418302893638611
1986,Luigi  Musso ,0.12418617308139801
1987,Luigi  Musso ,0.12418985366821289
1988,Luigi  Musso ,0.12419414520263672
1989,Luigi  Musso ,0.12419930100440979
1990,Luigi  Musso ,0.12420551478862762
1991,Luigi  Musso ,0.12421301007270813
1992,Luigi  Musso ,0.1242220401763916
1993,Luigi  Musso ,0.12423300743103027
1994,Luigi  Musso ,0.1242462694644928
1995,Luigi  Musso ,0.12426234781742096
1996,Luigi  Musso ,0.1242818683385849
1997,Luigi  Musso ,0.12430548667907715
1998,Luigi  Musso ,0.12433421611785889
1999,Luigi  Musso ,0.1243690550327301
2000,Luigi  Musso ,0.12441137433052063
2001,Luigi  Musso ,0.12446281313896179
2002,Luigi  Musso ,0.12452535331249237
2003,Luigi  Musso ,0.12460151314735413
2004,Luigi  Musso ,0.12469427287578583
2005,Luigi  Musso ,0.12480737268924713
2006,Luigi  Musso ,0.12494528293609619
2007,Luigi  Musso ,0.1251136213541031
2008,Luigi  Musso ,0.12531894445419312
2009,Luigi  Musso ,0.12556907534599304
2010,Luigi  Musso ,0.12587301433086395
2011,Luigi  Musso ,0.1262402981519699
2012,Luigi  Musso ,0.12667980790138245
2013,Luigi  Musso ,0.12719719111919403
2014,Luigi  Musso ,0.1277894526720047
2015,Luigi  Musso ,0.12843531370162964
2016,Luigi  Musso ,0.12907952070236206
2017,Luigi  Musso ,0.1296088695526123
2018,Luigi  Musso ,0.1298215091228485
2019,Luigi  Musso ,0.12939642369747162
2020,Luigi  Musso ,0.12786978483200073
2021,Luigi  Musso ,0.12457975745201111
2022,Luigi  Musso ,0.11832524836063385
2023,Luigi  Musso ,0.10611216723918915
2024,Luigi  Musso ,0.08146984875202179
2025,Luigi  Musso ,0.039903052151203156
2026,Luigi  Musso ,-0.06969387829303741
2027,Luigi  Musso ,-0.07349970936775208
2028,Luigi  Musso ,-0.07349970936775208
2029,Luigi  Musso ,-0.07349970936775208
2030,Luigi  Musso ,-0.07349970936775208
1958,Luis  Perez-Sala ,0.11337646842002869
1959,Luis  Perez-Sala ,0.11132943630218506
1960,Luis  Perez-Sala ,0.11172530055046082
1961,Luis  Perez-Sala ,0.11314207315444946
1962,Luis  Perez-Sala ,0.11505182087421417
1963,Luis  Perez-Sala ,0.11703287065029144
1964,Luis  Perez-Sala ,0.11881551146507263
1965,Luis  Perez-Sala ,0.1202828586101532
1966,Luis  Perez-Sala ,0.12142065167427063
1967,Luis  Perez-Sala ,0.12226691842079163
1968,Luis  Perez-Sala ,0.12287786602973938
1969,Luis  Perez-Sala ,0.12330940365791321
1970,Luis  Perez-Sala ,0.12360979616641998
1971,Luis  Perez-Sala ,0.1238173097372055
1972,Luis  Perez-Sala ,0.12396077811717987
1973,Luis  Perez-Sala ,0.12406140565872192
1974,Luis  Perez-Sala ,0.12413440644741058
1975,Luis  Perez-Sala ,0.12419041991233826
1976,Luis  Perez-Sala ,0.12423697113990784
1977,Luis  Perez-Sala ,0.12427902221679688
1978,Luis  Perez-Sala ,0.12431931495666504
1979,Luis  Perez-Sala ,0.12435796856880188
1980,Luis  Perez-Sala ,0.12439130246639252
1981,Luis  Perez-Sala ,0.12440919876098633
1982,Luis  Perez-Sala ,0.12439094483852386
1983,Luis  Perez-Sala ,0.12429994344711304
1984,Luis  Perez-Sala ,0.12408147752285004
1985,Luis  Perez-Sala ,0.12367364764213562
1986,Luis  Perez-Sala ,0.12306681275367737
1987,Luis  Perez-Sala ,0.12220890820026398
1988,Luis  Perez-Sala ,0.12270617485046387
1989,Luis  Perez-Sala ,0.06482496857643127
1990,Luis  Perez-Sala ,0.11995148658752441
1991,Luis  Perez-Sala ,0.12304747104644775
1992,Luis  Perez-Sala ,0.12508524954319
1993,Luis  Perez-Sala ,0.12554225325584412
1994,Luis  Perez-Sala ,0.12543436884880066
1995,Luis  Perez-Sala ,0.1251688003540039
1996,Luis  Perez-Sala ,0.124916210770607
1997,Luis  Perez-Sala ,0.12472711503505707
1998,Luis  Perez-Sala ,0.12460465729236603
1999,Luis  Perez-Sala ,0.12453772127628326
2000,Luis  Perez-Sala ,0.12451387941837311
2001,Luis  Perez-Sala ,0.12452349066734314
2002,Luis  Perez-Sala ,0.12456014752388
2003,Luis  Perez-Sala ,0.12462073564529419
2004,Luis  Perez-Sala ,0.12470437586307526
2005,Luis  Perez-Sala ,0.12481226027011871
2006,Luis  Perez-Sala ,0.12494736909866333
2007,Luis  Perez-Sala ,0.12511421740055084
2008,Luis  Perez-Sala ,0.12531885504722595
2009,Luis  Perez-Sala ,0.12556873261928558
2010,Luis  Perez-Sala ,0.12587261199951172
2011,Luis  Perez-Sala ,0.12623988091945648
2012,Luis  Perez-Sala ,0.12667950987815857
2013,Luis  Perez-Sala ,0.12719693779945374
2014,Luis  Perez-Sala ,0.12778925895690918
2015,Luis  Perez-Sala ,0.1284351795911789
2016,Luis  Perez-Sala ,0.1290794163942337
2017,Luis  Perez-Sala ,0.12960879504680634
2018,Luis  Perez-Sala ,0.12982147932052612
2019,Luis  Perez-Sala ,0.12939639389514923
2020,Luis  Perez-Sala ,0.12786975502967834
2021,Luis  Perez-Sala ,0.12457975745201111
2022,Luis  Perez-Sala ,0.11832523345947266
2023,Luis  Perez-Sala ,0.10611215233802795
2024,Luis  Perez-Sala ,0.0814698338508606
2025,Luis  Perez-Sala ,0.039903052151203156
2026,Luis  Perez-Sala ,-0.06969387829303741
2027,Luis  Perez-Sala ,-0.07349970936775208
2028,Luis  Perez-Sala ,-0.07349970936775208
2029,Luis  Perez-Sala ,-0.07349970936775208
2030,Luis  Perez-Sala ,-0.07349970936775208
1958,Manfred  Winkelhock ,0.1133786290884018
1959,Manfred  Winkelhock ,0.11133536696434021
1960,Manfred  Winkelhock ,0.11173418164253235
1961,Manfred  Winkelhock ,0.11315406858921051
1962,Manfred  Winkelhock ,0.11506737768650055
1963,Manfred  Winkelhock ,0.11705279350280762
1964,Manfred  Winkelhock ,0.1188407838344574
1965,Manfred  Winkelhock ,0.12031470239162445
1966,Manfred  Winkelhock ,0.12146070599555969
1967,Manfred  Winkelhock ,0.12231716513633728
1968,Manfred  Winkelhock ,0.12294048070907593
1969,Manfred  Winkelhock ,0.12338705360889435
1970,Manfred  Winkelhock ,0.12370502948760986
1971,Manfred  Winkelhock ,0.12393185496330261
1972,Manfred  Winkelhock ,0.12409409880638123
1973,Manfred  Winkelhock ,0.12420716881752014
1974,Manfred  Winkelhock ,0.12427447736263275
1975,Manfred  Winkelhock ,0.12428376078605652
1976,Manfred  Winkelhock ,0.12420251965522766
1977,Manfred  Winkelhock ,0.12397611141204834
1978,Manfred  Winkelhock ,0.12354695796966553
1979,Manfred  Winkelhock ,0.1229524314403534
1980,Manfred  Winkelhock ,0.12244734168052673
1981,Manfred  Winkelhock ,0.12459239363670349
1982,Manfred  Winkelhock ,0.09222875535488129
1983,Manfred  Winkelhock ,0.12224064767360687
1984,Manfred  Winkelhock ,0.12323728203773499
1985,Manfred  Winkelhock ,0.12472152709960938
1986,Manfred  Winkelhock ,0.12522879242897034
1987,Manfred  Winkelhock ,0.1252387911081314
1988,Manfred  Winkelhock ,0.12505048513412476
1989,Manfred  Winkelhock ,0.12482944130897522
1990,Manfred  Winkelhock ,0.1246415376663208
1991,Manfred  Winkelhock ,0.12450261414051056
1992,Manfred  Winkelhock ,0.12440863251686096
1993,Manfred  Winkelhock ,0.12435024976730347
1994,Manfred  Winkelhock ,0.12431824207305908
1995,Manfred  Winkelhock ,0.12430551648139954
1996,Manfred  Winkelhock ,0.12430709600448608
1997,Manfred  Winkelhock ,0.12431983649730682
1998,Manfred  Winkelhock ,0.12434205412864685
1999,Manfred  Winkelhock ,0.12437312304973602
2000,Manfred  Winkelhock ,0.1244133710861206
2001,Manfred  Winkelhock ,0.12446366250514984
2002,Manfred  Winkelhock ,0.12452560663223267
2003,Manfred  Winkelhock ,0.12460149824619293
2004,Manfred  Winkelhock ,0.12469416856765747
2005,Manfred  Winkelhock ,0.124807208776474
2006,Manfred  Winkelhock ,0.12494516372680664
2007,Manfred  Winkelhock ,0.12511348724365234
2008,Manfred  Winkelhock ,0.12531885504722595
2009,Manfred  Winkelhock ,0.12556901574134827
2010,Manfred  Winkelhock ,0.12587293982505798
2011,Manfred  Winkelhock ,0.12624028325080872
2012,Manfred  Winkelhock ,0.12667980790138245
2013,Manfred  Winkelhock ,0.12719719111919403
2014,Manfred  Winkelhock ,0.1277894377708435
2015,Manfred  Winkelhock ,0.12843531370162964
2016,Manfred  Winkelhock ,0.12907950580120087
2017,Manfred  Winkelhock ,0.1296088546514511
2018,Manfred  Winkelhock ,0.1298215240240097
2019,Manfred  Winkelhock ,0.1293964385986328
2020,Manfred  Winkelhock ,0.12786976993083954
2021,Manfred  Winkelhock ,0.1245797723531723
2022,Manfred  Winkelhock ,0.11832524836063385
2023,Manfred  Winkelhock ,0.10611218214035034
2024,Manfred  Winkelhock ,0.08146986365318298
2025,Manfred  Winkelhock ,0.039903052151203156
2026,Manfred  Winkelhock ,-0.06969387829303741
2027,Manfred  Winkelhock ,-0.07349970936775208
2028,Manfred  Winkelhock ,-0.07349970936775208
2029,Manfred  Winkelhock ,-0.07349970936775208
2030,Manfred  Winkelhock ,-0.07349970936775208
1958,Marc  Gene ,0.11337602138519287
1959,Marc  Gene ,0.111328125
1960,Marc  Gene ,0.11172331869602203
1961,Marc  Gene ,0.11313948035240173
1962,Marc  Gene ,0.11504843831062317
1963,Marc  Gene ,0.11702863872051239
1964,Marc  Gene ,0.11881017684936523
1965,Marc  Gene ,0.12027621269226074
1966,Marc  Gene ,0.12141244113445282
1967,Marc  Gene ,0.1222568154335022
1968,Marc  Gene ,0.12286527454853058
1969,Marc  Gene ,0.12329381704330444
1970,Marc  Gene ,0.1235903799533844
1971,Marc  Gene ,0.1237931102514267
1972,Marc  Gene ,0.12393054366111755
1973,Marc  Gene ,0.12402355670928955
1974,Marc  Gene ,0.12408685684204102
1975,Marc  Gene ,0.12413080036640167
1976,Marc  Gene ,0.12416249513626099
1977,Marc  Gene ,0.12418684363365173
1978,Marc  Gene ,0.12420731782913208
1979,Marc  Gene ,0.12422634661197662
1980,Marc  Gene ,0.12424582242965698
1981,Marc  Gene ,0.1242673397064209
1982,Marc  Gene ,0.12429222464561462
1983,Marc  Gene ,0.12432198226451874
1984,Marc  Gene ,0.12435805797576904
1985,Marc  Gene ,0.1244020164012909
1986,Marc  Gene ,0.12445543706417084
1987,Marc  Gene ,0.12451958656311035
1988,Marc  Gene ,0.12459488213062286
1989,Marc  Gene ,0.12467929720878601
1990,Marc  Gene ,0.1247657835483551
1991,Marc  Gene ,0.12483713030815125
1992,Marc  Gene ,0.12485712766647339
1993,Marc  Gene ,0.12475958466529846
1994,Marc  Gene ,0.12444421648979187
1995,Marc  Gene ,0.1238182932138443
1996,Marc  Gene ,0.12300607562065125
1997,Marc  Gene ,0.1229214072227478
1998,Marc  Gene ,0.12813299894332886
1999,Marc  Gene ,0.1357969045639038
2000,Marc  Gene ,0.0689726322889328
2001,Marc  Gene ,0.12005932629108429
2002,Marc  Gene ,0.12672531604766846
2003,Marc  Gene ,0.1705431342124939
2004,Marc  Gene ,0.11340105533599854
2005,Marc  Gene ,0.12278065085411072
2006,Marc  Gene ,0.12311619520187378
2007,Marc  Gene ,0.1260453760623932
2008,Marc  Gene ,0.12751585245132446
2009,Marc  Gene ,0.12791340053081512
2010,Marc  Gene ,0.1278499960899353
2011,Marc  Gene ,0.12772655487060547
2012,Marc  Gene ,0.1277252733707428
2013,Marc  Gene ,0.12790195643901825
2014,Marc  Gene ,0.1282506138086319
2015,Marc  Gene ,0.12873035669326782
2016,Marc  Gene ,0.1292646825313568
2017,Marc  Gene ,0.12972310185432434
2018,Marc  Gene ,0.1298908144235611
2019,Marc  Gene ,0.12943771481513977
2020,Marc  Gene ,0.12789395451545715
2021,Marc  Gene ,0.12459366023540497
2022,Marc  Gene ,0.11833304166793823
2023,Marc  Gene ,0.1061163991689682
2024,Marc  Gene ,0.08147206902503967
2025,Marc  Gene ,0.039903052151203156
2026,Marc  Gene ,-0.06969387829303741
2027,Marc  Gene ,-0.07349970936775208
2028,Marc  Gene ,-0.07349970936775208
2029,Marc  Gene ,-0.07349970936775208
2030,Marc  Gene ,-0.07349970936775208
1958,Marc  Surer ,0.11338891088962555
1959,Marc  Surer ,0.11136406660079956
1960,Marc  Surer ,0.11177700757980347
1961,Marc  Surer ,0.11321146786212921
1962,Marc  Surer ,0.11514151096343994
1963,Marc  Surer ,0.11714695394039154
1964,Marc  Surer ,0.11895909905433655
1965,Marc  Surer ,0.12046235799789429
1966,Marc  Surer ,0.12164393067359924
1967,Marc  Surer ,0.12254349887371063
1968,Marc  Surer ,0.1232188493013382
1969,Marc  Surer ,0.12372732162475586
1970,Marc  Surer ,0.1241171807050705
1971,Marc  Surer ,0.12442420423030853
1972,Marc  Surer ,0.12466858327388763
1973,Marc  Surer ,0.12485027313232422
1974,Marc  Surer ,0.12493896484375
1975,Marc  Surer ,0.12485785782337189
1976,Marc  Surer ,0.12446880340576172
1977,Marc  Surer ,0.12359973788261414
1978,Marc  Surer ,0.12225861847400665
1979,Marc  Surer ,0.12132282555103302
1980,Marc  Surer ,0.12593068182468414
1981,Marc  Surer ,0.14188912510871887
1982,Marc  Surer ,0.11127805709838867
1983,Marc  Surer ,0.15432721376419067
1984,Marc  Surer ,0.11644966900348663
1985,Marc  Surer ,0.19267264008522034
1986,Marc  Surer ,0.130314901471138
1987,Marc  Surer ,0.1258874535560608
1988,Marc  Surer ,0.12682999670505524
1989,Marc  Surer ,0.12761186063289642
1990,Marc  Surer ,0.1275036334991455
1991,Marc  Surer ,0.1269250065088272
1992,Marc  Surer ,0.1262502521276474
1993,Marc  Surer ,0.12566211819648743
1994,Marc  Surer ,0.12521398067474365
1995,Marc  Surer ,0.12489932775497437
1996,Marc  Surer ,0.12469208240509033
1997,Marc  Surer ,0.12456494569778442
1998,Marc  Surer ,0.12449568510055542
1999,Marc  Surer ,0.12446799874305725
2000,Marc  Surer ,0.12447108328342438
2001,Marc  Surer ,0.12449827790260315
2002,Marc  Surer ,0.1245461106300354
2003,Marc  Surer ,0.12461341917514801
2004,Marc  Surer ,0.12470096349716187
2005,Marc  Surer ,0.12481102347373962
2006,Marc  Surer ,0.12494724988937378
2007,Marc  Surer ,0.12511461973190308
2008,Marc  Surer ,0.12531939148902893
2009,Marc  Surer ,0.12556928396224976
2010,Marc  Surer ,0.12587310373783112
2011,Marc  Surer ,0.1262403130531311
2012,Marc  Surer ,0.12667980790138245
2013,Marc  Surer ,0.12719717621803284
2014,Marc  Surer ,0.1277894228696823
2015,Marc  Surer ,0.12843529880046844
2016,Marc  Surer ,0.12907949090003967
2017,Marc  Surer ,0.12960883975028992
2018,Marc  Surer ,0.1298215091228485
2019,Marc  Surer ,0.1293964385986328
2020,Marc  Surer ,0.12786978483200073
2021,Marc  Surer ,0.12457975745201111
2022,Marc  Surer ,0.11832524836063385
2023,Marc  Surer ,0.10611218214035034
2024,Marc  Surer ,0.08146984875202179
2025,Marc  Surer ,0.039903052151203156
2026,Marc  Surer ,-0.06969387829303741
2027,Marc  Surer ,-0.07349970936775208
2028,Marc  Surer ,-0.07349970936775208
2029,Marc  Surer ,-0.07349970936775208
2030,Marc  Surer ,-0.07349970936775208
1958,Marcus  Ericsson ,0.11337575316429138
1959,Marcus  Ericsson ,0.11132735013961792
1960,Marcus  Ericsson ,0.11172223091125488
1961,Marcus  Ericsson ,0.11313799023628235
1962,Marcus  Ericsson ,0.11504651606082916
1963,Marcus  Ericsson ,0.1170261800289154
1964,Marcus  Ericsson ,0.11880716681480408
1965,Marcus  Ericsson ,0.12027248740196228
1966,Marcus  Ericsson ,0.12140786647796631
1967,Marcus  Ericsson ,0.12225119769573212
1968,Marcus  Ericsson ,0.1228584498167038
1969,Marcus  Ericsson ,0.12328550219535828
1970,Marcus  Ericsson ,0.12358033657073975
1971,Marcus  Ericsson ,0.12378087639808655
1972,Marcus  Ericsson ,0.1239156723022461
1973,Marcus  Ericsson ,0.12400549650192261
1974,Marcus  Ericsson ,0.12406489253044128
1975,Marcus  Ericsson ,0.12410414218902588
1976,Marcus  Ericsson ,0.1241300106048584
1977,Marcus  Ericsson ,0.12414722144603729
1978,Marcus  Ericsson ,0.12415899336338043
1979,Marcus  Ericsson ,0.12416726350784302
1980,Marcus  Ericsson ,0.12417343258857727
1981,Marcus  Ericsson ,0.12417852878570557
1982,Marcus  Ericsson ,0.12418310344219208
1983,Marcus  Ericsson ,0.12418763339519501
1984,Marcus  Ericsson ,0.12419247627258301
1985,Marcus  Ericsson ,0.12419793009757996
1986,Marcus  Ericsson ,0.12420424818992615
1987,Marcus  Ericsson ,0.12421178817749023
1988,Marcus  Ericsson ,0.1242208182811737
1989,Marcus  Ericsson ,0.1242317259311676
1990,Marcus  Ericsson ,0.12424492835998535
1991,Marcus  Ericsson ,0.12426099181175232
1992,Marcus  Ericsson ,0.12428054213523865
1993,Marcus  Ericsson ,0.12430441379547119
1994,Marcus  Ericsson ,0.12433359026908875
1995,Marcus  Ericsson ,0.1243692934513092
1996,Marcus  Ericsson ,0.12441310286521912
1997,Marcus  Ericsson ,0.12446685135364532
1998,Marcus  Ericsson ,0.1245328038930893
1999,Marcus  Ericsson ,0.12461382150650024
2000,Marcus  Ericsson ,0.12471309304237366
2001,Marcus  Ericsson ,0.12483422458171844
2002,Marcus  Ericsson ,0.12498094141483307
2003,Marcus  Ericsson ,0.12515628337860107
2004,Marcus  Ericsson ,0.1253611445426941
2005,Marcus  Ericsson ,0.12559093534946442
2006,Marcus  Ericsson ,0.12582942843437195
2007,Marcus  Ericsson ,0.12603774666786194
2008,Marcus  Ericsson ,0.12613849341869354
2009,Marcus  Ericsson ,0.12600308656692505
2010,Marcus  Ericsson ,0.12548145651817322
2011,Marcus  Ericsson ,0.12459959089756012
2012,Marcus  Ericsson ,0.12412598729133606
2013,Marcus  Ericsson ,0.12846443057060242
2014,Marcus  Ericsson ,0.1207408607006073
2015,Marcus  Ericsson ,0.13896586000919342
2016,Marcus  Ericsson ,0.1032579243183136
2017,Marcus  Ericsson ,0.1247873306274414
2018,Marcus  Ericsson ,0.16224780678749084
2019,Marcus  Ericsson ,0.13769228756427765
2020,Marcus  Ericsson ,0.13221850991249084
2021,Marcus  Ericsson ,0.12916281819343567
2022,Marcus  Ericsson ,0.12291023135185242
2023,Marcus  Ericsson ,0.11013288795948029
2024,Marcus  Ericsson ,0.08462440967559814
2025,Marcus  Ericsson ,0.039903052151203156
2026,Marcus  Ericsson ,-0.06969387829303741
2027,Marcus  Ericsson ,-0.07349970936775208
2028,Marcus  Ericsson ,-0.07349970936775208
2029,Marcus  Ericsson ,-0.07349970936775208
2030,Marcus  Ericsson ,-0.07349970936775208
1958,Mario  Andretti ,0.11356432735919952
1959,Mario  Andretti ,0.1117558479309082
1960,Mario  Andretti ,0.11232712864875793
1961,Mario  Andretti ,0.11390362679958344
1962,Mario  Andretti ,0.1159542053937912
1963,Mario  Andretti ,0.11801570653915405
1964,Mario  Andretti ,0.11972105503082275
1965,Mario  Andretti ,0.12077058851718903
1966,Mario  Andretti ,0.12088961899280548
1967,Mario  Andretti ,0.12001010775566101
1968,Mario  Andretti ,0.11921460926532745
1969,Mario  Andretti ,0.12437355518341064
1970,Mario  Andretti ,0.17339813709259033
1971,Mario  Andretti ,0.25052547454833984
1972,Mario  Andretti ,0.20274600386619568
1973,Mario  Andretti ,0.11772887408733368
1974,Mario  Andretti ,0.11794033646583557
1975,Mario  Andretti ,0.15213105082511902
1976,Mario  Andretti ,0.27514752745628357
1977,Mario  Andretti ,0.33727386593818665
1978,Mario  Andretti ,0.37208956480026245
1979,Mario  Andretti ,0.23165330290794373
1980,Mario  Andretti ,0.11498957872390747
1981,Mario  Andretti ,0.13213028013706207
1982,Mario  Andretti ,0.14959219098091125
1983,Mario  Andretti ,0.1305527687072754
1984,Mario  Andretti ,0.12896685302257538
1985,Mario  Andretti ,0.13027715682983398
1986,Mario  Andretti ,0.13032494485378265
1987,Mario  Andretti ,0.12940889596939087
1988,Mario  Andretti ,0.1281900703907013
1989,Mario  Andretti ,0.1270638406276703
1990,Mario  Andretti ,0.12617233395576477
1991,Mario  Andretti ,0.12552379071712494
1992,Mario  Andretti ,0.12507666647434235
1993,Mario  Andretti ,0.1247805804014206
1994,Mario  Andretti ,0.12459193170070648
1995,Mario  Andretti ,0.12447759509086609
1996,Mario  Andretti ,0.12441419064998627
1997,Mario  Andretti ,0.12438583374023438
1998,Mario  Andretti ,0.12438234686851501
1999,Mario  Andretti ,0.12439753115177155
2000,Mario  Andretti ,0.12442797422409058
2001,Mario  Andretti ,0.12447234988212585
2002,Mario  Andretti ,0.12453079223632812
2003,Mario  Andretti ,0.12460453808307648
2004,Mario  Andretti ,0.12469592690467834
2005,Mario  Andretti ,0.12480822205543518
2006,Mario  Andretti ,0.1249457597732544
2007,Mario  Andretti ,0.125113844871521
2008,Mario  Andretti ,0.12531901895999908
2009,Mario  Andretti ,0.12556913495063782
2010,Mario  Andretti ,0.12587304413318634
2011,Mario  Andretti ,0.1262402981519699
2012,Mario  Andretti ,0.12667982280254364
2013,Mario  Andretti ,0.12719719111919403
2014,Mario  Andretti ,0.1277894377708435
2015,Mario  Andretti ,0.12843532860279083
2016,Mario  Andretti ,0.12907952070236206
2017,Mario  Andretti ,0.1296088695526123
2018,Mario  Andretti ,0.1298215240240097
2019,Mario  Andretti ,0.12939642369747162
2020,Mario  Andretti ,0.12786978483200073
2021,Mario  Andretti ,0.12457975745201111
2022,Mario  Andretti ,0.11832524836063385
2023,Mario  Andretti ,0.10611216723918915
2024,Mario  Andretti ,0.08146986365318298
2025,Mario  Andretti ,0.039903052151203156
2026,Mario  Andretti ,-0.06969387829303741
2027,Mario  Andretti ,-0.07349970936775208
2028,Mario  Andretti ,-0.07349970936775208
2029,Mario  Andretti ,-0.07349970936775208
2030,Mario  Andretti ,-0.07349970936775208
1958,Mario de Araujo Cabral,0.11285342276096344
1959,Mario de Araujo Cabral,0.11027488112449646
1960,Mario de Araujo Cabral,0.10982488095760345
1961,Mario de Araujo Cabral,0.11083576083183289
1962,Mario de Araujo Cabral,0.11684529483318329
1963,Mario de Araujo Cabral,0.14036992192268372
1964,Mario de Araujo Cabral,0.11850185692310333
1965,Mario de Araujo Cabral,0.11774435639381409
1966,Mario de Araujo Cabral,0.12032178044319153
1967,Mario de Araujo Cabral,0.12240621447563171
1968,Mario de Araujo Cabral,0.12355965375900269
1969,Mario de Araujo Cabral,0.12407606840133667
1970,Mario de Araujo Cabral,0.12426011264324188
1971,Mario de Araujo Cabral,0.12429802119731903
1972,Mario de Araujo Cabral,0.12428273260593414
1973,Mario de Araujo Cabral,0.12425455451011658
1974,Mario de Araujo Cabral,0.12422847747802734
1975,Mario de Araujo Cabral,0.12420850992202759
1976,Mario de Araujo Cabral,0.1241946667432785
1977,Mario de Araujo Cabral,0.12418584525585175
1978,Mario de Araujo Cabral,0.12418060004711151
1979,Mario de Araujo Cabral,0.12417788803577423
1980,Mario de Araujo Cabral,0.12417680025100708
1981,Mario de Araujo Cabral,0.12417684495449066
1982,Mario de Araujo Cabral,0.12417769432067871
1983,Mario de Araujo Cabral,0.12417912483215332
1984,Mario de Araujo Cabral,0.12418106198310852
1985,Mario de Araujo Cabral,0.12418344616889954
1986,Mario de Araujo Cabral,0.12418638169765472
1987,Mario de Araujo Cabral,0.12418994307518005
1988,Mario de Araujo Cabral,0.1241941750049591
1989,Mario de Araujo Cabral,0.12419930100440979
1990,Mario de Araujo Cabral,0.12420549988746643
1991,Mario de Araujo Cabral,0.12421298027038574
1992,Mario de Araujo Cabral,0.1242220401763916
1993,Mario de Araujo Cabral,0.12423300743103027
1994,Mario de Araujo Cabral,0.1242462694644928
1995,Mario de Araujo Cabral,0.12426236271858215
1996,Mario de Araujo Cabral,0.1242818534374237
1997,Mario de Araujo Cabral,0.12430548667907715
1998,Mario de Araujo Cabral,0.12433421611785889
1999,Mario de Araujo Cabral,0.1243690550327301
2000,Mario de Araujo Cabral,0.12441134452819824
2001,Mario de Araujo Cabral,0.1244627982378006
2002,Mario de Araujo Cabral,0.12452536821365356
2003,Mario de Araujo Cabral,0.12460151314735413
2004,Mario de Araujo Cabral,0.12469428777694702
2005,Mario de Araujo Cabral,0.12480735778808594
2006,Mario de Araujo Cabral,0.12494528293609619
2007,Mario de Araujo Cabral,0.1251136213541031
2008,Mario de Araujo Cabral,0.12531894445419312
2009,Mario de Araujo Cabral,0.12556907534599304
2010,Mario de Araujo Cabral,0.12587302923202515
2011,Mario de Araujo Cabral,0.12624028325080872
2012,Mario de Araujo Cabral,0.12667980790138245
2013,Mario de Araujo Cabral,0.12719720602035522
2014,Mario de Araujo Cabral,0.1277894377708435
2015,Mario de Araujo Cabral,0.12843531370162964
2016,Mario de Araujo Cabral,0.12907952070236206
2017,Mario de Araujo Cabral,0.1296088695526123
2018,Mario de Araujo Cabral,0.1298215091228485
2019,Mario de Araujo Cabral,0.12939642369747162
2020,Mario de Araujo Cabral,0.12786979973316193
2021,Mario de Araujo Cabral,0.1245797723531723
2022,Mario de Araujo Cabral,0.11832524836063385
2023,Mario de Araujo Cabral,0.10611218214035034
2024,Mario de Araujo Cabral,0.08146986365318298
2025,Mario de Araujo Cabral,0.039903052151203156
2026,Mario de Araujo Cabral,-0.06969387829303741
2027,Mario de Araujo Cabral,-0.07349970936775208
2028,Mario de Araujo Cabral,-0.07349970936775208
2029,Mario de Araujo Cabral,-0.07349970936775208
2030,Mario de Araujo Cabral,-0.07349970936775208
1958,Mark  Blundell ,0.11337700486183167
1959,Mark  Blundell ,0.1113310158252716
1960,Mark  Blundell ,0.11172769963741302
1961,Mark  Blundell ,0.11314529180526733
1962,Mark  Blundell ,0.11505588889122009
1963,Mark  Blundell ,0.11703801155090332
1964,Mark  Blundell ,0.11882190406322479
1965,Mark  Blundell ,0.12029066681861877
1966,Mark  Blundell ,0.12143027782440186
1967,Mark  Blundell ,0.12227864563465118
1968,Mark  Blundell ,0.12289203703403473
1969,Mark  Blundell ,0.12332656979560852
1970,Mark  Blundell ,0.12363052368164062
1971,Mark  Blundell ,0.1238422691822052
1972,Mark  Blundell ,0.12399081885814667
1973,Mark  Blundell ,0.12409758567810059
1974,Mark  Blundell ,0.12417787313461304
1975,Mark  Blundell ,0.12424281239509583
1976,Mark  Blundell ,0.12430036067962646
1977,Mark  Blundell ,0.12435631453990936
1978,Mark  Blundell ,0.12441498041152954
1979,Mark  Blundell ,0.12447929382324219
1980,Mark  Blundell ,0.12455061078071594
1981,Mark  Blundell ,0.12462785840034485
1982,Mark  Blundell ,0.1247052401304245
1983,Mark  Blundell ,0.12476766109466553
1984,Mark  Blundell ,0.1247817873954773
1985,Mark  Blundell ,0.12468172609806061
1986,Mark  Blundell ,0.12435217201709747
1987,Mark  Blundell ,0.12363460659980774
1988,Mark  Blundell ,0.12245416641235352
1989,Mark  Blundell ,0.12123602628707886
1990,Mark  Blundell ,0.12364464998245239
1991,Mark  Blundell ,0.12324205040931702
1992,Mark  Blundell ,0.12450453639030457
1993,Mark  Blundell ,0.21177592873573303
1994,Mark  Blundell ,0.19597351551055908
1995,Mark  Blundell ,0.22696512937545776
1996,Mark  Blundell ,0.12633879482746124
1997,Mark  Blundell ,0.12166035175323486
1998,Mark  Blundell ,0.12414191663265228
1999,Mark  Blundell ,0.12634050846099854
2000,Mark  Blundell ,0.12709659337997437
2001,Mark  Blundell ,0.12698136270046234
2002,Mark  Blundell ,0.12654557824134827
2003,Mark  Blundell ,0.1260908991098404
2004,Mark  Blundell ,0.12573747336864471
2005,Mark  Blundell ,0.12551380693912506
2006,Mark  Blundell ,0.12541234493255615
2007,Mark  Blundell ,0.1254168152809143
2008,Mark  Blundell ,0.12551280856132507
2009,Mark  Blundell ,0.1256914734840393
2010,Mark  Blundell ,0.12594935297966003
2011,Mark  Blundell ,0.12628741562366486
2012,Mark  Blundell ,0.12670856714248657
2013,Mark  Blundell ,0.12721461057662964
2014,Mark  Blundell ,0.1277998983860016
2015,Mark  Blundell ,0.12844151258468628
2016,Mark  Blundell ,0.12908318638801575
2017,Mark  Blundell ,0.12961100041866302
2018,Mark  Blundell ,0.12982279062271118
2019,Mark  Blundell ,0.12939713895320892
2020,Mark  Blundell ,0.12787017226219177
2021,Mark  Blundell ,0.1245800107717514
2022,Mark  Blundell ,0.1183253824710846
2023,Mark  Blundell ,0.10611224174499512
2024,Mark  Blundell ,0.08146987855434418
2025,Mark  Blundell ,0.039903052151203156
2026,Mark  Blundell ,-0.06969387829303741
2027,Mark  Blundell ,-0.07349970936775208
2028,Mark  Blundell ,-0.07349970936775208
2029,Mark  Blundell ,-0.07349970936775208
2030,Mark  Blundell ,-0.07349970936775208
1958,Mark  Donohue ,0.11343276500701904
1959,Mark  Donohue ,0.11144980788230896
1960,Mark  Donohue ,0.11189495027065277
1961,Mark  Donohue ,0.11335812509059906
1962,Mark  Donohue ,0.11531081795692444
1963,Mark  Donohue ,0.1173231452703476
1964,Mark  Donohue ,0.11910897493362427
1965,Mark  Donohue ,0.12052711844444275
1966,Mark  Donohue ,0.12153922021389008
1967,Mark  Donohue ,0.12219074368476868
1968,Mark  Donohue ,0.12267273664474487
1969,Mark  Donohue ,0.12335795164108276
1970,Mark  Donohue ,0.12632355093955994
1971,Mark  Donohue ,0.09378865361213684
1972,Mark  Donohue ,0.12425629794597626
1973,Mark  Donohue ,0.12409912049770355
1974,Mark  Donohue ,0.12899258732795715
1975,Mark  Donohue ,0.16299988329410553
1976,Mark  Donohue ,0.1273231953382492
1977,Mark  Donohue ,0.12332010269165039
1978,Mark  Donohue ,0.1238618791103363
1979,Mark  Donohue ,0.12471184134483337
1980,Mark  Donohue ,0.12507891654968262
1981,Mark  Donohue ,0.12508222460746765
1982,Mark  Donohue ,0.12492695450782776
1983,Mark  Donohue ,0.12473976612091064
1984,Mark  Donohue ,0.12457582354545593
1985,Mark  Donohue ,0.12445048987865448
1986,Mark  Donohue ,0.12436187267303467
1987,Mark  Donohue ,0.1243026852607727
1988,Mark  Donohue ,0.12426522374153137
1989,Mark  Donohue ,0.12424331903457642
1990,Mark  Donohue ,0.12423230707645416
1991,Mark  Donohue ,0.1242290586233139
1992,Mark  Donohue ,0.1242314875125885
1993,Mark  Donohue ,0.12423846125602722
1994,Mark  Donohue ,0.12424933910369873
1995,Mark  Donohue ,0.12426407635211945
1996,Mark  Donohue ,0.12428277730941772
1997,Mark  Donohue ,0.12430597841739655
1998,Mark  Donohue ,0.12433445453643799
1999,Mark  Donohue ,0.12436914443969727
2000,Mark  Donohue ,0.12441140413284302
2001,Mark  Donohue ,0.12446281313896179
2002,Mark  Donohue ,0.12452530860900879
2003,Mark  Donohue ,0.12460149824619293
2004,Mark  Donohue ,0.12469425797462463
2005,Mark  Donohue ,0.12480735778808594
2006,Mark  Donohue ,0.12494531273841858
2007,Mark  Donohue ,0.1251136064529419
2008,Mark  Donohue ,0.12531892955303192
2009,Mark  Donohue ,0.12556907534599304
2010,Mark  Donohue ,0.12587299942970276
2011,Mark  Donohue ,0.12624028325080872
2012,Mark  Donohue ,0.12667980790138245
2013,Mark  Donohue ,0.12719720602035522
2014,Mark  Donohue ,0.1277894377708435
2015,Mark  Donohue ,0.12843531370162964
2016,Mark  Donohue ,0.12907953560352325
2017,Mark  Donohue ,0.1296088695526123
2018,Mark  Donohue ,0.1298215389251709
2019,Mark  Donohue ,0.12939642369747162
2020,Mark  Donohue ,0.12786978483200073
2021,Mark  Donohue ,0.1245797723531723
2022,Mark  Donohue ,0.11832524836063385
2023,Mark  Donohue ,0.10611215233802795
2024,Mark  Donohue ,0.08146984875202179
2025,Mark  Donohue ,0.039903052151203156
2026,Mark  Donohue ,-0.06969387829303741
2027,Mark  Donohue ,-0.07349970936775208
2028,Mark  Donohue ,-0.07349970936775208
2029,Mark  Donohue ,-0.07349970936775208
2030,Mark  Donohue ,-0.07349970936775208
1958,Mark  Webber ,0.11337611079216003
1959,Mark  Webber ,0.11132842302322388
1960,Mark  Webber ,0.11172378063201904
1961,Mark  Webber ,0.11314009130001068
1962,Mark  Webber ,0.11504921317100525
1963,Mark  Webber ,0.11702956259250641
1964,Mark  Webber ,0.11881138384342194
1965,Mark  Webber ,0.12027765810489655
1966,Mark  Webber ,0.12141422927379608
1967,Mark  Webber ,0.1222589761018753
1968,Mark  Webber ,0.12286791205406189
1969,Mark  Webber ,0.12329702079296112
1970,Mark  Webber ,0.12359431385993958
1971,Mark  Webber ,0.12379786372184753
1972,Mark  Webber ,0.12393626570701599
1973,Mark  Webber ,0.12403044104576111
1974,Mark  Webber ,0.1240951418876648
1975,Mark  Webber ,0.12414079904556274
1976,Mark  Webber ,0.12417452037334442
1977,Mark  Webber ,0.12420131266117096
1978,Mark  Webber ,0.12422463297843933
1979,Mark  Webber ,0.12424704432487488
1980,Mark  Webber ,0.124270498752594
1981,Mark  Webber ,0.1242966502904892
1982,Mark  Webber ,0.12432700395584106
1983,Mark  Webber ,0.12436310946941376
1984,Mark  Webber ,0.12440674006938934
1985,Mark  Webber ,0.12445975840091705
1986,Mark  Webber ,0.12452453374862671
1987,Mark  Webber ,0.12460367381572723
1988,Mark  Webber ,0.1247001439332962
1989,Mark  Webber ,0.12481731176376343
1990,Mark  Webber ,0.12495836615562439
1991,Mark  Webber ,0.1251257061958313
1992,Mark  Webber ,0.12531955540180206
1993,Mark  Webber ,0.12553445994853973
1994,Mark  Webber ,0.12575235962867737
1995,Mark  Webber ,0.12592953443527222
1996,Mark  Webber ,0.12597420811653137
1997,Mark  Webber ,0.12572231888771057
1998,Mark  Webber ,0.12495501339435577
1999,Mark  Webber ,0.12362426519393921
2000,Mark  Webber ,0.12268984317779541
2001,Mark  Webber ,0.1276949793100357
2002,Mark  Webber ,0.15060481429100037
2003,Mark  Webber ,0.21889778971672058
2004,Mark  Webber ,0.19113025069236755
2005,Mark  Webber ,0.2419063150882721
2006,Mark  Webber ,0.1730981022119522
2007,Mark  Webber ,0.19493456184864044
2008,Mark  Webber ,0.21079882979393005
2009,Mark  Webber ,0.35481300950050354
2010,Mark  Webber ,0.51119065284729
2011,Mark  Webber ,0.5631227493286133
2012,Mark  Webber ,0.4798795282840729
2013,Mark  Webber ,0.5025523900985718
2014,Mark  Webber ,0.13014325499534607
2015,Mark  Webber ,0.12427474558353424
2016,Mark  Webber ,0.13057073950767517
2017,Mark  Webber ,0.13586696982383728
2018,Mark  Webber ,0.13730314373970032
2019,Mark  Webber ,0.13614672422409058
2020,Mark  Webber ,0.13322651386260986
2021,Mark  Webber ,0.12854814529418945
2022,Mark  Webber ,0.12115363776683807
2023,Mark  Webber ,0.10808080434799194
2024,Mark  Webber ,0.08280074596405029
2025,Mark  Webber ,0.039903052151203156
2026,Mark  Webber ,-0.06969387829303741
2027,Mark  Webber ,-0.07349970936775208
2028,Mark  Webber ,-0.07349970936775208
2029,Mark  Webber ,-0.07349970936775208
2030,Mark  Webber ,-0.07349970936775208
1958,Martin  Brundle ,0.11338086426258087
1959,Martin  Brundle ,0.11134207248687744
1960,Martin  Brundle ,0.11174416542053223
1961,Martin  Brundle ,0.11316731572151184
1962,Martin  Brundle ,0.11508423089981079
1963,Martin  Brundle ,0.11707381904125214
1964,Martin  Brundle ,0.11886666715145111
1965,Martin  Brundle ,0.12034624814987183
1966,Martin  Brundle ,0.1214989721775055
1967,Martin  Brundle ,0.12236332893371582
1968,Martin  Brundle ,0.12299622595310211
1969,Martin  Brundle ,0.12345468997955322
1970,Martin  Brundle ,0.12378796935081482
1971,Martin  Brundle ,0.12403562664985657
1972,Martin  Brundle ,0.12422797083854675
1973,Martin  Brundle ,0.12438759207725525
1974,Martin  Brundle ,0.1245308518409729
1975,Martin  Brundle ,0.12466888129711151
1976,Martin  Brundle ,0.12480728328227997
1977,Martin  Brundle ,0.12494415044784546
1978,Martin  Brundle ,0.12506432831287384
1979,Martin  Brundle ,0.1251278519630432
1980,Martin  Brundle ,0.125051349401474
1981,Martin  Brundle ,0.1246919333934784
1982,Martin  Brundle ,0.12388691306114197
1983,Martin  Brundle ,0.12273639440536499
1984,Martin  Brundle ,0.12263774871826172
1985,Martin  Brundle ,0.12947019934654236
1986,Martin  Brundle ,0.19865602254867554
1987,Martin  Brundle ,0.13188542425632477
1988,Martin  Brundle ,0.12277074158191681
1989,Martin  Brundle ,0.10537149012088776
1990,Martin  Brundle ,0.12339583039283752
1991,Martin  Brundle ,0.15047605335712433
1992,Martin  Brundle ,0.2909105122089386
1993,Martin  Brundle ,0.2573722302913666
1994,Martin  Brundle ,0.25802090764045715
1995,Martin  Brundle ,0.1897675096988678
1996,Martin  Brundle ,0.21094182133674622
1997,Martin  Brundle ,0.12753166258335114
1998,Martin  Brundle ,0.12491714954376221
1999,Martin  Brundle ,0.127441868185997
2000,Martin  Brundle ,0.1289699822664261
2001,Martin  Brundle ,0.12900123000144958
2002,Martin  Brundle ,0.12830382585525513
2003,Martin  Brundle ,0.12745395302772522
2004,Martin  Brundle ,0.12672407925128937
2005,Martin  Brundle ,0.1261976659297943
2006,Martin  Brundle ,0.12587280571460724
2007,Martin  Brundle ,0.12572044134140015
2008,Martin  Brundle ,0.12570986151695251
2009,Martin  Brundle ,0.1258176863193512
2010,Martin  Brundle ,0.12602928280830383
2011,Martin  Brundle ,0.1263374537229538
2012,Martin  Brundle ,0.12673965096473694
2013,Martin  Brundle ,0.12723372876644135
2014,Martin  Brundle ,0.1278115212917328
2015,Martin  Brundle ,0.12844859063625336
2016,Martin  Brundle ,0.1290874183177948
2017,Martin  Brundle ,0.12961354851722717
2018,Martin  Brundle ,0.12982428073883057
2019,Martin  Brundle ,0.12939803302288055
2020,Martin  Brundle ,0.12787072360515594
2021,Martin  Brundle ,0.12458032369613647
2022,Martin  Brundle ,0.11832556128501892
2023,Martin  Brundle ,0.10611236095428467
2024,Martin  Brundle ,0.08146995306015015
2025,Martin  Brundle ,0.039903052151203156
2026,Martin  Brundle ,-0.06969387829303741
2027,Martin  Brundle ,-0.07349970936775208
2028,Martin  Brundle ,-0.07349970936775208
2029,Martin  Brundle ,-0.07349970936775208
2030,Martin  Brundle ,-0.07349970936775208
1958,Masten  Gregory ,0.1177724301815033
1959,Masten  Gregory ,0.22973152995109558
1960,Masten  Gregory ,0.11940351128578186
1961,Masten  Gregory ,0.11377328634262085
1962,Masten  Gregory ,0.12896203994750977
1963,Masten  Gregory ,0.07224838435649872
1964,Masten  Gregory ,0.11888167262077332
1965,Masten  Gregory ,0.1226155161857605
1966,Masten  Gregory ,0.12483905255794525
1967,Masten  Gregory ,0.1254013478755951
1968,Masten  Gregory ,0.1253281533718109
1969,Masten  Gregory ,0.12506523728370667
1970,Masten  Gregory ,0.12479966878890991
1971,Masten  Gregory ,0.12458863854408264
1972,Masten  Gregory ,0.1244376003742218
1973,Masten  Gregory ,0.12433561682701111
1974,Masten  Gregory ,0.12426948547363281
1975,Masten  Gregory ,0.12422804534435272
1976,Masten  Gregory ,0.12420293688774109
1977,Masten  Gregory ,0.12418840825557709
1978,Masten  Gregory ,0.12418049573898315
1979,Masten  Gregory ,0.12417668104171753
1980,Masten  Gregory ,0.12417532503604889
1981,Masten  Gregory ,0.12417545914649963
1982,Masten  Gregory ,0.1241765171289444
1983,Masten  Gregory ,0.1241782009601593
1984,Masten  Gregory ,0.12418034672737122
1985,Masten  Gregory ,0.12418290972709656
1986,Masten  Gregory ,0.12418600916862488
1987,Masten  Gregory ,0.12418967485427856
1988,Masten  Gregory ,0.12419398128986359
1989,Masten  Gregory ,0.12419918179512024
1990,Masten  Gregory ,0.12420544028282166
1991,Masten  Gregory ,0.12421292066574097
1992,Masten  Gregory ,0.12422199547290802
1993,Masten  Gregory ,0.12423297762870789
1994,Masten  Gregory ,0.12424623966217041
1995,Masten  Gregory ,0.12426233291625977
1996,Masten  Gregory ,0.1242818534374237
1997,Masten  Gregory ,0.12430548667907715
1998,Masten  Gregory ,0.12433421611785889
1999,Masten  Gregory ,0.1243690550327301
2000,Masten  Gregory ,0.12441137433052063
2001,Masten  Gregory ,0.12446284294128418
2002,Masten  Gregory ,0.12452535331249237
2003,Masten  Gregory ,0.12460151314735413
2004,Masten  Gregory ,0.12469428777694702
2005,Masten  Gregory ,0.12480737268924713
2006,Masten  Gregory ,0.12494528293609619
2007,Masten  Gregory ,0.1251136064529419
2008,Masten  Gregory ,0.12531894445419312
2009,Masten  Gregory ,0.12556907534599304
2010,Masten  Gregory ,0.12587302923202515
2011,Masten  Gregory ,0.1262402981519699
2012,Masten  Gregory ,0.12667980790138245
2013,Masten  Gregory ,0.12719720602035522
2014,Masten  Gregory ,0.1277894377708435
2015,Masten  Gregory ,0.12843531370162964
2016,Masten  Gregory ,0.12907953560352325
2017,Masten  Gregory ,0.1296088695526123
2018,Masten  Gregory ,0.1298215091228485
2019,Masten  Gregory ,0.12939642369747162
2020,Masten  Gregory ,0.12786978483200073
2021,Masten  Gregory ,0.12457975745201111
2022,Masten  Gregory ,0.11832524836063385
2023,Masten  Gregory ,0.10611218214035034
2024,Masten  Gregory ,0.08146984875202179
2025,Masten  Gregory ,0.039903052151203156
2026,Masten  Gregory ,-0.06969387829303741
2027,Masten  Gregory ,-0.07349970936775208
2028,Masten  Gregory ,-0.07349970936775208
2029,Masten  Gregory ,-0.07349970936775208
2030,Masten  Gregory ,-0.07349970936775208
1958,Maurice Trintignant ,0.23670560121536255
1959,Maurice Trintignant ,0.2798316180706024
1960,Maurice Trintignant ,0.11779031157493591
1961,Maurice Trintignant ,0.10248655080795288
1962,Maurice Trintignant ,0.1095547080039978
1963,Maurice Trintignant ,0.1439809799194336
1964,Maurice Trintignant ,0.16780877113342285
1965,Maurice Trintignant ,0.12019017338752747
1966,Maurice Trintignant ,0.11882485449314117
1967,Maurice Trintignant ,0.12209564447402954
1968,Maurice Trintignant ,0.12444928288459778
1969,Maurice Trintignant ,0.12541088461875916
1970,Maurice Trintignant ,0.12554660439491272
1971,Maurice Trintignant ,0.1253402829170227
1972,Maurice Trintignant ,0.1250532865524292
1973,Maurice Trintignant ,0.12479381263256073
1974,Maurice Trintignant ,0.12459254264831543
1975,Maurice Trintignant ,0.12444818019866943
1976,Maurice Trintignant ,0.1243494302034378
1977,Maurice Trintignant ,0.12428420782089233
1978,Maurice Trintignant ,0.12424218654632568
1979,Maurice Trintignant ,0.12421593070030212
1980,Maurice Trintignant ,0.12420006096363068
1981,Maurice Trintignant ,0.12419085204601288
1982,Maurice Trintignant ,0.12418605387210846
1983,Maurice Trintignant ,0.12418404221534729
1984,Maurice Trintignant ,0.12418389320373535
1985,Maurice Trintignant ,0.12418508529663086
1986,Maurice Trintignant ,0.12418729066848755
1987,Maurice Trintignant ,0.12419043481349945
1988,Maurice Trintignant ,0.12419447302818298
1989,Maurice Trintignant ,0.12419946491718292
1990,Maurice Trintignant ,0.1242055892944336
1991,Maurice Trintignant ,0.12421303987503052
1992,Maurice Trintignant ,0.1242220550775528
1993,Maurice Trintignant ,0.12423300743103027
1994,Maurice Trintignant ,0.12424628436565399
1995,Maurice Trintignant ,0.12426236271858215
1996,Maurice Trintignant ,0.1242818534374237
1997,Maurice Trintignant ,0.12430550158023834
1998,Maurice Trintignant ,0.1243341863155365
1999,Maurice Trintignant ,0.1243690550327301
2000,Maurice Trintignant ,0.12441135942935944
2001,Maurice Trintignant ,0.12446282804012299
2002,Maurice Trintignant ,0.12452535331249237
2003,Maurice Trintignant ,0.12460151314735413
2004,Maurice Trintignant ,0.12469427287578583
2005,Maurice Trintignant ,0.12480735778808594
2006,Maurice Trintignant ,0.12494529783725739
2007,Maurice Trintignant ,0.1251136064529419
2008,Maurice Trintignant ,0.12531894445419312
2009,Maurice Trintignant ,0.12556907534599304
2010,Maurice Trintignant ,0.12587301433086395
2011,Maurice Trintignant ,0.12624028325080872
2012,Maurice Trintignant ,0.12667980790138245
2013,Maurice Trintignant ,0.12719719111919403
2014,Maurice Trintignant ,0.1277894377708435
2015,Maurice Trintignant ,0.12843531370162964
2016,Maurice Trintignant ,0.12907952070236206
2017,Maurice Trintignant ,0.1296088546514511
2018,Maurice Trintignant ,0.1298215091228485
2019,Maurice Trintignant ,0.12939642369747162
2020,Maurice Trintignant ,0.12786979973316193
2021,Maurice Trintignant ,0.12457975745201111
2022,Maurice Trintignant ,0.11832524836063385
2023,Maurice Trintignant ,0.10611218214035034
2024,Maurice Trintignant ,0.08146986365318298
2025,Maurice Trintignant ,0.039903052151203156
2026,Maurice Trintignant ,-0.06969387829303741
2027,Maurice Trintignant ,-0.07349970936775208
2028,Maurice Trintignant ,-0.07349970936775208
2029,Maurice Trintignant ,-0.07349970936775208
2030,Maurice Trintignant ,-0.07349970936775208
1958,Mauricio  Gugelmin ,0.11337786912918091
1959,Mauricio  Gugelmin ,0.11133347451686859
1960,Mauricio  Gugelmin ,0.11173132061958313
1961,Mauricio  Gugelmin ,0.11315017938613892
1962,Mauricio  Gugelmin ,0.11506220698356628
1963,Mauricio  Gugelmin ,0.11704599857330322
1964,Mauricio  Gugelmin ,0.11883190274238586
1965,Mauricio  Gugelmin ,0.12030313909053802
1966,Mauricio  Gugelmin ,0.1214456856250763
1967,Mauricio  Gugelmin ,0.12229776382446289
1968,Mauricio  Gugelmin ,0.12291567027568817
1969,Mauricio  Gugelmin ,0.12335583567619324
1970,Mauricio  Gugelmin ,0.12366676330566406
1971,Mauricio  Gugelmin ,0.12388715147972107
1972,Mauricio  Gugelmin ,0.12404635548591614
1973,Mauricio  Gugelmin ,0.1241660863161087
1974,Mauricio  Gugelmin ,0.12426206469535828
1975,Mauricio  Gugelmin ,0.12434530258178711
1976,Mauricio  Gugelmin ,0.12442336976528168
1977,Mauricio  Gugelmin ,0.12450037896633148
1978,Mauricio  Gugelmin ,0.1245763897895813
1979,Mauricio  Gugelmin ,0.12464484572410583
1980,Mauricio  Gugelmin ,0.12468643486499786
1981,Mauricio  Gugelmin ,0.12465712428092957
1982,Mauricio  Gugelmin ,0.12446823716163635
1983,Mauricio  Gugelmin ,0.12396632134914398
1984,Mauricio  Gugelmin ,0.12295767664909363
1985,Mauricio  Gugelmin ,0.12145109474658966
1986,Mauricio  Gugelmin ,0.12056131660938263
1987,Mauricio  Gugelmin ,0.1258896142244339
1988,Mauricio  Gugelmin ,0.17731207609176636
1989,Mauricio  Gugelmin ,0.15012210607528687
1990,Mauricio  Gugelmin ,0.13610658049583435
1991,Mauricio  Gugelmin ,0.12309561669826508
1992,Mauricio  Gugelmin ,0.12262175977230072
1993,Mauricio  Gugelmin ,0.12521980702877045
1994,Mauricio  Gugelmin ,0.12657129764556885
1995,Mauricio  Gugelmin ,0.12678082287311554
1996,Mauricio  Gugelmin ,0.12643550336360931
1997,Mauricio  Gugelmin ,0.12594538927078247
1998,Mauricio  Gugelmin ,0.12550175189971924
1999,Mauricio  Gugelmin ,0.12516537308692932
2000,Mauricio  Gugelmin ,0.12493859231472015
2001,Mauricio  Gugelmin ,0.12480407953262329
2002,Mauricio  Gugelmin ,0.12474226951599121
2003,Mauricio  Gugelmin ,0.12473708391189575
2004,Mauricio  Gugelmin ,0.12477773427963257
2005,Mauricio  Gugelmin ,0.12485793232917786
2006,Mauricio  Gugelmin ,0.12497548758983612
2007,Mauricio  Gugelmin ,0.12513130903244019
2008,Mauricio  Gugelmin ,0.1253291666507721
2009,Mauricio  Gugelmin ,0.12557487189769745
2010,Mauricio  Gugelmin ,0.12587623298168182
2011,Mauricio  Gugelmin ,0.1262420117855072
2012,Mauricio  Gugelmin ,0.12668070197105408
2013,Mauricio  Gugelmin ,0.12719762325286865
2014,Mauricio  Gugelmin ,0.12778961658477783
2015,Mauricio  Gugelmin ,0.1284353882074356
2016,Mauricio  Gugelmin ,0.12907953560352325
2017,Mauricio  Gugelmin ,0.1296088695526123
2018,Mauricio  Gugelmin ,0.1298215091228485
2019,Mauricio  Gugelmin ,0.12939640879631042
2020,Mauricio  Gugelmin ,0.12786978483200073
2021,Mauricio  Gugelmin ,0.12457975745201111
2022,Mauricio  Gugelmin ,0.11832524836063385
2023,Mauricio  Gugelmin ,0.10611215233802795
2024,Mauricio  Gugelmin ,0.0814698338508606
2025,Mauricio  Gugelmin ,0.039903052151203156
2026,Mauricio  Gugelmin ,-0.06969387829303741
2027,Mauricio  Gugelmin ,-0.07349970936775208
2028,Mauricio  Gugelmin ,-0.07349970936775208
2029,Mauricio  Gugelmin ,-0.07349970936775208
2030,Mauricio  Gugelmin ,-0.07349970936775208
1958,Mauro  Baldi ,0.11338108777999878
1959,Mauro  Baldi ,0.11134220659732819
1960,Mauro  Baldi ,0.11174437403678894
1961,Mauro  Baldi ,0.11316774785518646
1962,Mauro  Baldi ,0.11508503556251526
1963,Mauro  Baldi ,0.11707520484924316
1964,Mauro  Baldi ,0.11886894702911377
1965,Mauro  Baldi ,0.12034989893436432
1966,Mauro  Baldi ,0.12150448560714722
1967,Mauro  Baldi ,0.1223713606595993
1968,Mauro  Baldi ,0.12300737202167511
1969,Mauro  Baldi ,0.12346924841403961
1970,Mauro  Baldi ,0.12380534410476685
1971,Mauro  Baldi ,0.12405315041542053
1972,Mauro  Baldi ,0.12423837184906006
1973,Mauro  Baldi ,0.12437427043914795
1974,Mauro  Baldi ,0.124458447098732
1975,Mauro  Baldi ,0.12446583807468414
1976,Mauro  Baldi ,0.12433743476867676
1977,Mauro  Baldi ,0.12396895885467529
1978,Mauro  Baldi ,0.12322516739368439
1979,Mauro  Baldi ,0.12207339704036713
1980,Mauro  Baldi ,0.12088799476623535
1981,Mauro  Baldi ,0.12350878119468689
1982,Mauro  Baldi ,0.0950351357460022
1983,Mauro  Baldi ,0.1518709659576416
1984,Mauro  Baldi ,0.1255863755941391
1985,Mauro  Baldi ,0.123249351978302
1986,Mauro  Baldi ,0.12459492683410645
1987,Mauro  Baldi ,0.12558896839618683
1988,Mauro  Baldi ,0.1258377730846405
1989,Mauro  Baldi ,0.1256595253944397
1990,Mauro  Baldi ,0.12534070014953613
1991,Mauro  Baldi ,0.12503039836883545
1992,Mauro  Baldi ,0.12478254735469818
1993,Mauro  Baldi ,0.12460452318191528
1994,Mauro  Baldi ,0.12448626756668091
1995,Mauro  Baldi ,0.12441414594650269
1996,Mauro  Baldi ,0.12437604367733002
1997,Mauro  Baldi ,0.12436290085315704
1998,Mauro  Baldi ,0.12436851859092712
1999,Mauro  Baldi ,0.12438918650150299
2000,Mauro  Baldi ,0.12442292273044586
2001,Mauro  Baldi ,0.12446928024291992
2002,Mauro  Baldi ,0.12452886998653412
2003,Mauro  Baldi ,0.12460336089134216
2004,Mauro  Baldi ,0.12469518184661865
2005,Mauro  Baldi ,0.12480777502059937
2006,Mauro  Baldi ,0.12494544684886932
2007,Mauro  Baldi ,0.12511363625526428
2008,Mauro  Baldi ,0.12531891465187073
2009,Mauro  Baldi ,0.12556904554367065
2010,Mauro  Baldi ,0.12587296962738037
2011,Mauro  Baldi ,0.12624026834964752
2012,Mauro  Baldi ,0.12667979300022125
2013,Mauro  Baldi ,0.12719717621803284
2014,Mauro  Baldi ,0.1277894377708435
2015,Mauro  Baldi ,0.12843529880046844
2016,Mauro  Baldi ,0.12907952070236206
2017,Mauro  Baldi ,0.1296088695526123
2018,Mauro  Baldi ,0.1298215240240097
2019,Mauro  Baldi ,0.1293964385986328
2020,Mauro  Baldi ,0.12786976993083954
2021,Mauro  Baldi ,0.1245797723531723
2022,Mauro  Baldi ,0.11832524836063385
2023,Mauro  Baldi ,0.10611218214035034
2024,Mauro  Baldi ,0.08146986365318298
2025,Mauro  Baldi ,0.039903052151203156
2026,Mauro  Baldi ,-0.06969387829303741
2027,Mauro  Baldi ,-0.07349970936775208
2028,Mauro  Baldi ,-0.07349970936775208
2029,Mauro  Baldi ,-0.07349970936775208
2030,Mauro  Baldi ,-0.07349970936775208
1958,Max  Chilton ,0.11337575316429138
1959,Max  Chilton ,0.11132732033729553
1960,Max  Chilton ,0.11172215640544891
1961,Max  Chilton ,0.11313794553279877
1962,Max  Chilton ,0.11504645645618439
1963,Max  Chilton ,0.11702612042427063
1964,Max  Chilton ,0.11880704760551453
1965,Max  Chilton ,0.12027232348918915
1966,Max  Chilton ,0.12140771746635437
1967,Max  Chilton ,0.12225103378295898
1968,Max  Chilton ,0.12285822629928589
1969,Max  Chilton ,0.1232852190732956
1970,Max  Chilton ,0.12357999384403229
1971,Max  Chilton ,0.12378044426441193
1972,Max  Chilton ,0.12391519546508789
1973,Max  Chilton ,0.12400485575199127
1974,Max  Chilton ,0.12406416237354279
1975,Max  Chilton ,0.12410320341587067
1976,Max  Chilton ,0.12412890791893005
1977,Max  Chilton ,0.12414591014385223
1978,Max  Chilton ,0.12415735423564911
1979,Max  Chilton ,0.12416529655456543
1980,Max  Chilton ,0.12417104840278625
1981,Max  Chilton ,0.12417565286159515
1982,Max  Chilton ,0.12417960166931152
1983,Max  Chilton ,0.12418340146541595
1984,Max  Chilton ,0.12418733537197113
1985,Max  Chilton ,0.12419170141220093
1986,Max  Chilton ,0.12419673800468445
1987,Max  Chilton ,0.1242026537656784
1988,Max  Chilton ,0.12420976161956787
1989,Max  Chilton ,0.12421834468841553
1990,Max  Chilton ,0.12422871589660645
1991,Max  Chilton ,0.12424135208129883
1992,Max  Chilton ,0.12425673007965088
1993,Max  Chilton ,0.12427550554275513
1994,Max  Chilton ,0.12429851293563843
1995,Max  Chilton ,0.12432673573493958
1996,Max  Chilton ,0.12436133623123169
1997,Max  Chilton ,0.12440384924411774
1998,Max  Chilton ,0.1244560033082962
1999,Max  Chilton ,0.12451991438865662
2000,Max  Chilton ,0.12459775805473328
2001,Max  Chilton ,0.12469179928302765
2002,Max  Chilton ,0.12480363249778748
2003,Max  Chilton ,0.1249329149723053
2004,Max  Chilton ,0.12507519125938416
2005,Max  Chilton ,0.12521713972091675
2006,Max  Chilton ,0.12532910704612732
2007,Max  Chilton ,0.12535470724105835
2008,Max  Chilton ,0.12520350515842438
2009,Max  Chilton ,0.124770388007164
2010,Max  Chilton ,0.1240568459033966
2011,Max  Chilton ,0.12338486313819885
2012,Max  Chilton ,0.12555675208568573
2013,Max  Chilton ,0.08878347277641296
2014,Max  Chilton ,0.10811629891395569
2015,Max  Chilton ,0.12789875268936157
2016,Max  Chilton ,0.12911154329776764
2017,Max  Chilton ,0.13121739029884338
2018,Max  Chilton ,0.13193519413471222
2019,Max  Chilton ,0.13136540353298187
2020,Max  Chilton ,0.12944109737873077
2021,Max  Chilton ,0.12573227286338806
2022,Max  Chilton ,0.11912962794303894
2023,Max  Chilton ,0.10665595531463623
2024,Max  Chilton ,0.08182322978973389
2025,Max  Chilton ,0.039903052151203156
2026,Max  Chilton ,-0.06969387829303741
2027,Max  Chilton ,-0.07349970936775208
2028,Max  Chilton ,-0.07349970936775208
2029,Max  Chilton ,-0.07349970936775208
2030,Max  Chilton ,-0.07349970936775208
1958,Max  Verstappen ,0.11337578296661377
1959,Max  Verstappen ,0.11132748425006866
1960,Max  Verstappen ,0.11172236502170563
1961,Max  Verstappen ,0.11313822865486145
1962,Max  Verstappen ,0.11504682898521423
1963,Max  Verstappen ,0.11702656745910645
1964,Max  Verstappen ,0.11880764365196228
1965,Max  Verstappen ,0.12027305364608765
1966,Max  Verstappen ,0.121408611536026
1967,Max  Verstappen ,0.12225210666656494
1968,Max  Verstappen ,0.12285955250263214
1969,Max  Verstappen ,0.12328681349754333
1970,Max  Verstappen ,0.12358194589614868
1971,Max  Verstappen ,0.12378281354904175
1972,Max  Verstappen ,0.12391805648803711
1973,Max  Verstappen ,0.12400835752487183
1974,Max  Verstappen ,0.12406834959983826
1975,Max  Verstappen ,0.12410828471183777
1976,Max  Verstappen ,0.1241350769996643
1977,Max  Verstappen ,0.12415337562561035
1978,Max  Verstappen ,0.12416642904281616
1979,Max  Verstappen ,0.12417629361152649
1980,Max  Verstappen ,0.12418437004089355
1981,Max  Verstappen ,0.12419173121452332
1982,Max  Verstappen ,0.12419909238815308
1983,Max  Verstappen ,0.1242070198059082
1984,Max  Verstappen ,0.12421593070030212
1985,Max  Verstappen ,0.12422633171081543
1986,Max  Verstappen ,0.12423868477344513
1987,Max  Verstappen ,0.12425351142883301
1988,Max  Verstappen ,0.12427136301994324
1989,Max  Verstappen ,0.1242929995059967
1990,Max  Verstappen ,0.12431921064853668
1991,Max  Verstappen ,0.12435100972652435
1992,Max  Verstappen ,0.12438969314098358
1993,Max  Verstappen ,0.12443673610687256
1994,Max  Verstappen ,0.12449406087398529
1995,Max  Verstappen ,0.12456393241882324
1996,Max  Verstappen ,0.12464912235736847
1997,Max  Verstappen ,0.12475311756134033
1998,Max  Verstappen ,0.1248801052570343
1999,Max  Verstappen ,0.12503501772880554
2000,Max  Verstappen ,0.1252238154411316
2001,Max  Verstappen ,0.12545335292816162
2002,Max  Verstappen ,0.12573151290416718
2003,Max  Verstappen ,0.12606677412986755
2004,Max  Verstappen ,0.12646770477294922
2005,Max  Verstappen ,0.12694138288497925
2006,Max  Verstappen ,0.12748967111110687
2007,Max  Verstappen ,0.12810015678405762
2008,Max  Verstappen ,0.1287272572517395
2009,Max  Verstappen ,0.12925805151462555
2010,Max  Verstappen ,0.129473477602005
2011,Max  Verstappen ,0.12908615171909332
2012,Max  Verstappen ,0.1281527578830719
2013,Max  Verstappen ,0.12873034179210663
2014,Max  Verstappen ,0.1397533416748047
2015,Max  Verstappen ,0.23345831036567688
2016,Max  Verstappen ,0.46039482951164246
2017,Max  Verstappen ,0.46597179770469666
2018,Max  Verstappen ,0.5432898998260498
2019,Max  Verstappen ,0.5905076265335083
2020,Max  Verstappen ,0.5865194797515869
2021,Max  Verstappen ,0.7816035747528076
2022,Max  Verstappen ,0.8716229200363159
2023,Max  Verstappen ,0.9299542903900146
2024,Max  Verstappen ,0.4910116493701935
2025,Max  Verstappen ,0.26972249150276184
2026,Max  Verstappen ,0.08305323123931885
2027,Max  Verstappen ,0.05054118484258652
2028,Max  Verstappen ,0.04507311433553696
2029,Max  Verstappen ,0.04415919631719589
2030,Max  Verstappen ,0.04400660842657089
1958,Michael  Andretti ,0.11337602138519287
1959,Michael  Andretti ,0.11132816970348358
1960,Michael  Andretti ,0.111723393201828
1961,Michael  Andretti ,0.1131395697593689
1962,Michael  Andretti ,0.11504855751991272
1963,Michael  Andretti ,0.11702874302864075
1964,Michael  Andretti ,0.11881035566329956
1965,Michael  Andretti ,0.12027642130851746
1966,Michael  Andretti ,0.1214127242565155
1967,Michael  Andretti ,0.12225715816020966
1968,Michael  Andretti ,0.1228657215833664
1969,Michael  Andretti ,0.123294398188591
1970,Michael  Andretti ,0.12359116971492767
1971,Michael  Andretti ,0.12379415333271027
1972,Michael  Andretti ,0.12393191456794739
1973,Michael  Andretti ,0.1240253746509552
1974,Michael  Andretti ,0.1240893304347992
1975,Michael  Andretti ,0.12413404881954193
1976,Michael  Andretti ,0.12416672706604004
1977,Michael  Andretti ,0.12419229745864868
1978,Michael  Andretti ,0.1242140680551529
1979,Michael  Andretti ,0.12423431873321533
1980,Michael  Andretti ,0.12425446510314941
1981,Michael  Andretti ,0.12427514791488647
1982,Michael  Andretti ,0.12429594993591309
1983,Michael  Andretti ,0.12431463599205017
1984,Michael  Andretti ,0.12432515621185303
1985,Michael  Andretti ,0.12431293725967407
1986,Michael  Andretti ,0.12424613535404205
1987,Michael  Andretti ,0.12406007945537567
1988,Michael  Andretti ,0.12364324927330017
1989,Michael  Andretti ,0.12286871671676636
1990,Michael  Andretti ,0.12183770537376404
1991,Michael  Andretti ,0.12183231115341187
1992,Michael  Andretti ,0.1276920735836029
1993,Michael  Andretti ,0.21272185444831848
1994,Michael  Andretti ,0.1277836710214615
1995,Michael  Andretti ,0.12140873074531555
1996,Michael  Andretti ,0.12215526401996613
1997,Michael  Andretti ,0.123797208070755
1998,Michael  Andretti ,0.12474846839904785
1999,Michael  Andretti ,0.12509426474571228
2000,Michael  Andretti ,0.12512564659118652
2001,Michael  Andretti ,0.12504655122756958
2002,Michael  Andretti ,0.12496015429496765
2003,Michael  Andretti ,0.12490817904472351
2004,Michael  Andretti ,0.12490305304527283
2005,Michael  Andretti ,0.12494596838951111
2006,Michael  Andretti ,0.12503556907176971
2007,Michael  Andretti ,0.1251714825630188
2008,Michael  Andretti ,0.12535551190376282
2009,Michael  Andretti ,0.1255919337272644
2010,Michael  Andretti ,0.12588715553283691
2011,Michael  Andretti ,0.12624895572662354
2012,Michael  Andretti ,0.12668505311012268
2013,Michael  Andretti ,0.12720036506652832
2014,Michael  Andretti ,0.12779133021831512
2015,Michael  Andretti ,0.12843644618988037
2016,Michael  Andretti ,0.1290801763534546
2017,Michael  Andretti ,0.12960924208164215
2018,Michael  Andretti ,0.1298217475414276
2019,Michael  Andretti ,0.12939654290676117
2020,Michael  Andretti ,0.1278698444366455
2021,Michael  Andretti ,0.12457981705665588
2022,Michael  Andretti ,0.11832529306411743
2023,Michael  Andretti ,0.10611218214035034
2024,Michael  Andretti ,0.08146986365318298
2025,Michael  Andretti ,0.039903052151203156
2026,Michael  Andretti ,-0.06969387829303741
2027,Michael  Andretti ,-0.07349970936775208
2028,Michael  Andretti ,-0.07349970936775208
2029,Michael  Andretti ,-0.07349970936775208
2030,Michael  Andretti ,-0.07349970936775208
1958,Michael  Schumacher ,0.11337952315807343
1959,Michael  Schumacher ,0.11133831739425659
1960,Michael  Schumacher ,0.11173859238624573
1961,Michael  Schumacher ,0.11315980553627014
1962,Michael  Schumacher ,0.11507454514503479
1963,Michael  Schumacher ,0.11706143617630005
1964,Michael  Schumacher ,0.11885106563568115
1965,Michael  Schumacher ,0.1203266978263855
1966,Michael  Schumacher ,0.12147447466850281
1967,Michael  Schumacher ,0.12233279645442963
1968,Michael  Schumacher ,0.12295809388160706
1969,Michael  Schumacher ,0.1234070360660553
1970,Michael  Schumacher ,0.1237284392118454
1971,Michael  Schumacher ,0.1239614188671112
1972,Michael  Schumacher ,0.12413571774959564
1973,Michael  Schumacher ,0.12427368760108948
1974,Michael  Schumacher ,0.12439189851284027
1975,Michael  Schumacher ,0.1245027482509613
1976,Michael  Schumacher ,0.12461575865745544
1977,Michael  Schumacher ,0.12473845481872559
1978,Michael  Schumacher ,0.12487706542015076
1979,Michael  Schumacher ,0.12503644824028015
1980,Michael  Schumacher ,0.12522003054618835
1981,Michael  Schumacher ,0.12542836368083954
1982,Michael  Schumacher ,0.12565582990646362
1983,Michael  Schumacher ,0.12588298320770264
1984,Michael  Schumacher ,0.12605905532836914
1985,Michael  Schumacher ,0.1260700225830078
1986,Michael  Schumacher ,0.12569332122802734
1987,Michael  Schumacher ,0.12459263205528259
1988,Michael  Schumacher ,0.12257717549800873
1989,Michael  Schumacher ,0.12083227932453156
1990,Michael  Schumacher ,0.1255895495414734
1991,Michael  Schumacher ,0.2029716670513153
1992,Michael  Schumacher ,0.33061131834983826
1993,Michael  Schumacher ,0.3280458152294159
1994,Michael  Schumacher ,0.3841027319431305
1995,Michael  Schumacher ,0.3972887098789215
1996,Michael  Schumacher ,0.3424449861049652
1997,Michael  Schumacher ,0.3914695382118225
1998,Michael  Schumacher ,0.3773469924926758
1999,Michael  Schumacher ,0.31698164343833923
2000,Michael  Schumacher ,0.4107215404510498
2001,Michael  Schumacher ,0.4316053092479706
2002,Michael  Schumacher ,0.4497348368167877
2003,Michael  Schumacher ,0.4158697724342346
2004,Michael  Schumacher ,0.4520803987979889
2005,Michael  Schumacher ,0.3697007894515991
2006,Michael  Schumacher ,0.4041624665260315
2007,Michael  Schumacher ,0.12620684504508972
2008,Michael  Schumacher ,0.12084648013114929
2009,Michael  Schumacher ,0.13030999898910522
2010,Michael  Schumacher ,0.2817312479019165
2011,Michael  Schumacher ,0.31853798031806946
2012,Michael  Schumacher ,0.24867534637451172
2013,Michael  Schumacher ,0.13160520792007446
2014,Michael  Schumacher ,0.12617909908294678
2015,Michael  Schumacher ,0.12959861755371094
2016,Michael  Schumacher ,0.13255512714385986
2017,Michael  Schumacher ,0.13366863131523132
2018,Michael  Schumacher ,0.13345971703529358
2019,Michael  Schumacher ,0.1322697401046753
2020,Michael  Schumacher ,0.12998516857624054
2021,Michael  Schumacher ,0.12607398629188538
2022,Michael  Schumacher ,0.11935505270957947
2023,Michael  Schumacher ,0.1068105697631836
2024,Michael  Schumacher ,0.08193236589431763
2025,Michael  Schumacher ,0.039903052151203156
2026,Michael  Schumacher ,-0.06969387829303741
2027,Michael  Schumacher ,-0.07349970936775208
2028,Michael  Schumacher ,-0.07349970936775208
2029,Michael  Schumacher ,-0.07349970936775208
2030,Michael  Schumacher ,-0.07349970936775208
1958,Michele  Alboreto ,0.11339084804058075
1959,Michele  Alboreto ,0.11137013137340546
1960,Michele  Alboreto ,0.11178609728813171
1961,Michele  Alboreto ,0.11322341859340668
1962,Michele  Alboreto ,0.11515659093856812
1963,Michele  Alboreto ,0.11716555058956146
1964,Michele  Alboreto ,0.11898162961006165
1965,Michele  Alboreto ,0.1204892247915268
1966,Michele  Alboreto ,0.12167569994926453
1967,Michele  Alboreto ,0.12258067727088928
1968,Michele  Alboreto ,0.12326206266880035
1969,Michele  Alboreto ,0.12377777695655823
1970,Michele  Alboreto ,0.12417732179164886
1971,Michele  Alboreto ,0.12449924647808075
1972,Michele  Alboreto ,0.12477022409439087
1973,Michele  Alboreto ,0.12500295042991638
1974,Michele  Alboreto ,0.12519073486328125
1975,Michele  Alboreto ,0.12529315054416656
1976,Michele  Alboreto ,0.12520909309387207
1977,Michele  Alboreto ,0.12474294006824493
1978,Michele  Alboreto ,0.12362149357795715
1979,Michele  Alboreto ,0.12179383635520935
1980,Michele  Alboreto ,0.12075468897819519
1981,Michele  Alboreto ,0.1262941211462021
1982,Michele  Alboreto ,0.24234539270401
1983,Michele  Alboreto ,0.19398483633995056
1984,Michele  Alboreto ,0.3041667640209198
1985,Michele  Alboreto ,0.34214332699775696
1986,Michele  Alboreto ,0.23801621794700623
1987,Michele  Alboreto ,0.2596091330051422
1988,Michele  Alboreto ,0.2938419282436371
1989,Michele  Alboreto ,0.18423311412334442
1990,Michele  Alboreto ,0.12381687760353088
1991,Michele  Alboreto ,0.12787142395973206
1992,Michele  Alboreto ,0.2099488079547882
1993,Michele  Alboreto ,0.13511979579925537
1994,Michele  Alboreto ,0.08467313647270203
1995,Michele  Alboreto ,0.1258016675710678
1996,Michele  Alboreto ,0.12697698175907135
1997,Michele  Alboreto ,0.12821657955646515
1998,Michele  Alboreto ,0.12805122137069702
1999,Michele  Alboreto ,0.12737330794334412
2000,Michele  Alboreto ,0.12662631273269653
2001,Michele  Alboreto ,0.12600624561309814
2002,Michele  Alboreto ,0.1255614161491394
2003,Michele  Alboreto ,0.12527871131896973
2004,Michele  Alboreto ,0.12512779235839844
2005,Michele  Alboreto ,0.12508007884025574
2006,Michele  Alboreto ,0.12511411309242249
2007,Michele  Alboreto ,0.12521645426750183
2008,Michele  Alboreto ,0.12538059055805206
2009,Michele  Alboreto ,0.12560544908046722
2010,Michele  Alboreto ,0.12589405477046967
2011,Michele  Alboreto ,0.126252219080925
2012,Michele  Alboreto ,0.12668639421463013
2013,Michele  Alboreto ,0.12720073759555817
2014,Michele  Alboreto ,0.12779125571250916
2015,Michele  Alboreto ,0.12843620777130127
2016,Michele  Alboreto ,0.1290799230337143
2017,Michele  Alboreto ,0.12960900366306305
2018,Michele  Alboreto ,0.1298215240240097
2019,Michele  Alboreto ,0.12939639389514923
2020,Michele  Alboreto ,0.12786971032619476
2021,Michele  Alboreto ,0.12457972764968872
2022,Michele  Alboreto ,0.11832520365715027
2023,Michele  Alboreto ,0.10611215233802795
2024,Michele  Alboreto ,0.0814698189496994
2025,Michele  Alboreto ,0.039903052151203156
2026,Michele  Alboreto ,-0.06969387829303741
2027,Michele  Alboreto ,-0.07349970936775208
2028,Michele  Alboreto ,-0.07349970936775208
2029,Michele  Alboreto ,-0.07349970936775208
2030,Michele  Alboreto ,-0.07349970936775208
1958,Mick  Schumacher ,0.113375723361969
1959,Mick  Schumacher ,0.11132732033729553
1960,Mick  Schumacher ,0.11172214150428772
1961,Mick  Schumacher ,0.1131378710269928
1962,Mick  Schumacher ,0.1150464117527008
1963,Mick  Schumacher ,0.11702603101730347
1964,Mick  Schumacher ,0.11880694329738617
1965,Mick  Schumacher ,0.12027221918106079
1966,Mick  Schumacher ,0.12140753865242004
1967,Mick  Schumacher ,0.12225078046321869
1968,Mick  Schumacher ,0.1228579580783844
1969,Mick  Schumacher ,0.12328492105007172
1970,Mick  Schumacher ,0.12357962131500244
1971,Mick  Schumacher ,0.12377998232841492
1972,Mick  Schumacher ,0.12391462922096252
1973,Mick  Schumacher ,0.12400418519973755
1974,Mick  Schumacher ,0.12406334280967712
1975,Mick  Schumacher ,0.12410219013690948
1976,Mick  Schumacher ,0.12412770092487335
1977,Mick  Schumacher ,0.12414447963237762
1978,Mick  Schumacher ,0.12415561079978943
1979,Mick  Schumacher ,0.1241631954908371
1980,Mick  Schumacher ,0.1241685301065445
1981,Mick  Schumacher ,0.12417253851890564
1982,Mick  Schumacher ,0.12417584657669067
1983,Mick  Schumacher ,0.12417882680892944
1984,Mick  Schumacher ,0.12418180704116821
1985,Mick  Schumacher ,0.1241849958896637
1986,Mick  Schumacher ,0.12418857216835022
1987,Mick  Schumacher ,0.1241927444934845
1988,Mick  Schumacher ,0.12419770658016205
1989,Mick  Schumacher ,0.124203622341156
1990,Mick  Schumacher ,0.12421074509620667
1991,Mick  Schumacher ,0.12421935796737671
1992,Mick  Schumacher ,0.12422977387905121
1993,Mick  Schumacher ,0.12424236536026001
1994,Mick  Schumacher ,0.12425766885280609
1995,Mick  Schumacher ,0.12427622079849243
1996,Mick  Schumacher ,0.12429870665073395
1997,Mick  Schumacher ,0.12432606518268585
1998,Mick  Schumacher ,0.12435930967330933
1999,Mick  Schumacher ,0.12439975142478943
2000,Mick  Schumacher ,0.12444895505905151
2001,Mick  Schumacher ,0.12450893223285675
2002,Mick  Schumacher ,0.12458214163780212
2003,Mick  Schumacher ,0.12467154860496521
2004,Mick  Schumacher ,0.12478083372116089
2005,Mick  Schumacher ,0.1249144971370697
2006,Mick  Schumacher ,0.12507803738117218
2007,Mick  Schumacher ,0.12527799606323242
2008,Mick  Schumacher ,0.12552201747894287
2009,Mick  Schumacher ,0.1258186250925064
2010,Mick  Schumacher ,0.12617656588554382
2011,Mick  Schumacher ,0.12660296261310577
2012,Mick  Schumacher ,0.12709951400756836
2013,Mick  Schumacher ,0.12765465676784515
2014,Mick  Schumacher ,0.12822912633419037
2015,Mick  Schumacher ,0.12873363494873047
2016,Mick  Schumacher ,0.12900620698928833
2017,Mick  Schumacher ,0.12883080542087555
2018,Mick  Schumacher ,0.12813019752502441
2019,Mick  Schumacher ,0.12760770320892334
2020,Mick  Schumacher ,0.1308268904685974
2021,Mick  Schumacher ,0.13296297192573547
2022,Mick  Schumacher ,0.15831202268600464
2023,Mick  Schumacher ,0.11266204714775085
2024,Mick  Schumacher ,0.08381293714046478
2025,Mick  Schumacher ,0.039903052151203156
2026,Mick  Schumacher ,-0.06969387829303741
2027,Mick  Schumacher ,-0.07349970936775208
2028,Mick  Schumacher ,-0.07349970936775208
2029,Mick  Schumacher ,-0.07349970936775208
2030,Mick  Schumacher ,-0.07349970936775208
1958,Mika  Hakkinen ,0.11337856948375702
1959,Mika  Hakkinen ,0.11133554577827454
1960,Mika  Hakkinen ,0.11173440515995026
1961,Mika  Hakkinen ,0.11315421760082245
1962,Mika  Hakkinen ,0.11506736278533936
1963,Mika  Hakkinen ,0.11705246567726135
1964,Mika  Hakkinen ,0.11883991956710815
1965,Mika  Hakkinen ,0.12031292915344238
1966,Mika  Hakkinen ,0.12145759165287018
1967,Mika  Hakkinen ,0.12231211364269257
1968,Mika  Hakkinen ,0.12293288111686707
1969,Mika  Hakkinen ,0.12337636947631836
1970,Mika  Hakkinen ,0.12369117140769958
1971,Mika  Hakkinen ,0.1239161491394043
1972,Mika  Hakkinen ,0.12408080697059631
1973,Mika  Hakkinen ,0.12420719861984253
1974,Mika  Hakkinen ,0.1243114173412323
1975,Mika  Hakkinen ,0.12440553307533264
1976,Mika  Hakkinen ,0.12449854612350464
1977,Mika  Hakkinen ,0.12459756433963776
1978,Mika  Hakkinen ,0.12470826506614685
1979,Mika  Hakkinen ,0.12483498454093933
1980,Mika  Hakkinen ,0.12498056888580322
1981,Mika  Hakkinen ,0.12514491379261017
1982,Mika  Hakkinen ,0.12532177567481995
1983,Mika  Hakkinen ,0.12549220025539398
1984,Mika  Hakkinen ,0.12561079859733582
1985,Mika  Hakkinen ,0.1255820244550705
1986,Mika  Hakkinen ,0.1252312958240509
1987,Mika  Hakkinen ,0.12431293725967407
1988,Mika  Hakkinen ,0.12272363901138306
1989,Mika  Hakkinen ,0.12135565280914307
1990,Mika  Hakkinen ,0.12573079764842987
1991,Mika  Hakkinen ,0.1555217057466507
1992,Mika  Hakkinen ,0.23635181784629822
1993,Mika  Hakkinen ,0.1731295883655548
1994,Mika  Hakkinen ,0.2826758623123169
1995,Mika  Hakkinen ,0.2536364495754242
1996,Mika  Hakkinen ,0.2859477698802948
1997,Mika  Hakkinen ,0.27839595079421997
1998,Mika  Hakkinen ,0.3931901454925537
1999,Mika  Hakkinen ,0.391443133354187
2000,Mika  Hakkinen ,0.3878917396068573
2001,Mika  Hakkinen ,0.31127384305000305
2002,Mika  Hakkinen ,0.12332189083099365
2003,Mika  Hakkinen ,0.12178754806518555
2004,Mika  Hakkinen ,0.1269393265247345
2005,Mika  Hakkinen ,0.13035815954208374
2006,Mika  Hakkinen ,0.1310882717370987
2007,Mika  Hakkinen ,0.13046351075172424
2008,Mika  Hakkinen ,0.12946555018424988
2009,Mika  Hakkinen ,0.1285773664712906
2010,Mika  Hakkinen ,0.12796805799007416
2011,Mika  Hakkinen ,0.12766051292419434
2012,Mika  Hakkinen ,0.1276244819164276
2013,Mika  Hakkinen ,0.12781670689582825
2014,Mika  Hakkinen ,0.12819115817546844
2015,Mika  Hakkinen ,0.1286933869123459
2016,Mika  Hakkinen ,0.12924401462078094
2017,Mika  Hakkinen ,0.1297130286693573
2018,Mika  Hakkinen ,0.12988713383674622
2019,Mika  Hakkinen ,0.1294376254081726
2020,Mika  Hakkinen ,0.12789557874202728
2021,Mika  Hakkinen ,0.12459591031074524
2022,Mika  Hakkinen ,0.11833536624908447
2023,Mika  Hakkinen ,0.10611853003501892
2024,Mika  Hakkinen ,0.08147388696670532
2025,Mika  Hakkinen ,0.039903052151203156
2026,Mika  Hakkinen ,-0.06969387829303741
2027,Mika  Hakkinen ,-0.07349970936775208
2028,Mika  Hakkinen ,-0.07349970936775208
2029,Mika  Hakkinen ,-0.07349970936775208
2030,Mika  Hakkinen ,-0.07349970936775208
1958,Mika  Salo ,0.11337670683860779
1959,Mika  Salo ,0.11133015155792236
1960,Mika  Salo ,0.11172637343406677
1961,Mika  Salo ,0.11314354836940765
1962,Mika  Salo ,0.11505363881587982
1963,Mika  Salo ,0.1170351505279541
1964,Mika  Salo ,0.11881831288337708
1965,Mika  Salo ,0.1202862560749054
1966,Mika  Salo ,0.12142479419708252
1967,Mika  Salo ,0.12227188050746918
1968,Mika  Salo ,0.12288364768028259
1969,Mika  Salo ,0.12331624329090118
1970,Mika  Salo ,0.1236177384853363
1971,Mika  Salo ,0.12382639944553375
1972,Mika  Salo ,0.12397110462188721
1973,Mika  Salo ,0.12407298386096954
1974,Mika  Salo ,0.1241471916437149
1975,Mika  Salo ,0.12420454621315002
1976,Mika  Salo ,0.12425269186496735
1977,Mika  Salo ,0.12429733574390411
1978,Mika  Salo ,0.12434276938438416
1979,Mika  Salo ,0.1243925392627716
1980,Mika  Salo ,0.12444968521595001
1981,Mika  Salo ,0.1245170533657074
1982,Mika  Salo ,0.1245972067117691
1983,Mika  Salo ,0.12469229102134705
1984,Mika  Salo ,0.12480327486991882
1985,Mika  Salo ,0.12492847442626953
1986,Mika  Salo ,0.1250603199005127
1987,Mika  Salo ,0.1251784861087799
1988,Mika  Salo ,0.12523698806762695
1989,Mika  Salo ,0.1251431703567505
1990,Mika  Salo ,0.12473487854003906
1991,Mika  Salo ,0.12379997968673706
1992,Mika  Salo ,0.12230212986469269
1993,Mika  Salo ,0.1212071031332016
1994,Mika  Salo ,0.12605099380016327
1995,Mika  Salo ,0.15675382316112518
1996,Mika  Salo ,0.17725101113319397
1997,Mika  Salo ,0.14553828537464142
1998,Mika  Salo ,0.17375335097312927
1999,Mika  Salo ,0.2470403015613556
2000,Mika  Salo ,0.20631393790245056
2001,Mika  Salo ,0.12939435243606567
2002,Mika  Salo ,0.13992808759212494
2003,Mika  Salo ,0.12917929887771606
2004,Mika  Salo ,0.1280101239681244
2005,Mika  Salo ,0.128961980342865
2006,Mika  Salo ,0.1291322559118271
2007,Mika  Salo ,0.12869013845920563
2008,Mika  Salo ,0.12807241082191467
2009,Mika  Salo ,0.12755362689495087
2010,Mika  Salo ,0.12724235653877258
2011,Mika  Salo ,0.12715691328048706
2012,Mika  Salo ,0.1272798329591751
2013,Mika  Salo ,0.1275830864906311
2014,Mika  Salo ,0.12803395092487335
2015,Mika  Salo ,0.12858819961547852
2016,Mika  Salo ,0.12917393445968628
2017,Mika  Salo ,0.1296665072441101
2018,Mika  Salo ,0.12985630333423615
2019,Mika  Salo ,0.12941719591617584
2020,Mika  Salo ,0.12788203358650208
2021,Mika  Salo ,0.12458692491054535
2022,Mika  Salo ,0.11832940578460693
2023,Mika  Salo ,0.10611453652381897
2024,Mika  Salo ,0.08147117495536804
2025,Mika  Salo ,0.039903052151203156
2026,Mika  Salo ,-0.06969387829303741
2027,Mika  Salo ,-0.07349970936775208
2028,Mika  Salo ,-0.07349970936775208
2029,Mika  Salo ,-0.07349970936775208
2030,Mika  Salo ,-0.07349970936775208
1958,Mike  Hailwood ,0.11320716142654419
1959,Mike  Hailwood ,0.11101695895195007
1960,Mike  Hailwood ,0.11102129518985748
1961,Mike  Hailwood ,0.11213180422782898
1962,Mike  Hailwood ,0.1161155104637146
1963,Mike  Hailwood ,0.07367083430290222
1964,Mike  Hailwood ,0.12715867161750793
1965,Mike  Hailwood ,0.12359558045864105
1966,Mike  Hailwood ,0.12212702631950378
1967,Mike  Hailwood ,0.12252327799797058
1968,Mike  Hailwood ,0.12187406420707703
1969,Mike  Hailwood ,0.12067478895187378
1970,Mike  Hailwood ,0.1241195946931839
1971,Mike  Hailwood ,0.13271242380142212
1972,Mike  Hailwood ,0.2287549078464508
1973,Mike  Hailwood ,0.13144540786743164
1974,Mike  Hailwood ,0.23159337043762207
1975,Mike  Hailwood ,0.12740762531757355
1976,Mike  Hailwood ,0.12192663550376892
1977,Mike  Hailwood ,0.12338870763778687
1978,Mike  Hailwood ,0.12521174550056458
1979,Mike  Hailwood ,0.12596188485622406
1980,Mike  Hailwood ,0.12597301602363586
1981,Mike  Hailwood ,0.12566843628883362
1982,Mike  Hailwood ,0.12530001997947693
1983,Mike  Hailwood ,0.12497563660144806
1984,Mike  Hailwood ,0.12472531199455261
1985,Mike  Hailwood ,0.12454560399055481
1986,Mike  Hailwood ,0.12442255020141602
1987,Mike  Hailwood ,0.12434148788452148
1988,Mike  Hailwood ,0.1242901086807251
1989,Mike  Hailwood ,0.12425927817821503
1990,Mike  Hailwood ,0.12424254417419434
1991,Mike  Hailwood ,0.12423563003540039
1992,Mike  Hailwood ,0.12423574924468994
1993,Mike  Hailwood ,0.12424121797084808
1994,Mike  Hailwood ,0.12425114214420319
1995,Mike  Hailwood ,0.12426523864269257
1996,Mike  Hailwood ,0.12428352236747742
1997,Mike  Hailwood ,0.12430647015571594
1998,Mike  Hailwood ,0.12433478236198425
1999,Mike  Hailwood ,0.12436936795711517
2000,Mike  Hailwood ,0.12441155314445496
2001,Mike  Hailwood ,0.12446290254592896
2002,Mike  Hailwood ,0.12452542781829834
2003,Mike  Hailwood ,0.12460155785083771
2004,Mike  Hailwood ,0.12469428777694702
2005,Mike  Hailwood ,0.12480737268924713
2006,Mike  Hailwood ,0.12494531273841858
2007,Mike  Hailwood ,0.1251136213541031
2008,Mike  Hailwood ,0.12531892955303192
2009,Mike  Hailwood ,0.12556907534599304
2010,Mike  Hailwood ,0.12587301433086395
2011,Mike  Hailwood ,0.12624028325080872
2012,Mike  Hailwood ,0.12667982280254364
2013,Mike  Hailwood ,0.12719720602035522
2014,Mike  Hailwood ,0.1277894377708435
2015,Mike  Hailwood ,0.12843531370162964
2016,Mike  Hailwood ,0.12907952070236206
2017,Mike  Hailwood ,0.1296088844537735
2018,Mike  Hailwood ,0.1298215091228485
2019,Mike  Hailwood ,0.12939642369747162
2020,Mike  Hailwood ,0.12786978483200073
2021,Mike  Hailwood ,0.12457975745201111
2022,Mike  Hailwood ,0.11832526326179504
2023,Mike  Hailwood ,0.10611215233802795
2024,Mike  Hailwood ,0.08146986365318298
2025,Mike  Hailwood ,0.039903052151203156
2026,Mike  Hailwood ,-0.06969387829303741
2027,Mike  Hailwood ,-0.07349970936775208
2028,Mike  Hailwood ,-0.07349970936775208
2029,Mike  Hailwood ,-0.07349970936775208
2030,Mike  Hailwood ,-0.07349970936775208
1958,Mike  Hawthorn ,0.28949907422065735
1959,Mike  Hawthorn ,0.1326242983341217
1960,Mike  Hawthorn ,0.1108674705028534
1961,Mike  Hawthorn ,0.10965056717395782
1962,Mike  Hawthorn ,0.11308741569519043
1963,Mike  Hawthorn ,0.11652980744838715
1964,Mike  Hawthorn ,0.11906719207763672
1965,Mike  Hawthorn ,0.12078201770782471
1966,Mike  Hawthorn ,0.12191615998744965
1967,Mike  Hawthorn ,0.12266740202903748
1968,Mike  Hawthorn ,0.12316843867301941
1969,Mike  Hawthorn ,0.12350405752658844
1970,Mike  Hawthorn ,0.12372906506061554
1971,Mike  Hawthorn ,0.12387952208518982
1972,Mike  Hawthorn ,0.12397971749305725
1973,Mike  Hawthorn ,0.12404611706733704
1974,Mike  Hawthorn ,0.12408998608589172
1975,Mike  Hawthorn ,0.12411890923976898
1976,Mike  Hawthorn ,0.12413796782493591
1977,Mike  Hawthorn ,0.12415066361427307
1978,Mike  Hawthorn ,0.12415915727615356
1979,Mike  Hawthorn ,0.12416504323482513
1980,Mike  Hawthorn ,0.12416929006576538
1981,Mike  Hawthorn ,0.12417252361774445
1982,Mike  Hawthorn ,0.12417528033256531
1983,Mike  Hawthorn ,0.12417779862880707
1984,Mike  Hawthorn ,0.12418034672737122
1985,Mike  Hawthorn ,0.12418311834335327
1986,Mike  Hawthorn ,0.12418621778488159
1987,Mike  Hawthorn ,0.12418986856937408
1988,Mike  Hawthorn ,0.1241941750049591
1989,Mike  Hawthorn ,0.12419931590557098
1990,Mike  Hawthorn ,0.12420551478862762
1991,Mike  Hawthorn ,0.12421299517154694
1992,Mike  Hawthorn ,0.1242220401763916
1993,Mike  Hawthorn ,0.12423302233219147
1994,Mike  Hawthorn ,0.1242462694644928
1995,Mike  Hawthorn ,0.12426234781742096
1996,Mike  Hawthorn ,0.1242818683385849
1997,Mike  Hawthorn ,0.12430548667907715
1998,Mike  Hawthorn ,0.12433421611785889
1999,Mike  Hawthorn ,0.1243690550327301
2000,Mike  Hawthorn ,0.12441135942935944
2001,Mike  Hawthorn ,0.12446281313896179
2002,Mike  Hawthorn ,0.12452535331249237
2003,Mike  Hawthorn ,0.12460151314735413
2004,Mike  Hawthorn ,0.12469428777694702
2005,Mike  Hawthorn ,0.12480735778808594
2006,Mike  Hawthorn ,0.12494529783725739
2007,Mike  Hawthorn ,0.1251136064529419
2008,Mike  Hawthorn ,0.12531894445419312
2009,Mike  Hawthorn ,0.12556907534599304
2010,Mike  Hawthorn ,0.12587301433086395
2011,Mike  Hawthorn ,0.12624028325080872
2012,Mike  Hawthorn ,0.12667980790138245
2013,Mike  Hawthorn ,0.12719719111919403
2014,Mike  Hawthorn ,0.1277894377708435
2015,Mike  Hawthorn ,0.12843531370162964
2016,Mike  Hawthorn ,0.12907952070236206
2017,Mike  Hawthorn ,0.1296088695526123
2018,Mike  Hawthorn ,0.1298215091228485
2019,Mike  Hawthorn ,0.1293964385986328
2020,Mike  Hawthorn ,0.12786978483200073
2021,Mike  Hawthorn ,0.1245797723531723
2022,Mike  Hawthorn ,0.11832526326179504
2023,Mike  Hawthorn ,0.10611216723918915
2024,Mike  Hawthorn ,0.08146984875202179
2025,Mike  Hawthorn ,0.039903052151203156
2026,Mike  Hawthorn ,-0.06969387829303741
2027,Mike  Hawthorn ,-0.07349970936775208
2028,Mike  Hawthorn ,-0.07349970936775208
2029,Mike  Hawthorn ,-0.07349970936775208
2030,Mike  Hawthorn ,-0.07349970936775208
1958,Mike  Spence ,0.11273123323917389
1959,Mike  Spence ,0.10995149612426758
1960,Mike  Spence ,0.10850237309932709
1961,Mike  Spence ,0.1077185720205307
1962,Mike  Spence ,0.11229637265205383
1963,Mike  Spence ,0.14136679470539093
1964,Mike  Spence ,0.1986466944217682
1965,Mike  Spence ,0.24427998065948486
1966,Mike  Spence ,0.18828517198562622
1967,Mike  Spence ,0.21758577227592468
1968,Mike  Spence ,0.12360641360282898
1969,Mike  Spence ,0.12142427265644073
1970,Mike  Spence ,0.1247837096452713
1971,Mike  Spence ,0.12707561254501343
1972,Mike  Spence ,0.12764057517051697
1973,Mike  Spence ,0.12727154791355133
1974,Mike  Spence ,0.12659704685211182
1975,Mike  Spence ,0.12593379616737366
1976,Mike  Spence ,0.12539471685886383
1977,Mike  Spence ,0.12499524652957916
1978,Mike  Spence ,0.12471461296081543
1979,Mike  Spence ,0.12452417612075806
1980,Mike  Spence ,0.12439818680286407
1981,Mike  Spence ,0.12431663274765015
1982,Mike  Spence ,0.12426495552062988
1983,Mike  Spence ,0.12423299252986908
1984,Mike  Spence ,0.12421399354934692
1985,Mike  Spence ,0.1242033988237381
1986,Mike  Spence ,0.12419834733009338
1987,Mike  Spence ,0.12419703602790833
1988,Mike  Spence ,0.12419837713241577
1989,Mike  Spence ,0.12420177459716797
1990,Mike  Spence ,0.12420693039894104
1991,Mike  Spence ,0.1242138147354126
1992,Mike  Spence ,0.1242225170135498
1993,Mike  Spence ,0.12423327565193176
1994,Mike  Spence ,0.12424641847610474
1995,Mike  Spence ,0.12426242232322693
1996,Mike  Spence ,0.12428192794322968
1997,Mike  Spence ,0.12430551648139954
1998,Mike  Spence ,0.12433421611785889
1999,Mike  Spence ,0.1243690550327301
2000,Mike  Spence ,0.12441137433052063
2001,Mike  Spence ,0.12446281313896179
2002,Mike  Spence ,0.12452535331249237
2003,Mike  Spence ,0.12460152804851532
2004,Mike  Spence ,0.12469427287578583
2005,Mike  Spence ,0.12480735778808594
2006,Mike  Spence ,0.12494528293609619
2007,Mike  Spence ,0.1251136064529419
2008,Mike  Spence ,0.12531894445419312
2009,Mike  Spence ,0.12556907534599304
2010,Mike  Spence ,0.12587301433086395
2011,Mike  Spence ,0.1262402981519699
2012,Mike  Spence ,0.12667980790138245
2013,Mike  Spence ,0.12719720602035522
2014,Mike  Spence ,0.1277894526720047
2015,Mike  Spence ,0.12843529880046844
2016,Mike  Spence ,0.12907952070236206
2017,Mike  Spence ,0.1296088695526123
2018,Mike  Spence ,0.1298215091228485
2019,Mike  Spence ,0.12939642369747162
2020,Mike  Spence ,0.12786978483200073
2021,Mike  Spence ,0.12457975745201111
2022,Mike  Spence ,0.11832524836063385
2023,Mike  Spence ,0.10611216723918915
2024,Mike  Spence ,0.08146984875202179
2025,Mike  Spence ,0.039903052151203156
2026,Mike  Spence ,-0.06969387829303741
2027,Mike  Spence ,-0.07349970936775208
2028,Mike  Spence ,-0.07349970936775208
2029,Mike  Spence ,-0.07349970936775208
2030,Mike  Spence ,-0.07349970936775208
1958,Mike Parkes,0.11345015466213226
1959,Mike Parkes,0.11144194006919861
1960,Mike Parkes,0.11164700984954834
1961,Mike Parkes,0.11251763999462128
1962,Mike Parkes,0.11331869661808014
1963,Mike Parkes,0.11365976929664612
1964,Mike Parkes,0.11481174826622009
1965,Mike Parkes,0.12201058864593506
1966,Mike Parkes,0.2414192259311676
1967,Mike Parkes,0.16584032773971558
1968,Mike Parkes,0.1197129487991333
1969,Mike Parkes,0.11797329783439636
1970,Mike Parkes,0.1216689944267273
1971,Mike Parkes,0.12433227896690369
1972,Mike Parkes,0.12545450031757355
1973,Mike Parkes,0.12565045058727264
1974,Mike Parkes,0.12545275688171387
1975,Mike Parkes,0.12515273690223694
1976,Mike Parkes,0.12487411499023438
1977,Mike Parkes,0.12465432286262512
1978,Mike Parkes,0.12449440360069275
1979,Mike Parkes,0.12438364326953888
1980,Mike Parkes,0.12430943548679352
1981,Mike Parkes,0.12426108121871948
1982,Mike Parkes,0.12423048913478851
1983,Mike Parkes,0.12421183288097382
1984,Mike Parkes,0.12420105934143066
1985,Mike Parkes,0.12419554591178894
1986,Mike Parkes,0.12419363856315613
1987,Mike Parkes,0.12419423460960388
1988,Mike Parkes,0.12419670820236206
1989,Mike Parkes,0.12420079112052917
1990,Mike Parkes,0.12420633435249329
1991,Mike Parkes,0.12421345710754395
1992,Mike Parkes,0.12422230839729309
1993,Mike Parkes,0.12423315644264221
1994,Mike Parkes,0.12424635887145996
1995,Mike Parkes,0.12426240742206573
1996,Mike Parkes,0.1242818832397461
1997,Mike Parkes,0.12430551648139954
1998,Mike Parkes,0.12433421611785889
1999,Mike Parkes,0.1243690699338913
2000,Mike Parkes,0.12441135942935944
2001,Mike Parkes,0.12446282804012299
2002,Mike Parkes,0.12452535331249237
2003,Mike Parkes,0.12460151314735413
2004,Mike Parkes,0.12469428777694702
2005,Mike Parkes,0.12480735778808594
2006,Mike Parkes,0.12494529783725739
2007,Mike Parkes,0.1251136213541031
2008,Mike Parkes,0.12531892955303192
2009,Mike Parkes,0.12556907534599304
2010,Mike Parkes,0.12587302923202515
2011,Mike Parkes,0.12624028325080872
2012,Mike Parkes,0.12667980790138245
2013,Mike Parkes,0.12719720602035522
2014,Mike Parkes,0.1277894377708435
2015,Mike Parkes,0.12843529880046844
2016,Mike Parkes,0.12907950580120087
2017,Mike Parkes,0.1296088695526123
2018,Mike Parkes,0.1298215091228485
2019,Mike Parkes,0.12939642369747162
2020,Mike Parkes,0.12786978483200073
2021,Mike Parkes,0.12457975745201111
2022,Mike Parkes,0.11832524836063385
2023,Mike Parkes,0.10611218214035034
2024,Mike Parkes,0.08146984875202179
2025,Mike Parkes,0.039903052151203156
2026,Mike Parkes,-0.06969387829303741
2027,Mike Parkes,-0.07349970936775208
2028,Mike Parkes,-0.07349970936775208
2029,Mike Parkes,-0.07349970936775208
2030,Mike Parkes,-0.07349970936775208
1958,Moises  Solana ,0.1128150224685669
1959,Moises  Solana ,0.11019301414489746
1960,Moises  Solana ,0.10966384410858154
1961,Moises  Solana ,0.11060824990272522
1962,Moises  Solana ,0.11672191321849823
1963,Moises  Solana ,0.14747759699821472
1964,Moises  Solana ,0.11839775741100311
1965,Moises  Solana ,0.11731058359146118
1966,Moises  Solana ,0.12000828981399536
1967,Moises  Solana ,0.12225832045078278
1968,Moises  Solana ,0.12351270020008087
1969,Moises  Solana ,0.1240759789943695
1970,Moises  Solana ,0.12427638471126556
1971,Moises  Solana ,0.12431676685810089
1972,Moises  Solana ,0.12429888546466827
1973,Moises  Solana ,0.12426692247390747
1974,Moises  Solana ,0.12423734366893768
1975,Moises  Solana ,0.12421466410160065
1976,Moises  Solana ,0.12419885396957397
1977,Moises  Solana ,0.12418864667415619
1978,Moises  Solana ,0.12418241798877716
1979,Moises  Solana ,0.12417905032634735
1980,Moises  Solana ,0.12417757511138916
1981,Moises  Solana ,0.12417732179164886
1982,Moises  Solana ,0.12417802214622498
1983,Moises  Solana ,0.12417931854724884
1984,Moises  Solana ,0.12418118119239807
1985,Moises  Solana ,0.1241835206747055
1986,Moises  Solana ,0.1241864264011383
1987,Moises  Solana ,0.12418997287750244
1988,Moises  Solana ,0.1241942048072815
1989,Moises  Solana ,0.12419933080673218
1990,Moises  Solana ,0.12420551478862762
1991,Moises  Solana ,0.12421299517154694
1992,Moises  Solana ,0.1242220401763916
1993,Moises  Solana ,0.12423300743103027
1994,Moises  Solana ,0.1242462694644928
1995,Moises  Solana ,0.12426234781742096
1996,Moises  Solana ,0.1242818534374237
1997,Moises  Solana ,0.12430550158023834
1998,Moises  Solana ,0.12433421611785889
1999,Moises  Solana ,0.1243690550327301
2000,Moises  Solana ,0.12441137433052063
2001,Moises  Solana ,0.12446282804012299
2002,Moises  Solana ,0.12452535331249237
2003,Moises  Solana ,0.12460151314735413
2004,Moises  Solana ,0.12469428777694702
2005,Moises  Solana ,0.12480735778808594
2006,Moises  Solana ,0.12494531273841858
2007,Moises  Solana ,0.1251136064529419
2008,Moises  Solana ,0.12531894445419312
2009,Moises  Solana ,0.12556907534599304
2010,Moises  Solana ,0.12587302923202515
2011,Moises  Solana ,0.12624028325080872
2012,Moises  Solana ,0.12667982280254364
2013,Moises  Solana ,0.12719720602035522
2014,Moises  Solana ,0.1277894377708435
2015,Moises  Solana ,0.12843531370162964
2016,Moises  Solana ,0.12907952070236206
2017,Moises  Solana ,0.1296088695526123
2018,Moises  Solana ,0.1298215091228485
2019,Moises  Solana ,0.12939642369747162
2020,Moises  Solana ,0.12786978483200073
2021,Moises  Solana ,0.12457975745201111
2022,Moises  Solana ,0.11832524836063385
2023,Moises  Solana ,0.10611216723918915
2024,Moises  Solana ,0.08146986365318298
2025,Moises  Solana ,0.039903052151203156
2026,Moises  Solana ,-0.06969387829303741
2027,Moises  Solana ,-0.07349970936775208
2028,Moises  Solana ,-0.07349970936775208
2029,Moises  Solana ,-0.07349970936775208
2030,Moises  Solana ,-0.07349970936775208
1958,Narain  Karthikeyan ,0.11337578296661377
1959,Narain  Karthikeyan ,0.11132743954658508
1960,Narain  Karthikeyan ,0.11172233521938324
1961,Narain  Karthikeyan ,0.11313813924789429
1962,Narain  Karthikeyan ,0.11504673957824707
1963,Narain  Karthikeyan ,0.1170264333486557
1964,Narain  Karthikeyan ,0.11880749464035034
1965,Narain  Karthikeyan ,0.12027288973331451
1966,Narain  Karthikeyan ,0.1214083731174469
1967,Narain  Karthikeyan ,0.12225182354450226
1968,Narain  Karthikeyan ,0.12285920977592468
1969,Narain  Karthikeyan ,0.1232864260673523
1970,Narain  Karthikeyan ,0.1235814243555069
1971,Narain  Karthikeyan ,0.123782217502594
1972,Narain  Karthikeyan ,0.12391731142997742
1973,Narain  Karthikeyan ,0.1240074634552002
1974,Narain  Karthikeyan ,0.1240672916173935
1975,Narain  Karthikeyan ,0.1241070032119751
1976,Narain  Karthikeyan ,0.12413351237773895
1977,Narain  Karthikeyan ,0.12415148317813873
1978,Narain  Karthikeyan ,0.1241641640663147
1979,Narain  Karthikeyan ,0.12417355179786682
1980,Narain  Karthikeyan ,0.1241811215877533
1981,Narain  Karthikeyan ,0.12418785691261292
1982,Narain  Karthikeyan ,0.12419447302818298
1983,Narain  Karthikeyan ,0.12420158088207245
1984,Narain  Karthikeyan ,0.12420952320098877
1985,Narain  Karthikeyan ,0.1242188960313797
1986,Narain  Karthikeyan ,0.12423008680343628
1987,Narain  Karthikeyan ,0.12424364686012268
1988,Narain  Karthikeyan ,0.12426024675369263
1989,Narain  Karthikeyan ,0.12428052723407745
1990,Narain  Karthikeyan ,0.12430542707443237
1991,Narain  Karthikeyan ,0.12433585524559021
1992,Narain  Karthikeyan ,0.12437283992767334
1993,Narain  Karthikeyan ,0.12441730499267578
1994,Narain  Karthikeyan ,0.12446959316730499
1995,Narain  Karthikeyan ,0.12452884018421173
1996,Narain  Karthikeyan ,0.1245909184217453
1997,Narain  Karthikeyan ,0.12464520335197449
1998,Narain  Karthikeyan ,0.12466789782047272
1999,Narain  Karthikeyan ,0.124612957239151
2000,Narain  Karthikeyan ,0.12440565228462219
2001,Narain  Karthikeyan ,0.12396803498268127
2002,Narain  Karthikeyan ,0.12337419390678406
2003,Narain  Karthikeyan ,0.12330392003059387
2004,Narain  Karthikeyan ,0.12750883400440216
2005,Narain  Karthikeyan ,0.13510727882385254
2006,Narain  Karthikeyan ,0.12537026405334473
2007,Narain  Karthikeyan ,0.12308916449546814
2008,Narain  Karthikeyan ,0.12348517775535583
2009,Narain  Karthikeyan ,0.12338444590568542
2010,Narain  Karthikeyan ,0.12410122156143188
2011,Narain  Karthikeyan ,0.06165380775928497
2012,Narain  Karthikeyan ,0.07950383424758911
2013,Narain  Karthikeyan ,0.125973641872406
2014,Narain  Karthikeyan ,0.12901778519153595
2015,Narain  Karthikeyan ,0.13112980127334595
2016,Narain  Karthikeyan ,0.13176578283309937
2017,Narain  Karthikeyan ,0.13178466260433197
2018,Narain  Karthikeyan ,0.13140855729579926
2019,Narain  Karthikeyan ,0.1304851919412613
2020,Narain  Karthikeyan ,0.12858763337135315
2021,Narain  Karthikeyan ,0.1250399500131607
2022,Narain  Karthikeyan ,0.11861389875411987
2023,Narain  Karthikeyan ,0.1062895655632019
2024,Narain  Karthikeyan ,0.08157460391521454
2025,Narain  Karthikeyan ,0.039903052151203156
2026,Narain  Karthikeyan ,-0.06969387829303741
2027,Narain  Karthikeyan ,-0.07349970936775208
2028,Narain  Karthikeyan ,-0.07349970936775208
2029,Narain  Karthikeyan ,-0.07349970936775208
2030,Narain  Karthikeyan ,-0.07349970936775208
1958,Nelson  Piquet ,0.11340939998626709
1959,Nelson  Piquet ,0.11142072081565857
1960,Nelson  Piquet ,0.11186143755912781
1961,Nelson  Piquet ,0.11332426965236664
1962,Nelson  Piquet ,0.11528675258159637
1963,Nelson  Piquet ,0.11733037233352661
1964,Nelson  Piquet ,0.11918777227401733
1965,Nelson  Piquet ,0.12074440717697144
1966,Nelson  Piquet ,0.12198860943317413
1967,Nelson  Piquet ,0.12296044826507568
1968,Nelson  Piquet ,0.12371717393398285
1969,Nelson  Piquet ,0.12431368231773376
1970,Nelson  Piquet ,0.12479105591773987
1971,Nelson  Piquet ,0.12516751885414124
1972,Nelson  Piquet ,0.1254236102104187
1973,Nelson  Piquet ,0.12547564506530762
1974,Nelson  Piquet ,0.12513861060142517
1975,Nelson  Piquet ,0.12412142753601074
1976,Nelson  Piquet ,0.12224273383617401
1977,Nelson  Piquet ,0.12041167914867401
1978,Nelson  Piquet ,0.12454770505428314
1979,Nelson  Piquet ,0.16250768303871155
1980,Nelson  Piquet ,0.33065736293792725
1981,Nelson  Piquet ,0.3504658639431
1982,Nelson  Piquet ,0.21236100792884827
1983,Nelson  Piquet ,0.3432327210903168
1984,Nelson  Piquet ,0.28557947278022766
1985,Nelson  Piquet ,0.2377510368824005
1986,Nelson  Piquet ,0.34712132811546326
1987,Nelson  Piquet ,0.3832937479019165
1988,Nelson  Piquet ,0.2735980153083801
1989,Nelson  Piquet ,0.23172959685325623
1990,Nelson  Piquet ,0.3329882323741913
1991,Nelson  Piquet ,0.29294154047966003
1992,Nelson  Piquet ,0.1294942945241928
1993,Nelson  Piquet ,0.12487368285655975
1994,Nelson  Piquet ,0.12787574529647827
1995,Nelson  Piquet ,0.13010478019714355
1996,Nelson  Piquet ,0.13032545149326324
1997,Nelson  Piquet ,0.1295059770345688
1998,Nelson  Piquet ,0.1284152865409851
1999,Nelson  Piquet ,0.1274249255657196
2000,Nelson  Piquet ,0.12663839757442474
2001,Nelson  Piquet ,0.12601536512374878
2002,Nelson  Piquet ,0.12543007731437683
2003,Nelson  Piquet ,0.12468713521957397
2004,Nelson  Piquet ,0.12356755137443542
2005,Nelson  Piquet ,0.12211108207702637
2006,Nelson  Piquet ,0.12168902158737183
2007,Nelson  Piquet ,0.12812218070030212
2008,Nelson  Piquet ,0.21058711409568787
2009,Nelson  Piquet ,0.12055173516273499
2010,Nelson  Piquet ,0.12191464006900787
2011,Nelson  Piquet ,0.12242557108402252
2012,Nelson  Piquet ,0.12616369128227234
2013,Nelson  Piquet ,0.12849566340446472
2014,Nelson  Piquet ,0.12962405383586884
2015,Nelson  Piquet ,0.1301441490650177
2016,Nelson  Piquet ,0.13043680787086487
2017,Nelson  Piquet ,0.13060110807418823
2018,Nelson  Piquet ,0.1305120885372162
2019,Nelson  Piquet ,0.12986193597316742
2020,Nelson  Piquet ,0.1281767636537552
2021,Nelson  Piquet ,0.12477900087833405
2022,Nelson  Piquet ,0.1184530258178711
2023,Nelson  Piquet ,0.10619325935840607
2024,Nelson  Piquet ,0.08152024447917938
2025,Nelson  Piquet ,0.039903052151203156
2026,Nelson  Piquet ,-0.06969387829303741
2027,Nelson  Piquet ,-0.07349970936775208
2028,Nelson  Piquet ,-0.07349970936775208
2029,Nelson  Piquet ,-0.07349970936775208
2030,Nelson  Piquet ,-0.07349970936775208
1958,Neville  Lederle ,0.11208334565162659
1959,Neville  Lederle ,0.10917659103870392
1960,Neville  Lederle ,0.10916005074977875
1961,Neville  Lederle ,0.11491647362709045
1962,Neville  Lederle ,0.1494886875152588
1963,Neville  Lederle ,0.11672967672348022
1964,Neville  Lederle ,0.11568444967269897
1965,Neville  Lederle ,0.1187213808298111
1966,Neville  Lederle ,0.12132993340492249
1967,Neville  Lederle ,0.12286826968193054
1968,Neville  Lederle ,0.12363706529140472
1969,Neville  Lederle ,0.12398068606853485
1970,Neville  Lederle ,0.12411916255950928
1971,Neville  Lederle ,0.12416774034500122
1972,Neville  Lederle ,0.12418043613433838
1973,Neville  Lederle ,0.1241806298494339
1974,Neville  Lederle ,0.12417757511138916
1975,Neville  Lederle ,0.12417468428611755
1976,Neville  Lederle ,0.12417277693748474
1977,Neville  Lederle ,0.12417197227478027
1978,Neville  Lederle ,0.12417197227478027
1979,Neville  Lederle ,0.12417261302471161
1980,Neville  Lederle ,0.12417367100715637
1981,Neville  Lederle ,0.12417499721050262
1982,Neville  Lederle ,0.12417665123939514
1983,Neville  Lederle ,0.12417852878570557
1984,Neville  Lederle ,0.12418073415756226
1985,Neville  Lederle ,0.1241832971572876
1986,Neville  Lederle ,0.12418630719184875
1987,Neville  Lederle ,0.12418989837169647
1988,Neville  Lederle ,0.12419416010379791
1989,Neville  Lederle ,0.12419930100440979
1990,Neville  Lederle ,0.12420549988746643
1991,Neville  Lederle ,0.12421299517154694
1992,Neville  Lederle ,0.1242220401763916
1993,Neville  Lederle ,0.12423300743103027
1994,Neville  Lederle ,0.1242462694644928
1995,Neville  Lederle ,0.12426234781742096
1996,Neville  Lederle ,0.1242818683385849
1997,Neville  Lederle ,0.12430548667907715
1998,Neville  Lederle ,0.12433421611785889
1999,Neville  Lederle ,0.1243690550327301
2000,Neville  Lederle ,0.12441134452819824
2001,Neville  Lederle ,0.12446281313896179
2002,Neville  Lederle ,0.12452536821365356
2003,Neville  Lederle ,0.12460151314735413
2004,Neville  Lederle ,0.12469428777694702
2005,Neville  Lederle ,0.12480735778808594
2006,Neville  Lederle ,0.12494529783725739
2007,Neville  Lederle ,0.1251136213541031
2008,Neville  Lederle ,0.12531894445419312
2009,Neville  Lederle ,0.12556907534599304
2010,Neville  Lederle ,0.12587302923202515
2011,Neville  Lederle ,0.12624028325080872
2012,Neville  Lederle ,0.12667980790138245
2013,Neville  Lederle ,0.12719720602035522
2014,Neville  Lederle ,0.1277894377708435
2015,Neville  Lederle ,0.12843531370162964
2016,Neville  Lederle ,0.12907952070236206
2017,Neville  Lederle ,0.1296088695526123
2018,Neville  Lederle ,0.1298215091228485
2019,Neville  Lederle ,0.12939642369747162
2020,Neville  Lederle ,0.12786979973316193
2021,Neville  Lederle ,0.12457975745201111
2022,Neville  Lederle ,0.11832524836063385
2023,Neville  Lederle ,0.10611218214035034
2024,Neville  Lederle ,0.08146986365318298
2025,Neville  Lederle ,0.039903052151203156
2026,Neville  Lederle ,-0.06969387829303741
2027,Neville  Lederle ,-0.07349970936775208
2028,Neville  Lederle ,-0.07349970936775208
2029,Neville  Lederle ,-0.07349970936775208
2030,Neville  Lederle ,-0.07349970936775208
1958,Nicholas  Latifi ,0.11337573826313019
1959,Nicholas  Latifi ,0.11132730543613434
1960,Nicholas  Latifi ,0.11172214150428772
1961,Nicholas  Latifi ,0.11313790082931519
1962,Nicholas  Latifi ,0.11504639685153961
1963,Nicholas  Latifi ,0.11702603101730347
1964,Nicholas  Latifi ,0.11880695819854736
1965,Nicholas  Latifi ,0.12027224898338318
1966,Nicholas  Latifi ,0.12140759825706482
1967,Nicholas  Latifi ,0.12225085496902466
1968,Nicholas  Latifi ,0.12285803258419037
1969,Nicholas  Latifi ,0.12328499555587769
1970,Nicholas  Latifi ,0.12357968091964722
1971,Nicholas  Latifi ,0.12378007173538208
1972,Nicholas  Latifi ,0.12391471862792969
1973,Nicholas  Latifi ,0.1240043193101883
1974,Nicholas  Latifi ,0.12406350672245026
1975,Nicholas  Latifi ,0.124102383852005
1976,Nicholas  Latifi ,0.12412792444229126
1977,Nicholas  Latifi ,0.12414473295211792
1978,Nicholas  Latifi ,0.12415595352649689
1979,Nicholas  Latifi ,0.12416358292102814
1980,Nicholas  Latifi ,0.12416902184486389
1981,Nicholas  Latifi ,0.12417314946651459
1982,Nicholas  Latifi ,0.12417656183242798
1983,Nicholas  Latifi ,0.12417970597743988
1984,Nicholas  Latifi ,0.12418285012245178
1985,Nicholas  Latifi ,0.12418624758720398
1986,Nicholas  Latifi ,0.12419009208679199
1987,Nicholas  Latifi ,0.12419456243515015
1988,Nicholas  Latifi ,0.12419992685317993
1989,Nicholas  Latifi ,0.1242063045501709
1990,Nicholas  Latifi ,0.1242140531539917
1991,Nicholas  Latifi ,0.12422332167625427
1992,Nicholas  Latifi ,0.12423458695411682
1993,Nicholas  Latifi ,0.12424825131893158
1994,Nicholas  Latifi ,0.12426480650901794
1995,Nicholas  Latifi ,0.12428490817546844
1996,Nicholas  Latifi ,0.12430933117866516
1997,Nicholas  Latifi ,0.1243390142917633
1998,Nicholas  Latifi ,0.12437519431114197
1999,Nicholas  Latifi ,0.1244191974401474
2000,Nicholas  Latifi ,0.12447288632392883
2001,Nicholas  Latifi ,0.12453849613666534
2002,Nicholas  Latifi ,0.12461864948272705
2003,Nicholas  Latifi ,0.12471672892570496
2004,Nicholas  Latifi ,0.12483690679073334
2005,Nicholas  Latifi ,0.12498411536216736
2006,Nicholas  Latifi ,0.12516435980796814
2007,Nicholas  Latifi ,0.1253846287727356
2008,Nicholas  Latifi ,0.1256527304649353
2009,Nicholas  Latifi ,0.1259765774011612
2010,Nicholas  Latifi ,0.1263626366853714
2011,Nicholas  Latifi ,0.12681254744529724
2012,Nicholas  Latifi ,0.12731634080410004
2013,Nicholas  Latifi ,0.12783978879451752
2014,Nicholas  Latifi ,0.12830591201782227
2015,Nicholas  Latifi ,0.12857626378536224
2016,Nicholas  Latifi ,0.12846773862838745
2017,Nicholas  Latifi ,0.12791313230991364
2018,Nicholas  Latifi ,0.12742996215820312
2019,Nicholas  Latifi ,0.1299005150794983
2020,Nicholas  Latifi ,0.11329461634159088
2021,Nicholas  Latifi ,0.15020036697387695
2022,Nicholas  Latifi ,0.12384921312332153
2023,Nicholas  Latifi ,0.11151513457298279
2024,Nicholas  Latifi ,0.0853283554315567
2025,Nicholas  Latifi ,0.039903052151203156
2026,Nicholas  Latifi ,-0.06969387829303741
2027,Nicholas  Latifi ,-0.07349970936775208
2028,Nicholas  Latifi ,-0.07349970936775208
2029,Nicholas  Latifi ,-0.07349970936775208
2030,Nicholas  Latifi ,-0.07349970936775208
1958,Nick  Heidfeld ,0.11337623000144958
1959,Nick  Heidfeld ,0.11132876574993134
1960,Nick  Heidfeld ,0.11172431707382202
1961,Nick  Heidfeld ,0.1131407767534256
1962,Nick  Heidfeld ,0.11505010724067688
1963,Nick  Heidfeld ,0.11703070998191833
1964,Nick  Heidfeld ,0.11881279945373535
1965,Nick  Heidfeld ,0.12027940154075623
1966,Nick  Heidfeld ,0.1214163601398468
1967,Nick  Heidfeld ,0.12226159870624542
1968,Nick  Heidfeld ,0.12287111580371857
1969,Nick  Heidfeld ,0.12330089509487152
1970,Nick  Heidfeld ,0.12359903752803802
1971,Nick  Heidfeld ,0.12380360066890717
1972,Nick  Heidfeld ,0.1239432543516159
1973,Nick  Heidfeld ,0.12403890490531921
1974,Nick  Heidfeld ,0.12410551309585571
1975,Nick  Heidfeld ,0.12415337562561035
1976,Nick  Heidfeld ,0.12418988347053528
1977,Nick  Heidfeld ,0.12422001361846924
1978,Nick  Heidfeld ,0.12424750626087189
1979,Nick  Heidfeld ,0.1242750734090805
1980,Nick  Heidfeld ,0.1243048906326294
1981,Nick  Heidfeld ,0.12433892488479614
1982,Nick  Heidfeld ,0.12437903881072998
1983,Nick  Heidfeld ,0.12442731857299805
1984,Nick  Heidfeld ,0.12448590993881226
1985,Nick  Heidfeld ,0.12455733120441437
1986,Nick  Heidfeld ,0.12464439868927002
1987,Nick  Heidfeld ,0.1247500479221344
1988,Nick  Heidfeld ,0.12487718462944031
1989,Nick  Heidfeld ,0.1250278353691101
1990,Nick  Heidfeld ,0.1252017468214035
1991,Nick  Heidfeld ,0.1253931075334549
1992,Nick  Heidfeld ,0.1255839467048645
1993,Nick  Heidfeld ,0.1257311850786209
1994,Nick  Heidfeld ,0.12574484944343567
1995,Nick  Heidfeld ,0.12546060979366302
1996,Nick  Heidfeld ,0.12464101612567902
1997,Nick  Heidfeld ,0.1231396347284317
1998,Nick  Heidfeld ,0.12148366868495941
1999,Nick  Heidfeld ,0.12443217635154724
2000,Nick  Heidfeld ,0.1106112152338028
2001,Nick  Heidfeld ,0.23894014954566956
2002,Nick  Heidfeld ,0.22358211874961853
2003,Nick  Heidfeld ,0.1771496832370758
2004,Nick  Heidfeld ,0.12439681589603424
2005,Nick  Heidfeld ,0.22330251336097717
2006,Nick  Heidfeld ,0.25115978717803955
2007,Nick  Heidfeld ,0.328544557094574
2008,Nick  Heidfeld ,0.31879720091819763
2009,Nick  Heidfeld ,0.20977163314819336
2010,Nick  Heidfeld ,0.1433289796113968
2011,Nick  Heidfeld ,0.23394247889518738
2012,Nick  Heidfeld ,0.1378176510334015
2013,Nick  Heidfeld ,0.13256743550300598
2014,Nick  Heidfeld ,0.13359153270721436
2015,Nick  Heidfeld ,0.13459132611751556
2016,Nick  Heidfeld ,0.13458244502544403
2017,Nick  Heidfeld ,0.13399043679237366
2018,Nick  Heidfeld ,0.13306349515914917
2019,Nick  Heidfeld ,0.13168518245220184
2020,Nick  Heidfeld ,0.12943698465824127
2021,Nick  Heidfeld ,0.1256316751241684
2022,Nick  Heidfeld ,0.11902236938476562
2023,Nick  Heidfeld ,0.10656982660293579
2024,Nick  Heidfeld ,0.08176451921463013
2025,Nick  Heidfeld ,0.039903052151203156
2026,Nick  Heidfeld ,-0.06969387829303741
2027,Nick  Heidfeld ,-0.07349970936775208
2028,Nick  Heidfeld ,-0.07349970936775208
2029,Nick  Heidfeld ,-0.07349970936775208
2030,Nick  Heidfeld ,-0.07349970936775208
1958,Nico  Hulkenberg ,0.11337579786777496
1959,Nico  Hulkenberg ,0.11132752895355225
1960,Nico  Hulkenberg ,0.1117224395275116
1961,Nico  Hulkenberg ,0.11313828825950623
1962,Nico  Hulkenberg ,0.11504688858985901
1963,Nico  Hulkenberg ,0.1170266717672348
1964,Nico  Hulkenberg ,0.11880776286125183
1965,Nico  Hulkenberg ,0.12027320265769958
1966,Nico  Hulkenberg ,0.12140876054763794
1967,Nico  Hulkenberg ,0.12225230038166046
1968,Nico  Hulkenberg ,0.12285976111888885
1969,Nico  Hulkenberg ,0.1232871413230896
1970,Nico  Hulkenberg ,0.12358228862285614
1971,Nico  Hulkenberg ,0.12378326058387756
1972,Nico  Hulkenberg ,0.12391860783100128
1973,Nico  Hulkenberg ,0.12400898337364197
1974,Nico  Hulkenberg ,0.12406915426254272
1975,Nico  Hulkenberg ,0.12410925328731537
1976,Nico  Hulkenberg ,0.12413623929023743
1977,Nico  Hulkenberg ,0.12415477633476257
1978,Nico  Hulkenberg ,0.12416812777519226
1979,Nico  Hulkenberg ,0.12417834997177124
1980,Nico  Hulkenberg ,0.12418687343597412
1981,Nico  Hulkenberg ,0.12419481575489044
1982,Nico  Hulkenberg ,0.12420281767845154
1983,Nico  Hulkenberg ,0.12421154975891113
1984,Nico  Hulkenberg ,0.12422148883342743
1985,Nico  Hulkenberg ,0.12423312664031982
1986,Nico  Hulkenberg ,0.12424701452255249
1987,Nico  Hulkenberg ,0.12426373362541199
1988,Nico  Hulkenberg ,0.12428398430347443
1989,Nico  Hulkenberg ,0.12430858612060547
1990,Nico  Hulkenberg ,0.12433859705924988
1991,Nico  Hulkenberg ,0.12437516450881958
1992,Nico  Hulkenberg ,0.12441986799240112
1993,Nico  Hulkenberg ,0.12447452545166016
1994,Nico  Hulkenberg ,0.12454140186309814
1995,Nico  Hulkenberg ,0.12462303042411804
1996,Nico  Hulkenberg ,0.12472257018089294
1997,Nico  Hulkenberg ,0.12484338879585266
1998,Nico  Hulkenberg ,0.12498907744884491
1999,Nico  Hulkenberg ,0.12516279518604279
2000,Nico  Hulkenberg ,0.12536609172821045
2001,Nico  Hulkenberg ,0.125596284866333
2002,Nico  Hulkenberg ,0.12584078311920166
2003,Nico  Hulkenberg ,0.12606659531593323
2004,Nico  Hulkenberg ,0.12620259821414948
2005,Nico  Hulkenberg ,0.1261223703622818
2006,Nico  Hulkenberg ,0.12567034363746643
2007,Nico  Hulkenberg ,0.12488822638988495
2008,Nico  Hulkenberg ,0.12486861646175385
2009,Nico  Hulkenberg ,0.13074910640716553
2010,Nico  Hulkenberg ,0.179300457239151
2011,Nico  Hulkenberg ,0.13773170113563538
2012,Nico  Hulkenberg ,0.24225851893424988
2013,Nico  Hulkenberg ,0.25317704677581787
2014,Nico  Hulkenberg ,0.303923100233078
2015,Nico  Hulkenberg ,0.280029833316803
2016,Nico  Hulkenberg ,0.2992306649684906
2017,Nico  Hulkenberg ,0.2641511857509613
2018,Nico  Hulkenberg ,0.3191448152065277
2019,Nico  Hulkenberg ,0.2326492965221405
2020,Nico  Hulkenberg ,0.19802916049957275
2021,Nico  Hulkenberg ,0.13817988336086273
2022,Nico  Hulkenberg ,0.12699554860591888
2023,Nico  Hulkenberg ,0.1758088618516922
2024,Nico  Hulkenberg ,0.1713353395462036
2025,Nico  Hulkenberg ,0.10333117842674255
2026,Nico  Hulkenberg ,0.03192940354347229
2027,Nico  Hulkenberg ,0.020735174417495728
2028,Nico  Hulkenberg ,0.019004985690116882
2029,Nico  Hulkenberg ,0.018738150596618652
2030,Nico  Hulkenberg ,0.018697023391723633
1958,Nico  Rosberg ,0.11337593197822571
1959,Nico  Rosberg ,0.1113278865814209
1960,Nico  Rosberg ,0.11172297596931458
1961,Nico  Rosberg ,0.11313900351524353
1962,Nico  Rosberg ,0.11504785716533661
1963,Nico  Rosberg ,0.1170278787612915
1964,Nico  Rosberg ,0.11880925297737122
1965,Nico  Rosberg ,0.12027505040168762
1966,Nico  Rosberg ,0.1214110255241394
1967,Nico  Rosberg ,0.12225502729415894
1968,Nico  Rosberg ,0.12286311388015747
1969,Nico  Rosberg ,0.12329120934009552
1970,Nico  Rosberg ,0.1235872209072113
1971,Nico  Rosberg ,0.12378928065299988
1972,Nico  Rosberg ,0.12392586469650269
1973,Nico  Rosberg ,0.12401780486106873
1974,Nico  Rosberg ,0.12407983839511871
1975,Nico  Rosberg ,0.12412220239639282
1976,Nico  Rosberg ,0.12415193021297455
1977,Nico  Rosberg ,0.1241738349199295
1978,Nico  Rosberg ,0.12419122457504272
1979,Nico  Rosberg ,0.12420634925365448
1980,Nico  Rosberg ,0.12422086298465729
1981,Nico  Rosberg ,0.1242360770702362
1982,Nico  Rosberg ,0.12425298988819122
1983,Nico  Rosberg ,0.12427252531051636
1984,Nico  Rosberg ,0.12429569661617279
1985,Nico  Rosberg ,0.12432354688644409
1986,Nico  Rosberg ,0.12435728311538696
1987,Nico  Rosberg ,0.1243983805179596
1988,Nico  Rosberg ,0.12444858253002167
1989,Nico  Rosberg ,0.12450997531414032
1990,Nico  Rosberg ,0.12458507716655731
1991,Nico  Rosberg ,0.1246768981218338
1992,Nico  Rosberg ,0.1247887909412384
1993,Nico  Rosberg ,0.12492458522319794
1994,Nico  Rosberg ,0.12508797645568848
1995,Nico  Rosberg ,0.12528195977210999
1996,Nico  Rosberg ,0.12550732493400574
1997,Nico  Rosberg ,0.12575915455818176
1998,Nico  Rosberg ,0.12601988017559052
1999,Nico  Rosberg ,0.12624597549438477
2000,Nico  Rosberg ,0.12634482979774475
2001,Nico  Rosberg ,0.1261487603187561
2002,Nico  Rosberg ,0.12542840838432312
2003,Nico  Rosberg ,0.12411028146743774
2004,Nico  Rosberg ,0.12309849262237549
2005,Nico  Rosberg ,0.1278230994939804
2006,Nico  Rosberg ,0.14612318575382233
2007,Nico  Rosberg ,0.23567155003547668
2008,Nico  Rosberg ,0.19711121916770935
2009,Nico  Rosberg ,0.2670811712741852
2010,Nico  Rosberg ,0.3472568094730377
2011,Nico  Rosberg ,0.33015790581703186
2012,Nico  Rosberg ,0.31327083706855774
2013,Nico  Rosberg ,0.4240831434726715
2014,Nico  Rosberg ,0.6287245750427246
2015,Nico  Rosberg ,0.6763812303543091
2016,Nico  Rosberg ,0.7006746530532837
2017,Nico  Rosberg ,0.14295125007629395
2018,Nico  Rosberg ,0.12599089741706848
2019,Nico  Rosberg ,0.13047826290130615
2020,Nico  Rosberg ,0.1346713900566101
2021,Nico  Rosberg ,0.1331646889448166
2022,Nico  Rosberg ,0.12633036077022552
2023,Nico  Rosberg ,0.11263835430145264
2024,Nico  Rosberg ,0.08633401989936829
2025,Nico  Rosberg ,0.039903052151203156
2026,Nico  Rosberg ,-0.06969387829303741
2027,Nico  Rosberg ,-0.07349970936775208
2028,Nico  Rosberg ,-0.07349970936775208
2029,Nico  Rosberg ,-0.07349970936775208
2030,Nico  Rosberg ,-0.07349970936775208
1958,Nicola  Larini ,0.11337611079216003
1959,Nicola  Larini ,0.11132845282554626
1960,Nicola  Larini ,0.11172382533550262
1961,Nicola  Larini ,0.11314015090465546
1962,Nicola  Larini ,0.11504930257797241
1963,Nicola  Larini ,0.11702969670295715
1964,Nicola  Larini ,0.11881151795387268
1965,Nicola  Larini ,0.12027782201766968
1966,Nicola  Larini ,0.12141445279121399
1967,Nicola  Larini ,0.12225925922393799
1968,Nicola  Larini ,0.12286826968193054
1969,Nicola  Larini ,0.12329749763011932
1970,Nicola  Larini ,0.1235949844121933
1971,Nicola  Larini ,0.12379872798919678
1972,Nicola  Larini ,0.12393747270107269
1973,Nicola  Larini ,0.12403212487697601
1974,Nicola  Larini ,0.12409751117229462
1975,Nicola  Larini ,0.1241440623998642
1976,Nicola  Larini ,0.12417903542518616
1977,Nicola  Larini ,0.12420743703842163
1978,Nicola  Larini ,0.1242329478263855
1979,Nicola  Larini ,0.1242581307888031
1980,Nicola  Larini ,0.12428492307662964
1981,Nicola  Larini ,0.12431475520133972
1982,Nicola  Larini ,0.12434840202331543
1983,Nicola  Larini ,0.12438586354255676
1984,Nicola  Larini ,0.1244252622127533
1985,Nicola  Larini ,0.12446066737174988
1986,Nicola  Larini ,0.12447747588157654
1987,Nicola  Larini ,0.12444299459457397
1988,Nicola  Larini ,0.12429118156433105
1989,Nicola  Larini ,0.12390714883804321
1990,Nicola  Larini ,0.12315152585506439
1991,Nicola  Larini ,0.12207165360450745
1992,Nicola  Larini ,0.1217019259929657
1993,Nicola  Larini ,0.126697838306427
1994,Nicola  Larini ,0.18476229906082153
1995,Nicola  Larini ,0.12411381304264069
1996,Nicola  Larini ,0.12295381724834442
1997,Nicola  Larini ,0.12604005634784698
1998,Nicola  Larini ,0.12408864498138428
1999,Nicola  Larini ,0.12344220280647278
2000,Nicola  Larini ,0.1249430924654007
2001,Nicola  Larini ,0.1257847547531128
2002,Nicola  Larini ,0.12598375976085663
2003,Nicola  Larini ,0.1258619725704193
2004,Nicola  Larini ,0.12566059827804565
2005,Nicola  Larini ,0.1254981905221939
2006,Nicola  Larini ,0.12541744112968445
2007,Nicola  Larini ,0.1254263073205948
2008,Nicola  Larini ,0.12552109360694885
2009,Nicola  Larini ,0.12569722533226013
2010,Nicola  Larini ,0.125952810049057
2011,Nicola  Larini ,0.12628915905952454
2012,Nicola  Larini ,0.1267092525959015
2013,Nicola  Larini ,0.12721464037895203
2014,Nicola  Larini ,0.12779957056045532
2015,Nicola  Larini ,0.12844108045101166
2016,Nicola  Larini ,0.12908272445201874
2017,Nicola  Larini ,0.1296105980873108
2018,Nicola  Larini ,0.12982243299484253
2019,Nicola  Larini ,0.12939685583114624
2020,Nicola  Larini ,0.12786999344825745
2021,Nicola  Larini ,0.12457984685897827
2022,Nicola  Larini ,0.11832527816295624
2023,Nicola  Larini ,0.10611216723918915
2024,Nicola  Larini ,0.0814698189496994
2025,Nicola  Larini ,0.039903052151203156
2026,Nicola  Larini ,-0.06969387829303741
2027,Nicola  Larini ,-0.07349970936775208
2028,Nicola  Larini ,-0.07349970936775208
2029,Nicola  Larini ,-0.07349970936775208
2030,Nicola  Larini ,-0.07349970936775208
1958,Nicolas  Kiesa ,0.11337578296661377
1959,Nicolas  Kiesa ,0.11132743954658508
1960,Nicolas  Kiesa ,0.11172230541706085
1961,Nicolas  Kiesa ,0.11313813924789429
1962,Nicolas  Kiesa ,0.11504670977592468
1963,Nicolas  Kiesa ,0.1170264333486557
1964,Nicolas  Kiesa ,0.11880747973918915
1965,Nicolas  Kiesa ,0.12027285993099213
1966,Nicolas  Kiesa ,0.12140834331512451
1967,Nicolas  Kiesa ,0.12225176393985748
1968,Nicolas  Kiesa ,0.12285913527011871
1969,Nicolas  Kiesa ,0.12328633666038513
1970,Nicolas  Kiesa ,0.12358132004737854
1971,Nicolas  Kiesa ,0.12378209829330444
1972,Nicolas  Kiesa ,0.12391716241836548
1973,Nicolas  Kiesa ,0.12400725483894348
1974,Nicolas  Kiesa ,0.12406706809997559
1975,Nicolas  Kiesa ,0.12410670518875122
1976,Nicolas  Kiesa ,0.12413318455219269
1977,Nicolas  Kiesa ,0.12415114045143127
1978,Nicolas  Kiesa ,0.12416371703147888
1979,Nicolas  Kiesa ,0.12417304515838623
1980,Nicolas  Kiesa ,0.12418058514595032
1981,Nicolas  Kiesa ,0.12418729066848755
1982,Nicolas  Kiesa ,0.12419389188289642
1983,Nicolas  Kiesa ,0.1242009699344635
1984,Nicolas  Kiesa ,0.12420907616615295
1985,Nicolas  Kiesa ,0.1242186427116394
1986,Nicolas  Kiesa ,0.12423020601272583
1987,Nicolas  Kiesa ,0.1242443323135376
1988,Nicolas  Kiesa ,0.12426169216632843
1989,Nicolas  Kiesa ,0.12428298592567444
1990,Nicolas  Kiesa ,0.12430888414382935
1991,Nicolas  Kiesa ,0.12433987855911255
1992,Nicolas  Kiesa ,0.12437570095062256
1993,Nicolas  Kiesa ,0.12441481649875641
1994,Nicolas  Kiesa ,0.1244523823261261
1995,Nicolas  Kiesa ,0.12447753548622131
1996,Nicolas  Kiesa ,0.12446838617324829
1997,Nicolas  Kiesa ,0.12438580393791199
1998,Nicolas  Kiesa ,0.1241699755191803
1999,Nicolas  Kiesa ,0.12375639379024506
2000,Nicolas  Kiesa ,0.12316519021987915
2001,Nicolas  Kiesa ,0.12258797883987427
2002,Nicolas  Kiesa ,0.12436702847480774
2003,Nicolas  Kiesa ,0.0873514860868454
2004,Nicolas  Kiesa ,0.12208175659179688
2005,Nicolas  Kiesa ,0.12365540862083435
2006,Nicolas  Kiesa ,0.12546254694461823
2007,Nicolas  Kiesa ,0.12617768347263336
2008,Nicolas  Kiesa ,0.12639093399047852
2009,Nicolas  Kiesa ,0.12644124031066895
2010,Nicolas  Kiesa ,0.12651237845420837
2011,Nicolas  Kiesa ,0.1266811341047287
2012,Nicolas  Kiesa ,0.1269717514514923
2013,Nicolas  Kiesa ,0.12738484144210815
2014,Nicolas  Kiesa ,0.12790708243846893
2015,Nicolas  Kiesa ,0.12850737571716309
2016,Nicolas  Kiesa ,0.12912264466285706
2017,Nicolas  Kiesa ,0.12963399291038513
2018,Nicolas  Kiesa ,0.12983572483062744
2019,Nicolas  Kiesa ,0.12940412759780884
2020,Nicolas  Kiesa ,0.1278737634420395
2021,Nicolas  Kiesa ,0.12458163499832153
2022,Nicolas  Kiesa ,0.11832600831985474
2023,Nicolas  Kiesa ,0.10611236095428467
2024,Nicolas  Kiesa ,0.08146975934505463
2025,Nicolas  Kiesa ,0.039903052151203156
2026,Nicolas  Kiesa ,-0.06969387829303741
2027,Nicolas  Kiesa ,-0.07349970936775208
2028,Nicolas  Kiesa ,-0.07349970936775208
2029,Nicolas  Kiesa ,-0.07349970936775208
2030,Nicolas  Kiesa ,-0.07349970936775208
1958,Nigel  Mansell ,0.11339700222015381
1959,Nigel  Mansell ,0.11138728260993958
1960,Nigel  Mansell ,0.11181171238422394
1961,Nigel  Mansell ,0.11325773596763611
1962,Nigel  Mansell ,0.11520102620124817
1963,Nigel  Mansell ,0.11722196638584137
1964,Nigel  Mansell ,0.11905255913734436
1965,Nigel  Mansell ,0.1205778568983078
1966,Nigel  Mansell ,0.12178578972816467
1967,Nigel  Mansell ,0.12271685898303986
1968,Nigel  Mansell ,0.1234298050403595
1969,Nigel  Mansell ,0.12398308515548706
1970,Nigel  Mansell ,0.12442637979984283
1971,Nigel  Mansell ,0.12479683756828308
1972,Nigel  Mansell ,0.1251162588596344
1973,Nigel  Mansell ,0.12538546323776245
1974,Nigel  Mansell ,0.1255720555782318
1975,Nigel  Mansell ,0.125588521361351
1976,Nigel  Mansell ,0.12526728212833405
1977,Nigel  Mansell ,0.12438192963600159
1978,Nigel  Mansell ,0.12289734184741974
1979,Nigel  Mansell ,0.1219351589679718
1980,Nigel  Mansell ,0.127318874001503
1981,Nigel  Mansell ,0.17583060264587402
1982,Nigel  Mansell ,0.1737905740737915
1983,Nigel  Mansell ,0.18393291532993317
1984,Nigel  Mansell ,0.2229498326778412
1985,Nigel  Mansell ,0.28076449036598206
1986,Nigel  Mansell ,0.3645838499069214
1987,Nigel  Mansell ,0.36207297444343567
1988,Nigel  Mansell ,0.21570917963981628
1989,Nigel  Mansell ,0.30535492300987244
1990,Nigel  Mansell ,0.3018917739391327
1991,Nigel  Mansell ,0.3745283782482147
1992,Nigel  Mansell ,0.41166046261787415
1993,Nigel  Mansell ,0.12947553396224976
1994,Nigel  Mansell ,0.25356921553611755
1995,Nigel  Mansell ,0.12939026951789856
1996,Nigel  Mansell ,0.12605150043964386
1997,Nigel  Mansell ,0.1278286576271057
1998,Nigel  Mansell ,0.1291886568069458
1999,Nigel  Mansell ,0.12915253639221191
2000,Nigel  Mansell ,0.128402978181839
2001,Nigel  Mansell ,0.12749391794204712
2002,Nigel  Mansell ,0.126697838306427
2003,Nigel  Mansell ,0.12610110640525818
2004,Nigel  Mansell ,0.12570291757583618
2005,Nigel  Mansell ,0.1254730522632599
2006,Nigel  Mansell ,0.12537822127342224
2007,Nigel  Mansell ,0.12539178133010864
2008,Nigel  Mansell ,0.12549585103988647
2009,Nigel  Mansell ,0.1256805658340454
2010,Nigel  Mansell ,0.12594273686408997
2011,Nigel  Mansell ,0.12628358602523804
2012,Nigel  Mansell ,0.1267065405845642
2013,Nigel  Mansell ,0.12721362709999084
2014,Nigel  Mansell ,0.12779949605464935
2015,Nigel  Mansell ,0.1284414529800415
2016,Nigel  Mansell ,0.12908324599266052
2017,Nigel  Mansell ,0.12961113452911377
2018,Nigel  Mansell ,0.12982292473316193
2019,Nigel  Mansell ,0.12939728796482086
2020,Nigel  Mansell ,0.12787029147148132
2021,Nigel  Mansell ,0.12458008527755737
2022,Nigel  Mansell ,0.11832544207572937
2023,Nigel  Mansell ,0.10611230134963989
2024,Nigel  Mansell ,0.08146992325782776
2025,Nigel  Mansell ,0.039903052151203156
2026,Nigel  Mansell ,-0.06969387829303741
2027,Nigel  Mansell ,-0.07349970936775208
2028,Nigel  Mansell ,-0.07349970936775208
2029,Nigel  Mansell ,-0.07349970936775208
2030,Nigel  Mansell ,-0.07349970936775208
1958,Niki  Lauda ,0.11349326372146606
1959,Niki  Lauda ,0.11161956191062927
1960,Niki  Lauda ,0.11214867234230042
1961,Niki  Lauda ,0.11369940638542175
1962,Niki  Lauda ,0.11575597524642944
1963,Niki  Lauda ,0.11789828538894653
1964,Niki  Lauda ,0.11984986066818237
1965,Niki  Lauda ,0.1214737594127655
1966,Niki  Lauda ,0.12270849943161011
1967,Niki  Lauda ,0.12348970770835876
1968,Niki  Lauda ,0.1236746609210968
1969,Niki  Lauda ,0.1230010986328125
1970,Niki  Lauda ,0.12123249471187592
1971,Niki  Lauda ,0.1189185380935669
1972,Niki  Lauda ,0.12130998075008392
1973,Niki  Lauda ,0.13664177060127258
1974,Niki  Lauda ,0.3022269904613495
1975,Niki  Lauda ,0.3705148696899414
1976,Niki  Lauda ,0.36692944169044495
1977,Niki  Lauda ,0.3791746199131012
1978,Niki  Lauda ,0.3043690621852875
1979,Niki  Lauda ,0.1649320125579834
1980,Niki  Lauda ,0.11416375637054443
1981,Niki  Lauda ,0.11839848756790161
1982,Niki  Lauda ,0.28175976872444153
1983,Niki  Lauda ,0.24055913090705872
1984,Niki  Lauda ,0.3821607828140259
1985,Niki  Lauda ,0.25439023971557617
1986,Niki  Lauda ,0.12202388048171997
1987,Niki  Lauda ,0.11949512362480164
1988,Niki  Lauda ,0.12432636320590973
1989,Niki  Lauda ,0.12761801481246948
1990,Niki  Lauda ,0.12852883338928223
1991,Niki  Lauda ,0.12815003097057343
1992,Niki  Lauda ,0.1273331642150879
1993,Niki  Lauda ,0.1265091598033905
1994,Niki  Lauda ,0.1258356273174286
1995,Niki  Lauda ,0.12533877789974213
1996,Niki  Lauda ,0.12499538064002991
1997,Niki  Lauda ,0.12477082014083862
1998,Niki  Lauda ,0.12463366985321045
1999,Niki  Lauda ,0.12455959618091583
2000,Niki  Lauda ,0.12453141808509827
2001,Niki  Lauda ,0.12453776597976685
2002,Niki  Lauda ,0.1245717853307724
2003,Niki  Lauda ,0.12463006377220154
2004,Niki  Lauda ,0.12471172213554382
2005,Niki  Lauda ,0.12481796741485596
2006,Niki  Lauda ,0.12495169043540955
2007,Niki  Lauda ,0.1251174509525299
2008,Niki  Lauda ,0.12532123923301697
2009,Niki  Lauda ,0.12557047605514526
2010,Niki  Lauda ,0.1258738487958908
2011,Niki  Lauda ,0.1262408047914505
2012,Niki  Lauda ,0.12668010592460632
2013,Niki  Lauda ,0.12719736993312836
2014,Niki  Lauda ,0.12778958678245544
2015,Niki  Lauda ,0.12843537330627441
2016,Niki  Lauda ,0.12907956540584564
2017,Niki  Lauda ,0.1296088993549347
2018,Niki  Lauda ,0.1298215389251709
2019,Niki  Lauda ,0.12939642369747162
2020,Niki  Lauda ,0.12786978483200073
2021,Niki  Lauda ,0.12457975745201111
2022,Niki  Lauda ,0.11832524836063385
2023,Niki  Lauda ,0.10611216723918915
2024,Niki  Lauda ,0.08146984875202179
2025,Niki  Lauda ,0.039903052151203156
2026,Niki  Lauda ,-0.06969387829303741
2027,Niki  Lauda ,-0.07349970936775208
2028,Niki  Lauda ,-0.07349970936775208
2029,Niki  Lauda ,-0.07349970936775208
2030,Niki  Lauda ,-0.07349970936775208
1958,Nikita  Mazepin ,0.113375723361969
1959,Nikita  Mazepin ,0.11132732033729553
1960,Nikita  Mazepin ,0.11172212660312653
1961,Nikita  Mazepin ,0.1131378710269928
1962,Nikita  Mazepin ,0.11504635214805603
1963,Nikita  Mazepin ,0.11702601611614227
1964,Nikita  Mazepin ,0.11880694329738617
1965,Nikita  Mazepin ,0.12027221918106079
1966,Nikita  Mazepin ,0.12140750885009766
1967,Nikita  Mazepin ,0.12225079536437988
1968,Nikita  Mazepin ,0.12285791337490082
1969,Nikita  Mazepin ,0.12328487634658813
1970,Nikita  Mazepin ,0.12357953190803528
1971,Nikita  Mazepin ,0.12377992272377014
1972,Nikita  Mazepin ,0.12391453981399536
1973,Nikita  Mazepin ,0.12400409579277039
1974,Nikita  Mazepin ,0.12406322360038757
1975,Nikita  Mazepin ,0.12410202622413635
1976,Nikita  Mazepin ,0.12412752211093903
1977,Nikita  Mazepin ,0.12414425611495972
1978,Nikita  Mazepin ,0.12415534257888794
1979,Nikita  Mazepin ,0.12416285276412964
1980,Nikita  Mazepin ,0.12416809797286987
1981,Nikita  Mazepin ,0.12417203187942505
1982,Nikita  Mazepin ,0.12417525053024292
1983,Nikita  Mazepin ,0.12417808175086975
1984,Nikita  Mazepin ,0.12418091297149658
1985,Nikita  Mazepin ,0.12418390810489655
1986,Nikita  Mazepin ,0.12418724596500397
1987,Nikita  Mazepin ,0.12419116497039795
1988,Nikita  Mazepin ,0.12419576942920685
1989,Nikita  Mazepin ,0.12420126795768738
1990,Nikita  Mazepin ,0.12420791387557983
1991,Nikita  Mazepin ,0.12421591579914093
1992,Nikita  Mazepin ,0.12422558665275574
1993,Nikita  Mazepin ,0.12423728406429291
1994,Nikita  Mazepin ,0.12425146996974945
1995,Nikita  Mazepin ,0.12426871061325073
1996,Nikita  Mazepin ,0.1242896020412445
1997,Nikita  Mazepin ,0.12431493401527405
1998,Nikita  Mazepin ,0.12434574961662292
1999,Nikita  Mazepin ,0.12438318133354187
2000,Nikita  Mazepin ,0.12442874908447266
2001,Nikita  Mazepin ,0.12448421120643616
2002,Nikita  Mazepin ,0.12455181777477264
2003,Nikita  Mazepin ,0.12463431060314178
2004,Nikita  Mazepin ,0.12473505735397339
2005,Nikita  Mazepin ,0.12485815584659576
2006,Nikita  Mazepin ,0.12500867247581482
2007,Nikita  Mazepin ,0.12519261240959167
2008,Nikita  Mazepin ,0.1254170686006546
2009,Nikita  Mazepin ,0.12569016218185425
2010,Nikita  Mazepin ,0.12602034211158752
2011,Nikita  Mazepin ,0.1264151781797409
2012,Nikita  Mazepin ,0.12687839567661285
2013,Nikita  Mazepin ,0.12740400433540344
2014,Nikita  Mazepin ,0.1279657781124115
2015,Nikita  Mazepin ,0.1285013109445572
2016,Nikita  Mazepin ,0.12889467179775238
2017,Nikita  Mazepin ,0.12898150086402893
2018,Nikita  Mazepin ,0.12864477932453156
2019,Nikita  Mazepin ,0.12807171046733856
2020,Nikita  Mazepin ,0.1285378336906433
2021,Nikita  Mazepin ,0.11189384758472443
2022,Nikita  Mazepin ,0.11855897307395935
2023,Nikita  Mazepin ,0.10604429244995117
2024,Nikita  Mazepin ,0.08257809281349182
2025,Nikita  Mazepin ,0.039903052151203156
2026,Nikita  Mazepin ,-0.06969387829303741
2027,Nikita  Mazepin ,-0.07349970936775208
2028,Nikita  Mazepin ,-0.07349970936775208
2029,Nikita  Mazepin ,-0.07349970936775208
2030,Nikita  Mazepin ,-0.07349970936775208
1958,Nyck  De Vries ,0.11337573826313019
1959,Nyck  De Vries ,0.11132732033729553
1960,Nyck  De Vries ,0.11172214150428772
1961,Nyck  De Vries ,0.1131378710269928
1962,Nyck  De Vries ,0.11504635214805603
1963,Nyck  De Vries ,0.11702603101730347
1964,Nyck  De Vries ,0.11880694329738617
1965,Nyck  De Vries ,0.1202722042798996
1966,Nyck  De Vries ,0.12140753865242004
1967,Nyck  De Vries ,0.12225079536437988
1968,Nyck  De Vries ,0.1228579580783844
1969,Nyck  De Vries ,0.12328490614891052
1970,Nyck  De Vries ,0.12357959151268005
1971,Nyck  De Vries ,0.12377996742725372
1972,Nyck  De Vries ,0.12391459941864014
1973,Nyck  De Vries ,0.12400417029857635
1974,Nyck  De Vries ,0.12406329810619354
1975,Nyck  De Vries ,0.12410217523574829
1976,Nyck  De Vries ,0.12412762641906738
1977,Nyck  De Vries ,0.12414439022541046
1978,Nyck  De Vries ,0.12415552139282227
1979,Nyck  De Vries ,0.12416306138038635
1980,Nyck  De Vries ,0.12416836619377136
1981,Nyck  De Vries ,0.1241724044084549
1982,Nyck  De Vries ,0.12417563796043396
1983,Nyck  De Vries ,0.12417858839035034
1984,Nyck  De Vries ,0.12418149411678314
1985,Nyck  De Vries ,0.12418462336063385
1986,Nyck  De Vries ,0.1241881251335144
1987,Nyck  De Vries ,0.12419220805168152
1988,Nyck  De Vries ,0.12419703602790833
1989,Nyck  De Vries ,0.12420281767845154
1990,Nyck  De Vries ,0.12420977652072906
1991,Nyck  De Vries ,0.1242181658744812
1992,Nyck  De Vries ,0.1242283433675766
1993,Nyck  De Vries ,0.12424062192440033
1994,Nyck  De Vries ,0.12425555288791656
1995,Nyck  De Vries ,0.1242736279964447
1996,Nyck  De Vries ,0.12429556250572205
1997,Nyck  De Vries ,0.12432220578193665
1998,Nyck  De Vries ,0.12435457110404968
1999,Nyck  De Vries ,0.12439393997192383
2000,Nyck  De Vries ,0.12444183230400085
2001,Nyck  De Vries ,0.12450018525123596
2002,Nyck  De Vries ,0.12457132339477539
2003,Nyck  De Vries ,0.12465822696685791
2004,Nyck  De Vries ,0.12476442754268646
2005,Nyck  De Vries ,0.12489433586597443
2006,Nyck  De Vries ,0.12505340576171875
2007,Nyck  De Vries ,0.12524816393852234
2008,Nyck  De Vries ,0.12548652291297913
2009,Nyck  De Vries ,0.12577742338180542
2010,Nyck  De Vries ,0.1261308193206787
2011,Nyck  De Vries ,0.12655623257160187
2012,Nyck  De Vries ,0.12706047296524048
2013,Nyck  De Vries ,0.1276421993970871
2014,Nyck  De Vries ,0.12828193604946136
2015,Nyck  De Vries ,0.1289249062538147
2016,Nyck  De Vries ,0.12945547699928284
2017,Nyck  De Vries ,0.12967294454574585
2018,Nyck  De Vries ,0.12930689752101898
2019,Nyck  De Vries ,0.1281786561012268
2020,Nyck  De Vries ,0.12663407623767853
2021,Nyck  De Vries ,0.12638050317764282
2022,Nyck  De Vries ,0.10985308885574341
2023,Nyck  De Vries ,0.10052265226840973
2024,Nyck  De Vries ,0.08515593409538269
2025,Nyck  De Vries ,0.039903052151203156
2026,Nyck  De Vries ,-0.06969387829303741
2027,Nyck  De Vries ,-0.07349970936775208
2028,Nyck  De Vries ,-0.07349970936775208
2029,Nyck  De Vries ,-0.07349970936775208
2030,Nyck  De Vries ,-0.07349970936775208
1958,Oliver  Bearman ,0.113375723361969
1959,Oliver  Bearman ,0.11132732033729553
1960,Oliver  Bearman ,0.11172212660312653
1961,Oliver  Bearman ,0.1131378561258316
1962,Oliver  Bearman ,0.11504635214805603
1963,Oliver  Bearman ,0.11702601611614227
1964,Oliver  Bearman ,0.11880694329738617
1965,Oliver  Bearman ,0.1202722042798996
1966,Oliver  Bearman ,0.12140750885009766
1967,Oliver  Bearman ,0.12225078046321869
1968,Oliver  Bearman ,0.12285792827606201
1969,Oliver  Bearman ,0.12328489124774933
1970,Oliver  Bearman ,0.12357954680919647
1971,Oliver  Bearman ,0.12377993762493134
1972,Oliver  Bearman ,0.12391452491283417
1973,Oliver  Bearman ,0.12400409579277039
1974,Oliver  Bearman ,0.12406322360038757
1975,Oliver  Bearman ,0.12410207092761993
1976,Oliver  Bearman ,0.12412752211093903
1977,Oliver  Bearman ,0.12414422631263733
1978,Oliver  Bearman ,0.12415534257888794
1979,Oliver  Bearman ,0.12416285276412964
1980,Oliver  Bearman ,0.12416812777519226
1981,Oliver  Bearman ,0.12417206168174744
1982,Oliver  Bearman ,0.12417526543140411
1983,Oliver  Bearman ,0.12417811155319214
1984,Oliver  Bearman ,0.12418094277381897
1985,Oliver  Bearman ,0.12418395280838013
1986,Oliver  Bearman ,0.12418732047080994
1987,Oliver  Bearman ,0.12419125437736511
1988,Oliver  Bearman ,0.12419585883617401
1989,Oliver  Bearman ,0.12420140206813812
1990,Oliver  Bearman ,0.12420801818370819
1991,Oliver  Bearman ,0.12421606481075287
1992,Oliver  Bearman ,0.12422578036785126
1993,Oliver  Bearman ,0.12423750758171082
1994,Oliver  Bearman ,0.12425172328948975
1995,Oliver  Bearman ,0.12426897883415222
1996,Oliver  Bearman ,0.12428992986679077
1997,Oliver  Bearman ,0.1243153065443039
1998,Oliver  Bearman ,0.12434610724449158
1999,Oliver  Bearman ,0.12438353896141052
2000,Oliver  Bearman ,0.12442901730537415
2001,Oliver  Bearman ,0.12448431551456451
2002,Oliver  Bearman ,0.12455165386199951
2003,Oliver  Bearman ,0.12463366985321045
2004,Oliver  Bearman ,0.12473367154598236
2005,Oliver  Bearman ,0.12485569715499878
2006,Oliver  Bearman ,0.12500469386577606
2007,Oliver  Bearman ,0.12518668174743652
2008,Oliver  Bearman ,0.12540888786315918
2009,Oliver  Bearman ,0.1256798803806305
2010,Oliver  Bearman ,0.12600931525230408
2011,Oliver  Bearman ,0.12640753388404846
2012,Oliver  Bearman ,0.12688402831554413
2013,Oliver  Bearman ,0.12744420766830444
2014,Oliver  Bearman ,0.12808296084403992
2015,Oliver  Bearman ,0.12877225875854492
2016,Oliver  Bearman ,0.12943989038467407
2017,Oliver  Bearman ,0.1299366056919098
2018,Oliver  Bearman ,0.12999850511550903
2019,Oliver  Bearman ,0.12923836708068848
2020,Oliver  Bearman ,0.12727095186710358
2021,Oliver  Bearman ,0.12421073019504547
2022,Oliver  Bearman ,0.12194499373435974
2023,Oliver  Bearman ,0.12640485167503357
2024,Oliver  Bearman ,0.1722116768360138
2025,Oliver  Bearman ,0.1260899305343628
2026,Oliver  Bearman ,0.04969528317451477
2027,Oliver  Bearman ,0.03707300126552582
2028,Oliver  Bearman ,0.03501823544502258
2029,Oliver  Bearman ,0.034684568643569946
2030,Oliver  Bearman ,0.034630417823791504
1958,Olivier  Grouillard ,0.11337646842002869
1959,Olivier  Grouillard ,0.11132942140102386
1960,Olivier  Grouillard ,0.11172530055046082
1961,Olivier  Grouillard ,0.11314211785793304
1962,Olivier  Grouillard ,0.11505185067653656
1963,Olivier  Grouillard ,0.11703291535377502
1964,Olivier  Grouillard ,0.11881554126739502
1965,Olivier  Grouillard ,0.12028288841247559
1966,Olivier  Grouillard ,0.12142074108123779
1967,Olivier  Grouillard ,0.12226702272891998
1968,Olivier  Grouillard ,0.12287795543670654
1969,Olivier  Grouillard ,0.12330953776836395
1970,Olivier  Grouillard ,0.12360993027687073
1971,Olivier  Grouillard ,0.12381748855113983
1972,Olivier  Grouillard ,0.12396101653575897
1973,Olivier  Grouillard ,0.1240617036819458
1974,Olivier  Grouillard ,0.12413474917411804
1975,Olivier  Grouillard ,0.12419091165065765
1976,Olivier  Grouillard ,0.12423761188983917
1977,Olivier  Grouillard ,0.12427985668182373
1978,Olivier  Grouillard ,0.12432035803794861
1979,Olivier  Grouillard ,0.12435933947563171
1980,Olivier  Grouillard ,0.12439310550689697
1981,Olivier  Grouillard ,0.12441186606884003
1982,Olivier  Grouillard ,0.12439553439617157
1983,Olivier  Grouillard ,0.12430962920188904
1984,Olivier  Grouillard ,0.12410382926464081
1985,Olivier  Grouillard ,0.12372341752052307
1986,Olivier  Grouillard ,0.12316282093524933
1987,Olivier  Grouillard ,0.12233048677444458
1988,Olivier  Grouillard ,0.12262256443500519
1989,Olivier  Grouillard ,0.06115327775478363
1990,Olivier  Grouillard ,0.11997349560260773
1991,Olivier  Grouillard ,0.12329360842704773
1992,Olivier  Grouillard ,0.12527161836624146
1993,Olivier  Grouillard ,0.12563183903694153
1994,Olivier  Grouillard ,0.12546291947364807
1995,Olivier  Grouillard ,0.125168576836586
1996,Olivier  Grouillard ,0.12490583956241608
1997,Olivier  Grouillard ,0.12471519410610199
1998,Olivier  Grouillard ,0.12459442019462585
1999,Olivier  Grouillard ,0.1245298683643341
2000,Olivier  Grouillard ,0.12450823187828064
2001,Olivier  Grouillard ,0.12451952695846558
2002,Olivier  Grouillard ,0.1245574951171875
2003,Olivier  Grouillard ,0.12461894750595093
2004,Olivier  Grouillard ,0.12470319867134094
2005,Olivier  Grouillard ,0.12481150031089783
2006,Olivier  Grouillard ,0.12494686245918274
2007,Olivier  Grouillard ,0.12511390447616577
2008,Olivier  Grouillard ,0.12531864643096924
2009,Olivier  Grouillard ,0.12556859850883484
2010,Olivier  Grouillard ,0.12587252259254456
2011,Olivier  Grouillard ,0.1262398511171341
2012,Olivier  Grouillard ,0.1266794502735138
2013,Olivier  Grouillard ,0.12719692289829254
2014,Olivier  Grouillard ,0.12778924405574799
2015,Olivier  Grouillard ,0.1284351646900177
2016,Olivier  Grouillard ,0.1290794163942337
2017,Olivier  Grouillard ,0.12960879504680634
2018,Olivier  Grouillard ,0.12982147932052612
2019,Olivier  Grouillard ,0.12939639389514923
2020,Olivier  Grouillard ,0.12786975502967834
2021,Olivier  Grouillard ,0.12457974255084991
2022,Olivier  Grouillard ,0.11832523345947266
2023,Olivier  Grouillard ,0.10611215233802795
2024,Olivier  Grouillard ,0.08146984875202179
2025,Olivier  Grouillard ,0.039903052151203156
2026,Olivier  Grouillard ,-0.06969387829303741
2027,Olivier  Grouillard ,-0.07349970936775208
2028,Olivier  Grouillard ,-0.07349970936775208
2029,Olivier  Grouillard ,-0.07349970936775208
2030,Olivier  Grouillard ,-0.07349970936775208
1958,Olivier  Panis ,0.11337710916996002
1959,Olivier  Panis ,0.11133131384849548
1960,Olivier  Panis ,0.11172810196876526
1961,Olivier  Panis ,0.11314582824707031
1962,Olivier  Panis ,0.11505657434463501
1963,Olivier  Panis ,0.11703884601593018
1964,Olivier  Panis ,0.11882291734218597
1965,Olivier  Panis ,0.12029191851615906
1966,Olivier  Panis ,0.12143173813819885
1967,Olivier  Panis ,0.12228040397167206
1968,Olivier  Panis ,0.12289407849311829
1969,Olivier  Panis ,0.12332895398139954
1970,Olivier  Panis ,0.12363322079181671
1971,Olivier  Panis ,0.12384527921676636
1972,Olivier  Panis ,0.12399409711360931
1973,Olivier  Panis ,0.12410102784633636
1974,Olivier  Panis ,0.12418138980865479
1975,Olivier  Panis ,0.12424620985984802
1976,Olivier  Panis ,0.12430351972579956
1977,Olivier  Panis ,0.12435929477214813
1978,Olivier  Panis ,0.1244182288646698
1979,Olivier  Panis ,0.12448421120643616
1980,Olivier  Panis ,0.12456057965755463
1981,Olivier  Panis ,0.12465041875839233
1982,Olivier  Panis ,0.12475618720054626
1983,Olivier  Panis ,0.12487936019897461
1984,Olivier  Panis ,0.12501874566078186
1985,Olivier  Panis ,0.12516748905181885
1986,Olivier  Panis ,0.12530526518821716
1987,Olivier  Panis ,0.12538325786590576
1988,Olivier  Panis ,0.12529698014259338
1989,Olivier  Panis ,0.12485331296920776
1990,Olivier  Panis ,0.12378549575805664
1991,Olivier  Panis ,0.12202852964401245
1992,Olivier  Panis ,0.12088662385940552
1993,Olivier  Panis ,0.1264238953590393
1994,Olivier  Panis ,0.2044466733932495
1995,Olivier  Panis ,0.24429896473884583
1996,Olivier  Panis ,0.23329025506973267
1997,Olivier  Panis ,0.22727569937705994
1998,Olivier  Panis ,0.11774259805679321
1999,Olivier  Panis ,0.15407173335552216
2000,Olivier  Panis ,0.12731754779815674
2001,Olivier  Panis ,0.17798738181591034
2002,Olivier  Panis ,0.1854911893606186
2003,Olivier  Panis ,0.17214509844779968
2004,Olivier  Panis ,0.18419109284877777
2005,Olivier  Panis ,0.13188768923282623
2006,Olivier  Panis ,0.12785261869430542
2007,Olivier  Panis ,0.1290220469236374
2008,Olivier  Panis ,0.1297893226146698
2009,Olivier  Panis ,0.1296635866165161
2010,Olivier  Panis ,0.12915226817131042
2011,Olivier  Panis ,0.12865999341011047
2012,Olivier  Panis ,0.12837420403957367
2013,Olivier  Panis ,0.12834279239177704
2014,Olivier  Panis ,0.12854495644569397
2015,Olivier  Panis ,0.12892428040504456
2016,Olivier  Panis ,0.12939122319221497
2017,Olivier  Panis ,0.12980493903160095
2018,Olivier  Panis ,0.12994344532489777
2019,Olivier  Panis ,0.12947140634059906
2020,Olivier  Panis ,0.12791544198989868
2021,Olivier  Panis ,0.12460732460021973
2022,Olivier  Panis ,0.11834177374839783
2023,Olivier  Panis ,0.1061219722032547
2024,Olivier  Panis ,0.08147560060024261
2025,Olivier  Panis ,0.039903052151203156
2026,Olivier  Panis ,-0.06969387829303741
2027,Olivier  Panis ,-0.07349970936775208
2028,Olivier  Panis ,-0.07349970936775208
2029,Olivier  Panis ,-0.07349970936775208
2030,Olivier  Panis ,-0.07349970936775208
1958,Olivier Gendebien ,0.11107374727725983
1959,Olivier Gendebien ,0.1644183099269867
1960,Olivier Gendebien ,0.2642863690853119
1961,Olivier Gendebien ,0.19743716716766357
1962,Olivier Gendebien ,0.111056849360466
1963,Olivier Gendebien ,0.1099725216627121
1964,Olivier Gendebien ,0.11619308590888977
1965,Olivier Gendebien ,0.12098333239555359
1966,Olivier Gendebien ,0.1234557181596756
1967,Olivier Gendebien ,0.1244451105594635
1968,Olivier Gendebien ,0.12470853328704834
1969,Olivier Gendebien ,0.12468236684799194
1970,Olivier Gendebien ,0.12457159161567688
1971,Olivier Gendebien ,0.1244574785232544
1972,Olivier Gendebien ,0.12436527013778687
1973,Olivier Gendebien ,0.1242980808019638
1974,Olivier Gendebien ,0.12425202131271362
1975,Olivier Gendebien ,0.12422165274620056
1976,Olivier Gendebien ,0.12420228123664856
1977,Olivier Gendebien ,0.12419044971466064
1978,Olivier Gendebien ,0.12418350577354431
1979,Olivier Gendebien ,0.12417979538440704
1980,Olivier Gendebien ,0.12417814135551453
1981,Olivier Gendebien ,0.12417775392532349
1982,Olivier Gendebien ,0.12417836487293243
1983,Olivier Gendebien ,0.12417957186698914
1984,Olivier Gendebien ,0.12418141961097717
1985,Olivier Gendebien ,0.12418369948863983
1986,Olivier Gendebien ,0.12418657541275024
1987,Olivier Gendebien ,0.1241900622844696
1988,Olivier Gendebien ,0.12419427931308746
1989,Olivier Gendebien ,0.12419937551021576
1990,Olivier Gendebien ,0.12420552968978882
1991,Olivier Gendebien ,0.12421303987503052
1992,Olivier Gendebien ,0.12422206997871399
1993,Olivier Gendebien ,0.12423300743103027
1994,Olivier Gendebien ,0.12424628436565399
1995,Olivier Gendebien ,0.12426236271858215
1996,Olivier Gendebien ,0.1242818683385849
1997,Olivier Gendebien ,0.12430551648139954
1998,Olivier Gendebien ,0.12433421611785889
1999,Olivier Gendebien ,0.1243690550327301
2000,Olivier Gendebien ,0.12441134452819824
2001,Olivier Gendebien ,0.12446281313896179
2002,Olivier Gendebien ,0.12452535331249237
2003,Olivier Gendebien ,0.12460151314735413
2004,Olivier Gendebien ,0.12469428777694702
2005,Olivier Gendebien ,0.12480737268924713
2006,Olivier Gendebien ,0.12494528293609619
2007,Olivier Gendebien ,0.1251136064529419
2008,Olivier Gendebien ,0.12531894445419312
2009,Olivier Gendebien ,0.12556907534599304
2010,Olivier Gendebien ,0.12587301433086395
2011,Olivier Gendebien ,0.12624028325080872
2012,Olivier Gendebien ,0.12667980790138245
2013,Olivier Gendebien ,0.12719720602035522
2014,Olivier Gendebien ,0.1277894377708435
2015,Olivier Gendebien ,0.12843531370162964
2016,Olivier Gendebien ,0.12907952070236206
2017,Olivier Gendebien ,0.1296088695526123
2018,Olivier Gendebien ,0.1298215091228485
2019,Olivier Gendebien ,0.12939642369747162
2020,Olivier Gendebien ,0.12786979973316193
2021,Olivier Gendebien ,0.12457975745201111
2022,Olivier Gendebien ,0.11832526326179504
2023,Olivier Gendebien ,0.10611218214035034
2024,Olivier Gendebien ,0.08146986365318298
2025,Olivier Gendebien ,0.039903052151203156
2026,Olivier Gendebien ,-0.06969387829303741
2027,Olivier Gendebien ,-0.07349970936775208
2028,Olivier Gendebien ,-0.07349970936775208
2029,Olivier Gendebien ,-0.07349970936775208
2030,Olivier Gendebien ,-0.07349970936775208
1958,Oscar  Piastri ,0.113375723361969
1959,Oscar  Piastri ,0.11132732033729553
1960,Oscar  Piastri ,0.11172214150428772
1961,Oscar  Piastri ,0.1131378710269928
1962,Oscar  Piastri ,0.11504638195037842
1963,Oscar  Piastri ,0.11702603101730347
1964,Oscar  Piastri ,0.11880697309970856
1965,Oscar  Piastri ,0.12027224898338318
1966,Oscar  Piastri ,0.12140756845474243
1967,Oscar  Piastri ,0.12225085496902466
1968,Oscar  Piastri ,0.12285800278186798
1969,Oscar  Piastri ,0.1232849657535553
1970,Oscar  Piastri ,0.12357965111732483
1971,Oscar  Piastri ,0.12378007173538208
1972,Oscar  Piastri ,0.1239146888256073
1973,Oscar  Piastri ,0.12400427460670471
1974,Oscar  Piastri ,0.12406343221664429
1975,Oscar  Piastri ,0.12410232424736023
1976,Oscar  Piastri ,0.1241278350353241
1977,Oscar  Piastri ,0.12414461374282837
1978,Oscar  Piastri ,0.12415578961372375
1979,Oscar  Piastri ,0.12416338920593262
1980,Oscar  Piastri ,0.12416878342628479
1981,Oscar  Piastri ,0.1241728663444519
1982,Oscar  Piastri ,0.12417620420455933
1983,Oscar  Piastri ,0.12417930364608765
1984,Oscar  Piastri ,0.12418235838413239
1985,Oscar  Piastri ,0.12418565154075623
1986,Oscar  Piastri ,0.12418937683105469
1987,Oscar  Piastri ,0.12419374287128448
1988,Oscar  Piastri ,0.12419885396957397
1989,Oscar  Piastri ,0.12420503795146942
1990,Oscar  Piastri ,0.12421245872974396
1991,Oscar  Piastri ,0.12422142922878265
1992,Oscar  Piastri ,0.12423229217529297
1993,Oscar  Piastri ,0.12424537539482117
1994,Oscar  Piastri ,0.12426133453845978
1995,Oscar  Piastri ,0.12428063154220581
1996,Oscar  Piastri ,0.12430402636528015
1997,Oscar  Piastri ,0.12433245778083801
1998,Oscar  Piastri ,0.12436693906784058
1999,Oscar  Piastri ,0.12440885603427887
2000,Oscar  Piastri ,0.12445984780788422
2001,Oscar  Piastri ,0.1245218962430954
2002,Oscar  Piastri ,0.1245974749326706
2003,Oscar  Piastri ,0.12468963861465454
2004,Oscar  Piastri ,0.12480199337005615
2005,Oscar  Piastri ,0.12493917346000671
2006,Oscar  Piastri ,0.12510666251182556
2007,Oscar  Piastri ,0.12531116604804993
2008,Oscar  Piastri ,0.12556061148643494
2009,Oscar  Piastri ,0.12586423754692078
2010,Oscar  Piastri ,0.1262323409318924
2011,Oscar  Piastri ,0.12667544186115265
2012,Oscar  Piastri ,0.12720245122909546
2013,Oscar  Piastri ,0.1278158724308014
2014,Oscar  Piastri ,0.1285022497177124
2015,Oscar  Piastri ,0.129212886095047
2016,Oscar  Piastri ,0.12983068823814392
2017,Oscar  Piastri ,0.13012489676475525
2018,Oscar  Piastri ,0.12973302602767944
2019,Oscar  Piastri ,0.12832725048065186
2020,Oscar  Piastri ,0.12643340229988098
2021,Oscar  Piastri ,0.12814347445964813
2022,Oscar  Piastri ,0.1485404223203659
2023,Oscar  Piastri ,0.313397079706192
2024,Oscar  Piastri ,0.2745080292224884
2025,Oscar  Piastri ,0.1844377964735031
2026,Oscar  Piastri ,0.05730815231800079
2027,Oscar  Piastri ,0.036217451095581055
2028,Oscar  Piastri ,0.03280355781316757
2029,Oscar  Piastri ,0.03225323557853699
2030,Oscar  Piastri ,0.032164596021175385
1958,Pascal  Wehrlein ,0.11337573826313019
1959,Pascal  Wehrlein ,0.11132732033729553
1960,Pascal  Wehrlein ,0.11172214150428772
1961,Pascal  Wehrlein ,0.11313790082931519
1962,Pascal  Wehrlein ,0.115046426653862
1963,Pascal  Wehrlein ,0.11702606081962585
1964,Pascal  Wehrlein ,0.11880700290203094
1965,Pascal  Wehrlein ,0.12027226388454437
1966,Pascal  Wehrlein ,0.12140759825706482
1967,Pascal  Wehrlein ,0.12225088477134705
1968,Pascal  Wehrlein ,0.12285804748535156
1969,Pascal  Wehrlein ,0.12328504025936127
1970,Pascal  Wehrlein ,0.12357977032661438
1971,Pascal  Wehrlein ,0.12378017604351044
1972,Pascal  Wehrlein ,0.12391486763954163
1973,Pascal  Wehrlein ,0.12400448322296143
1974,Pascal  Wehrlein ,0.12406367063522339
1975,Pascal  Wehrlein ,0.12410260736942291
1976,Pascal  Wehrlein ,0.12412817776203156
1977,Pascal  Wehrlein ,0.12414504587650299
1978,Pascal  Wehrlein ,0.12415632605552673
1979,Pascal  Wehrlein ,0.12416404485702515
1980,Pascal  Wehrlein ,0.12416955828666687
1981,Pascal  Wehrlein ,0.12417382001876831
1982,Pascal  Wehrlein ,0.12417741119861603
1983,Pascal  Wehrlein ,0.12418071925640106
1984,Pascal  Wehrlein ,0.12418404221534729
1985,Pascal  Wehrlein ,0.12418772280216217
1986,Pascal  Wehrlein ,0.12419191002845764
1987,Pascal  Wehrlein ,0.12419678270816803
1988,Pascal  Wehrlein ,0.12420259416103363
1989,Pascal  Wehrlein ,0.12420958280563354
1990,Pascal  Wehrlein ,0.12421801686286926
1991,Pascal  Wehrlein ,0.12422819435596466
1992,Pascal  Wehrlein ,0.12424054741859436
1993,Pascal  Wehrlein ,0.12425561249256134
1994,Pascal  Wehrlein ,0.12427389621734619
1995,Pascal  Wehrlein ,0.1242961436510086
1996,Pascal  Wehrlein ,0.1243232786655426
1997,Pascal  Wehrlein ,0.12435641884803772
1998,Pascal  Wehrlein ,0.12439689040184021
1999,Pascal  Wehrlein ,0.12444637715816498
2000,Pascal  Wehrlein ,0.12450695037841797
2001,Pascal  Wehrlein ,0.12458100914955139
2002,Pascal  Wehrlein ,0.12467139959335327
2003,Pascal  Wehrlein ,0.12478142976760864
2004,Pascal  Wehrlein ,0.1249144971370697
2005,Pascal  Wehrlein ,0.1250738501548767
2006,Pascal  Wehrlein ,0.12526097893714905
2007,Pascal  Wehrlein ,0.12547379732131958
2008,Pascal  Wehrlein ,0.12570130825042725
2009,Pascal  Wehrlein ,0.12591508030891418
2010,Pascal  Wehrlein ,0.12605610489845276
2011,Pascal  Wehrlein ,0.12602460384368896
2012,Pascal  Wehrlein ,0.1257055252790451
2013,Pascal  Wehrlein ,0.1251421719789505
2014,Pascal  Wehrlein ,0.1250486969947815
2015,Pascal  Wehrlein ,0.1294201910495758
2016,Pascal  Wehrlein ,0.12575961649417877
2017,Pascal  Wehrlein ,0.1409766674041748
2018,Pascal  Wehrlein ,0.131320059299469
2019,Pascal  Wehrlein ,0.12903159856796265
2020,Pascal  Wehrlein ,0.12888222932815552
2021,Pascal  Wehrlein ,0.12644118070602417
2022,Pascal  Wehrlein ,0.12032069265842438
2023,Pascal  Wehrlein ,0.10785549879074097
2024,Pascal  Wehrlein ,0.08281835913658142
2025,Pascal  Wehrlein ,0.039903052151203156
2026,Pascal  Wehrlein ,-0.06969387829303741
2027,Pascal  Wehrlein ,-0.07349970936775208
2028,Pascal  Wehrlein ,-0.07349970936775208
2029,Pascal  Wehrlein ,-0.07349970936775208
2030,Pascal  Wehrlein ,-0.07349970936775208
1958,Pastor  Maldonado ,0.11337579786777496
1959,Pastor  Maldonado ,0.1113274097442627
1960,Pastor  Maldonado ,0.11172229051589966
1961,Pastor  Maldonado ,0.1131380945444107
1962,Pastor  Maldonado ,0.1150466650724411
1963,Pastor  Maldonado ,0.11702635884284973
1964,Pastor  Maldonado ,0.11880739033222198
1965,Pastor  Maldonado ,0.12027275562286377
1966,Pastor  Maldonado ,0.12140820920467377
1967,Pastor  Maldonado ,0.12225161492824554
1968,Pastor  Maldonado ,0.1228589415550232
1969,Pastor  Maldonado ,0.12328608334064484
1970,Pastor  Maldonado ,0.12358102202415466
1971,Pastor  Maldonado ,0.12378174066543579
1972,Pastor  Maldonado ,0.12391671538352966
1973,Pastor  Maldonado ,0.12400674819946289
1974,Pastor  Maldonado ,0.12406641244888306
1975,Pastor  Maldonado ,0.12410594522953033
1976,Pastor  Maldonado ,0.12413223087787628
1977,Pastor  Maldonado ,0.12414996325969696
1978,Pastor  Maldonado ,0.12416225671768188
1979,Pastor  Maldonado ,0.12417122721672058
1980,Pastor  Maldonado ,0.12417826056480408
1981,Pastor  Maldonado ,0.12418437004089355
1982,Pastor  Maldonado ,0.12419016659259796
1983,Pastor  Maldonado ,0.12419623136520386
1984,Pastor  Maldonado ,0.1242029070854187
1985,Pastor  Maldonado ,0.12421056628227234
1986,Pastor  Maldonado ,0.12421968579292297
1987,Pastor  Maldonado ,0.12423056364059448
1988,Pastor  Maldonado ,0.12424376606941223
1989,Pastor  Maldonado ,0.12425974011421204
1990,Pastor  Maldonado ,0.12427923083305359
1991,Pastor  Maldonado ,0.12430304288864136
1992,Pastor  Maldonado ,0.12433218955993652
1993,Pastor  Maldonado ,0.12436795234680176
1994,Pastor  Maldonado ,0.12441186606884003
1995,Pastor  Maldonado ,0.12446573376655579
1996,Pastor  Maldonado ,0.1245318204164505
1997,Pastor  Maldonado ,0.12461256980895996
1998,Pastor  Maldonado ,0.12471076846122742
1999,Pastor  Maldonado ,0.12482891976833344
2000,Pastor  Maldonado ,0.12496878206729889
2001,Pastor  Maldonado ,0.12512964010238647
2002,Pastor  Maldonado ,0.12530513107776642
2003,Pastor  Maldonado ,0.12547671794891357
2004,Pastor  Maldonado ,0.12560169398784637
2005,Pastor  Maldonado ,0.12559404969215393
2006,Pastor  Maldonado ,0.12530487775802612
2007,Pastor  Maldonado ,0.12454155087471008
2008,Pastor  Maldonado ,0.12326624989509583
2009,Pastor  Maldonado ,0.12224629521369934
2010,Pastor  Maldonado ,0.12651552259922028
2011,Pastor  Maldonado ,0.12737661600112915
2012,Pastor  Maldonado ,0.18177248537540436
2013,Pastor  Maldonado ,0.1390567421913147
2014,Pastor  Maldonado ,0.17338794469833374
2015,Pastor  Maldonado ,0.19705525040626526
2016,Pastor  Maldonado ,0.1358356773853302
2017,Pastor  Maldonado ,0.13151928782463074
2018,Pastor  Maldonado ,0.13287949562072754
2019,Pastor  Maldonado ,0.13333553075790405
2020,Pastor  Maldonado ,0.1316935420036316
2021,Pastor  Maldonado ,0.1277609020471573
2022,Pastor  Maldonado ,0.12075170874595642
2023,Pastor  Maldonado ,0.10786990821361542
2024,Pastor  Maldonado ,0.08268383145332336
2025,Pastor  Maldonado ,0.039903052151203156
2026,Pastor  Maldonado ,-0.06969387829303741
2027,Pastor  Maldonado ,-0.07349970936775208
2028,Pastor  Maldonado ,-0.07349970936775208
2029,Pastor  Maldonado ,-0.07349970936775208
2030,Pastor  Maldonado ,-0.07349970936775208
1958,Patrick  Depailler ,0.11344747245311737
1959,Patrick  Depailler ,0.11150538921356201
1960,Patrick  Depailler ,0.11198252439498901
1961,Patrick  Depailler ,0.11348171532154083
1962,Patrick  Depailler ,0.11548282206058502
1963,Patrick  Depailler ,0.11756610870361328
1964,Patrick  Depailler ,0.11945934593677521
1965,Patrick  Depailler ,0.12103667855262756
1966,Patrick  Depailler ,0.12226104736328125
1967,Patrick  Depailler ,0.12311694025993347
1968,Patrick  Depailler ,0.12354549765586853
1969,Patrick  Depailler ,0.12338447570800781
1970,Patrick  Depailler ,0.12236136198043823
1971,Patrick  Depailler ,0.12036292254924774
1972,Patrick  Depailler ,0.11872166395187378
1973,Patrick  Depailler ,0.12285435199737549
1974,Patrick  Depailler ,0.2329287827014923
1975,Patrick  Depailler ,0.23399218916893005
1976,Patrick  Depailler ,0.29767677187919617
1977,Patrick  Depailler ,0.2436726987361908
1978,Patrick  Depailler ,0.2851463258266449
1979,Patrick  Depailler ,0.27530381083488464
1980,Patrick  Depailler ,0.12431436777114868
1981,Patrick  Depailler ,0.12103213369846344
1982,Patrick  Depailler ,0.12492579221725464
1983,Patrick  Depailler ,0.1278158575296402
1984,Patrick  Depailler ,0.1285625696182251
1985,Patrick  Depailler ,0.12812726199626923
1986,Patrick  Depailler ,0.12729325890541077
1987,Patrick  Depailler ,0.12646284699440002
1988,Patrick  Depailler ,0.1257830560207367
1989,Patrick  Depailler ,0.1252771019935608
1990,Patrick  Depailler ,0.12492109835147858
1991,Patrick  Depailler ,0.12468041479587555
1992,Patrick  Depailler ,0.12452331185340881
1993,Patrick  Depailler ,0.1244249939918518
1994,Patrick  Depailler ,0.12436738610267639
1995,Patrick  Depailler ,0.1243380606174469
1996,Patrick  Depailler ,0.12432879209518433
1997,Patrick  Depailler ,0.12433436512947083
1998,Patrick  Depailler ,0.1243518590927124
1999,Patrick  Depailler ,0.12437978386878967
2000,Patrick  Depailler ,0.12441784143447876
2001,Patrick  Depailler ,0.12446671724319458
2002,Patrick  Depailler ,0.1245276927947998
2003,Patrick  Depailler ,0.12460292875766754
2004,Patrick  Depailler ,0.12469512224197388
2005,Patrick  Depailler ,0.12480786442756653
2006,Patrick  Depailler ,0.12494561076164246
2007,Patrick  Depailler ,0.12511380016803741
2008,Patrick  Depailler ,0.12531904876232147
2009,Patrick  Depailler ,0.125569149851799
2010,Patrick  Depailler ,0.12587307393550873
2011,Patrick  Depailler ,0.1262403130531311
2012,Patrick  Depailler ,0.12667983770370483
2013,Patrick  Depailler ,0.12719720602035522
2014,Patrick  Depailler ,0.1277894526720047
2015,Patrick  Depailler ,0.12843531370162964
2016,Patrick  Depailler ,0.12907952070236206
2017,Patrick  Depailler ,0.1296088695526123
2018,Patrick  Depailler ,0.1298215091228485
2019,Patrick  Depailler ,0.1293964385986328
2020,Patrick  Depailler ,0.12786979973316193
2021,Patrick  Depailler ,0.12457975745201111
2022,Patrick  Depailler ,0.11832526326179504
2023,Patrick  Depailler ,0.10611218214035034
2024,Patrick  Depailler ,0.08146984875202179
2025,Patrick  Depailler ,0.039903052151203156
2026,Patrick  Depailler ,-0.06969387829303741
2027,Patrick  Depailler ,-0.07349970936775208
2028,Patrick  Depailler ,-0.07349970936775208
2029,Patrick  Depailler ,-0.07349970936775208
2030,Patrick  Depailler ,-0.07349970936775208
1958,Patrick  Friesacher,0.11337575316429138
1959,Patrick  Friesacher,0.11132737994194031
1960,Patrick  Friesacher,0.11172223091125488
1961,Patrick  Friesacher,0.11313807964324951
1962,Patrick  Friesacher,0.11504662036895752
1963,Patrick  Friesacher,0.11702629923820496
1964,Patrick  Friesacher,0.11880728602409363
1965,Patrick  Friesacher,0.12027263641357422
1966,Patrick  Friesacher,0.12140803039073944
1967,Patrick  Friesacher,0.12225142121315002
1968,Patrick  Friesacher,0.12285870313644409
1969,Patrick  Friesacher,0.12328583002090454
1970,Patrick  Friesacher,0.12358070909976959
1971,Patrick  Friesacher,0.12378132343292236
1972,Patrick  Friesacher,0.12391626834869385
1973,Patrick  Friesacher,0.12400618195533752
1974,Patrick  Friesacher,0.12406574189662933
1975,Patrick  Friesacher,0.12410509586334229
1976,Patrick  Friesacher,0.1241312175989151
1977,Patrick  Friesacher,0.12414872646331787
1978,Patrick  Friesacher,0.12416081130504608
1979,Patrick  Friesacher,0.1241694986820221
1980,Patrick  Friesacher,0.12417620420455933
1981,Patrick  Friesacher,0.12418191134929657
1982,Patrick  Friesacher,0.12418724596500397
1983,Patrick  Friesacher,0.12419278919696808
1984,Patrick  Friesacher,0.12419891357421875
1985,Patrick  Friesacher,0.12420597672462463
1986,Patrick  Friesacher,0.12421441078186035
1987,Patrick  Friesacher,0.12422460317611694
1988,Patrick  Friesacher,0.12423709034919739
1989,Patrick  Friesacher,0.12425243854522705
1990,Patrick  Friesacher,0.12427124381065369
1991,Patrick  Friesacher,0.12429425120353699
1992,Patrick  Friesacher,0.12432217597961426
1993,Patrick  Friesacher,0.12435546517372131
1994,Patrick  Friesacher,0.12439404428005219
1995,Patrick  Friesacher,0.12443625926971436
1996,Patrick  Friesacher,0.12447740137577057
1997,Patrick  Friesacher,0.12450644373893738
1998,Patrick  Friesacher,0.12450070679187775
1999,Patrick  Friesacher,0.12441857159137726
2000,Patrick  Friesacher,0.12419557571411133
2001,Patrick  Friesacher,0.12376432120800018
2002,Patrick  Friesacher,0.12316912412643433
2003,Patrick  Friesacher,0.12279483675956726
2004,Patrick  Friesacher,0.12557369470596313
2005,Patrick  Friesacher,0.10540470480918884
2006,Patrick  Friesacher,0.12362581491470337
2007,Patrick  Friesacher,0.12394273281097412
2008,Patrick  Friesacher,0.12555208802223206
2009,Patrick  Friesacher,0.12644077837467194
2010,Patrick  Friesacher,0.12685924768447876
2011,Patrick  Friesacher,0.12709181010723114
2012,Patrick  Friesacher,0.12732850015163422
2013,Patrick  Friesacher,0.12765733897686005
2014,Patrick  Friesacher,0.12810125946998596
2015,Patrick  Friesacher,0.12863990664482117
2016,Patrick  Friesacher,0.12921041250228882
2017,Patrick  Friesacher,0.12969082593917847
2018,Patrick  Friesacher,0.12987180054187775
2019,Patrick  Friesacher,0.12942665815353394
2020,Patrick  Friesacher,0.1278875470161438
2021,Patrick  Friesacher,0.1245899647474289
2022,Patrick  Friesacher,0.1183309257030487
2023,Patrick  Friesacher,0.10611522197723389
2024,Patrick  Friesacher,0.08147138357162476
2025,Patrick  Friesacher,0.039903052151203156
2026,Patrick  Friesacher,-0.06969387829303741
2027,Patrick  Friesacher,-0.07349970936775208
2028,Patrick  Friesacher,-0.07349970936775208
2029,Patrick  Friesacher,-0.07349970936775208
2030,Patrick  Friesacher,-0.07349970936775208
1958,Patrick  Tambay ,0.11340753734111786
1959,Patrick  Tambay ,0.11141219735145569
1960,Patrick  Tambay ,0.111848384141922
1961,Patrick  Tambay ,0.11330707371234894
1962,Patrick  Tambay ,0.11526519060134888
1963,Patrick  Tambay ,0.11730372905731201
1964,Patrick  Tambay ,0.11915504932403564
1965,Patrick  Tambay ,0.12070369720458984
1966,Patrick  Tambay ,0.12193624675273895
1967,Patrick  Tambay ,0.12288922071456909
1968,Patrick  Tambay ,0.1236124336719513
1969,Patrick  Tambay ,0.12414537370204926
1970,Patrick  Tambay ,0.1244993507862091
1971,Patrick  Tambay ,0.12463951110839844
1972,Patrick  Tambay ,0.12447062134742737
1973,Patrick  Tambay ,0.12385991215705872
1974,Patrick  Tambay ,0.12282845377922058
1975,Patrick  Tambay ,0.12217643857002258
1976,Patrick  Tambay ,0.12670467793941498
1977,Patrick  Tambay ,0.13433736562728882
1978,Patrick  Tambay ,0.18726769089698792
1979,Patrick  Tambay ,0.12175858020782471
1980,Patrick  Tambay ,0.11943046748638153
1981,Patrick  Tambay ,0.12947990000247955
1982,Patrick  Tambay ,0.2667614817619324
1983,Patrick  Tambay ,0.32061025500297546
1984,Patrick  Tambay ,0.21983325481414795
1985,Patrick  Tambay ,0.20052441954612732
1986,Patrick  Tambay ,0.1494598537683487
1987,Patrick  Tambay ,0.1251203715801239
1988,Patrick  Tambay ,0.12529589235782623
1989,Patrick  Tambay ,0.12823893129825592
1990,Patrick  Tambay ,0.12931981682777405
1991,Patrick  Tambay ,0.12896615266799927
1992,Patrick  Tambay ,0.12803049385547638
1993,Patrick  Tambay ,0.12703974545001984
1994,Patrick  Tambay ,0.126211017370224
1995,Patrick  Tambay ,0.12559178471565247
1996,Patrick  Tambay ,0.1251600980758667
1997,Patrick  Tambay ,0.12487515807151794
1998,Patrick  Tambay ,0.12469816207885742
1999,Patrick  Tambay ,0.12459853291511536
2000,Patrick  Tambay ,0.12455432116985321
2001,Patrick  Tambay ,0.12455083429813385
2002,Patrick  Tambay ,0.12457895278930664
2003,Patrick  Tambay ,0.12463381886482239
2004,Patrick  Tambay ,0.12471352517604828
2005,Patrick  Tambay ,0.12481871247291565
2006,Patrick  Tambay ,0.12495192885398865
2007,Patrick  Tambay ,0.1251174509525299
2008,Patrick  Tambay ,0.12532112002372742
2009,Patrick  Tambay ,0.12557032704353333
2010,Patrick  Tambay ,0.12587371468544006
2011,Patrick  Tambay ,0.12624067068099976
2012,Patrick  Tambay ,0.12668000161647797
2013,Patrick  Tambay ,0.1271972954273224
2014,Patrick  Tambay ,0.12778949737548828
2015,Patrick  Tambay ,0.12843534350395203
2016,Patrick  Tambay ,0.12907955050468445
2017,Patrick  Tambay ,0.1296088695526123
2018,Patrick  Tambay ,0.1298215091228485
2019,Patrick  Tambay ,0.1293964385986328
2020,Patrick  Tambay ,0.12786978483200073
2021,Patrick  Tambay ,0.12457975745201111
2022,Patrick  Tambay ,0.11832524836063385
2023,Patrick  Tambay ,0.10611216723918915
2024,Patrick  Tambay ,0.0814698338508606
2025,Patrick  Tambay ,0.039903052151203156
2026,Patrick  Tambay ,-0.06969387829303741
2027,Patrick  Tambay ,-0.07349970936775208
2028,Patrick  Tambay ,-0.07349970936775208
2029,Patrick  Tambay ,-0.07349970936775208
2030,Patrick  Tambay ,-0.07349970936775208
1958,Paul  Goldsmith ,0.1165073961019516
1959,Paul  Goldsmith ,0.08834317326545715
1960,Paul  Goldsmith ,0.09851822257041931
1961,Paul  Goldsmith ,0.11779192090034485
1962,Paul  Goldsmith ,0.11881294846534729
1963,Paul  Goldsmith ,0.12011469900608063
1964,Paul  Goldsmith ,0.12115094065666199
1965,Paul  Goldsmith ,0.12195888161659241
1966,Paul  Goldsmith ,0.12257099151611328
1967,Paul  Goldsmith ,0.1230272501707077
1968,Paul  Goldsmith ,0.12336239218711853
1969,Paul  Goldsmith ,0.12360504269599915
1970,Paul  Goldsmith ,0.12377837300300598
1971,Paul  Goldsmith ,0.12390066683292389
1972,Paul  Goldsmith ,0.1239861249923706
1973,Paul  Goldsmith ,0.12404534220695496
1974,Paul  Goldsmith ,0.1240861713886261
1975,Paul  Goldsmith ,0.12411420047283173
1976,Paul  Goldsmith ,0.12413345277309418
1977,Paul  Goldsmith ,0.1241467297077179
1978,Paul  Goldsmith ,0.12415599822998047
1979,Paul  Goldsmith ,0.12416258454322815
1980,Paul  Goldsmith ,0.12416744232177734
1981,Paul  Goldsmith ,0.1241711676120758
1982,Paul  Goldsmith ,0.12417429685592651
1983,Paul  Goldsmith ,0.12417711317539215
1984,Paul  Goldsmith ,0.12417985498905182
1985,Paul  Goldsmith ,0.12418276071548462
1986,Paul  Goldsmith ,0.12418597936630249
1987,Paul  Goldsmith ,0.12418970465660095
1988,Paul  Goldsmith ,0.12419405579566956
1989,Paul  Goldsmith ,0.12419924139976501
1990,Paul  Goldsmith ,0.12420545518398285
1991,Paul  Goldsmith ,0.12421298027038574
1992,Paul  Goldsmith ,0.12422201037406921
1993,Paul  Goldsmith ,0.12423299252986908
1994,Paul  Goldsmith ,0.1242462545633316
1995,Paul  Goldsmith ,0.12426234781742096
1996,Paul  Goldsmith ,0.1242818683385849
1997,Paul  Goldsmith ,0.12430548667907715
1998,Paul  Goldsmith ,0.12433423101902008
1999,Paul  Goldsmith ,0.12436904013156891
2000,Paul  Goldsmith ,0.12441137433052063
2001,Paul  Goldsmith ,0.12446281313896179
2002,Paul  Goldsmith ,0.12452535331249237
2003,Paul  Goldsmith ,0.12460151314735413
2004,Paul  Goldsmith ,0.12469427287578583
2005,Paul  Goldsmith ,0.12480735778808594
2006,Paul  Goldsmith ,0.12494528293609619
2007,Paul  Goldsmith ,0.1251136064529419
2008,Paul  Goldsmith ,0.12531894445419312
2009,Paul  Goldsmith ,0.12556907534599304
2010,Paul  Goldsmith ,0.12587301433086395
2011,Paul  Goldsmith ,0.12624028325080872
2012,Paul  Goldsmith ,0.12667982280254364
2013,Paul  Goldsmith ,0.12719720602035522
2014,Paul  Goldsmith ,0.1277894377708435
2015,Paul  Goldsmith ,0.12843529880046844
2016,Paul  Goldsmith ,0.12907952070236206
2017,Paul  Goldsmith ,0.1296088546514511
2018,Paul  Goldsmith ,0.1298215091228485
2019,Paul  Goldsmith ,0.12939642369747162
2020,Paul  Goldsmith ,0.12786978483200073
2021,Paul  Goldsmith ,0.12457975745201111
2022,Paul  Goldsmith ,0.11832524836063385
2023,Paul  Goldsmith ,0.10611216723918915
2024,Paul  Goldsmith ,0.08146984875202179
2025,Paul  Goldsmith ,0.039903052151203156
2026,Paul  Goldsmith ,-0.06969387829303741
2027,Paul  Goldsmith ,-0.07349970936775208
2028,Paul  Goldsmith ,-0.07349970936775208
2029,Paul  Goldsmith ,-0.07349970936775208
2030,Paul  Goldsmith ,-0.07349970936775208
1958,Paul  di Resta ,0.11337576806545258
1959,Paul  di Resta ,0.11132737994194031
1960,Paul  di Resta ,0.11172223091125488
1961,Paul  di Resta ,0.11313802003860474
1962,Paul  di Resta ,0.11504657566547394
1963,Paul  di Resta ,0.11702626943588257
1964,Paul  di Resta ,0.11880725622177124
1965,Paul  di Resta ,0.12027260661125183
1966,Paul  di Resta ,0.12140798568725586
1967,Paul  di Resta ,0.12225133180618286
1968,Paul  di Resta ,0.12285862863063812
1969,Paul  di Resta ,0.12328572571277618
1970,Paul  di Resta ,0.12358058989048004
1971,Paul  di Resta ,0.12378120422363281
1972,Paul  di Resta ,0.12391610443592072
1973,Paul  di Resta ,0.12400597333908081
1974,Paul  di Resta ,0.12406548857688904
1975,Paul  di Resta ,0.12410479784011841
1976,Paul  di Resta ,0.12413085997104645
1977,Paul  di Resta ,0.12414829432964325
1978,Paul  di Resta ,0.12416023015975952
1979,Paul  di Resta ,0.1241687685251236
1980,Paul  di Resta ,0.12417528033256531
1981,Paul  di Resta ,0.12418074905872345
1982,Paul  di Resta ,0.12418580055236816
1983,Paul  di Resta ,0.12419094145298004
1984,Paul  di Resta ,0.12419648468494415
1985,Paul  di Resta ,0.12420281767845154
1986,Paul  di Resta ,0.12421022355556488
1987,Paul  di Resta ,0.12421910464763641
1988,Paul  di Resta ,0.12422977387905121
1989,Paul  di Resta ,0.12424275279045105
1990,Paul  di Resta ,0.12425847351551056
1991,Paul  di Resta ,0.12427769601345062
1992,Paul  di Resta ,0.12430116534233093
1993,Paul  di Resta ,0.12432986497879028
1994,Paul  di Resta ,0.1243649572134018
1995,Paul  di Resta ,0.12440776824951172
1996,Paul  di Resta ,0.12445996701717377
1997,Paul  di Resta ,0.12452319264411926
1998,Paul  di Resta ,0.12459921836853027
1999,Paul  di Resta ,0.12468951940536499
2000,Paul  di Resta ,0.12479466199874878
2001,Paul  di Resta ,0.12491282820701599
2002,Paul  di Resta ,0.12503667175769806
2003,Paul  di Resta ,0.12514662742614746
2004,Paul  di Resta ,0.125197172164917
2005,Paul  di Resta ,0.12509368360042572
2006,Paul  di Resta ,0.12466666102409363
2007,Paul  di Resta ,0.12369585037231445
2008,Paul  di Resta ,0.12218636274337769
2009,Paul  di Resta ,0.12147060036659241
2010,Paul  di Resta ,0.12780612707138062
2011,Paul  di Resta ,0.19906064867973328
2012,Paul  di Resta ,0.21131449937820435
2013,Paul  di Resta ,0.23150131106376648
2014,Paul  di Resta ,0.13125091791152954
2015,Paul  di Resta ,0.12589910626411438
2016,Paul  di Resta ,0.12871479988098145
2017,Paul  di Resta ,0.13139812648296356
2018,Paul  di Resta ,0.13239307701587677
2019,Paul  di Resta ,0.1318686306476593
2020,Paul  di Resta ,0.12989124655723572
2021,Paul  di Resta ,0.12609951198101044
2022,Paul  di Resta ,0.11941501498222351
2023,Paul  di Resta ,0.10687118768692017
2024,Paul  di Resta ,0.08198097348213196
2025,Paul  di Resta ,0.039903052151203156
2026,Paul  di Resta ,-0.06969387829303741
2027,Paul  di Resta ,-0.07349970936775208
2028,Paul  di Resta ,-0.07349970936775208
2029,Paul  di Resta ,-0.07349970936775208
2030,Paul  di Resta ,-0.07349970936775208
1958,Pedro  Diniz ,0.11337639391422272
1959,Pedro  Diniz ,0.11132925748825073
1960,Pedro  Diniz ,0.11172503232955933
1961,Pedro  Diniz ,0.11314176023006439
1962,Pedro  Diniz ,0.11505134403705597
1963,Pedro  Diniz ,0.11703228950500488
1964,Pedro  Diniz ,0.11881473660469055
1965,Pedro  Diniz ,0.12028183043003082
1966,Pedro  Diniz ,0.12141934037208557
1967,Pedro  Diniz ,0.12226520478725433
1968,Pedro  Diniz ,0.12287555634975433
1969,Pedro  Diniz ,0.12330636382102966
1970,Pedro  Diniz ,0.12360566854476929
1971,Pedro  Diniz ,0.123811736702919
1972,Pedro  Diniz ,0.12395322322845459
1973,Pedro  Diniz ,0.12405118346214294
1974,Pedro  Diniz ,0.12412059307098389
1975,Pedro  Diniz ,0.12417203187942505
1976,Pedro  Diniz ,0.12421295046806335
1977,Pedro  Diniz ,0.1242486983537674
1978,Pedro  Diniz ,0.12428322434425354
1979,Pedro  Diniz ,0.12431961297988892
1980,Pedro  Diniz ,0.12436045706272125
1981,Pedro  Diniz ,0.12440815567970276
1982,Pedro  Diniz ,0.12446482479572296
1983,Pedro  Diniz ,0.12453261017799377
1984,Pedro  Diniz ,0.12461298704147339
1985,Pedro  Diniz ,0.12470655143260956
1986,Pedro  Diniz ,0.12481099367141724
1987,Pedro  Diniz ,0.12491819262504578
1988,Pedro  Diniz ,0.12500692903995514
1989,Pedro  Diniz ,0.12502998113632202
1990,Pedro  Diniz ,0.12489190697669983
1991,Pedro  Diniz ,0.12442547082901001
1992,Pedro  Diniz ,0.1234094500541687
1993,Pedro  Diniz ,0.12179577350616455
1994,Pedro  Diniz ,0.12055301666259766
1995,Pedro  Diniz ,0.12519334256649017
1996,Pedro  Diniz ,0.16270460188388824
1997,Pedro  Diniz ,0.1408057063817978
1998,Pedro  Diniz ,0.1669275164604187
1999,Pedro  Diniz ,0.17468808591365814
2000,Pedro  Diniz ,0.14939740300178528
2001,Pedro  Diniz ,0.12636984884738922
2002,Pedro  Diniz ,0.12510743737220764
2003,Pedro  Diniz ,0.12741124629974365
2004,Pedro  Diniz ,0.12849552929401398
2005,Pedro  Diniz ,0.1284424066543579
2006,Pedro  Diniz ,0.12789812684059143
2007,Pedro  Diniz ,0.12730327248573303
2008,Pedro  Diniz ,0.12685427069664001
2009,Pedro  Diniz ,0.12660664319992065
2010,Pedro  Diniz ,0.1265561580657959
2011,Pedro  Diniz ,0.12668119370937347
2012,Pedro  Diniz ,0.12695971131324768
2013,Pedro  Diniz ,0.12737233936786652
2014,Pedro  Diniz ,0.12789756059646606
2015,Pedro  Diniz ,0.12850117683410645
2016,Pedro  Diniz ,0.1291191130876541
2017,Pedro  Diniz ,0.1296323537826538
2018,Pedro  Diniz ,0.12983527779579163
2019,Pedro  Diniz ,0.12940435111522675
2020,Pedro  Diniz ,0.12787428498268127
2021,Pedro  Diniz ,0.12458227574825287
2022,Pedro  Diniz ,0.11832660436630249
2023,Pedro  Diniz ,0.10611289739608765
2024,Pedro  Diniz ,0.08147022128105164
2025,Pedro  Diniz ,0.039903052151203156
2026,Pedro  Diniz ,-0.06969387829303741
2027,Pedro  Diniz ,-0.07349970936775208
2028,Pedro  Diniz ,-0.07349970936775208
2029,Pedro  Diniz ,-0.07349970936775208
2030,Pedro  Diniz ,-0.07349970936775208
1958,Pedro  Lamy ,0.11337593197822571
1959,Pedro  Lamy ,0.11132790148258209
1960,Pedro  Lamy ,0.11172300577163696
1961,Pedro  Lamy ,0.1131390631198883
1962,Pedro  Lamy ,0.11504790186882019
1963,Pedro  Lamy ,0.11702792346477509
1964,Pedro  Lamy ,0.11880934238433838
1965,Pedro  Lamy ,0.12027515470981598
1966,Pedro  Lamy ,0.12141114473342896
1967,Pedro  Lamy ,0.12225520610809326
1968,Pedro  Lamy ,0.12286335229873657
1969,Pedro  Lamy ,0.1232914924621582
1970,Pedro  Lamy ,0.12358760833740234
1971,Pedro  Lamy ,0.12378978729248047
1972,Pedro  Lamy ,0.12392657995223999
1973,Pedro  Lamy ,0.12401877343654633
1974,Pedro  Lamy ,0.12408122420310974
1975,Pedro  Lamy ,0.12412412464618683
1976,Pedro  Lamy ,0.12415459752082825
1977,Pedro  Lamy ,0.12417759001255035
1978,Pedro  Lamy ,0.12419645488262177
1979,Pedro  Lamy ,0.12421359121799469
1980,Pedro  Lamy ,0.12423071265220642
1981,Pedro  Lamy ,0.1242491602897644
1982,Pedro  Lamy ,0.12426981329917908
1983,Pedro  Lamy ,0.12429314851760864
1984,Pedro  Lamy ,0.12431880831718445
1985,Pedro  Lamy ,0.12434479594230652
1986,Pedro  Lamy ,0.12436568737030029
1987,Pedro  Lamy ,0.12436932325363159
1988,Pedro  Lamy ,0.12433032691478729
1989,Pedro  Lamy ,0.12420101463794708
1990,Pedro  Lamy ,0.12390504777431488
1991,Pedro  Lamy ,0.1233605444431305
1992,Pedro  Lamy ,0.12262827157974243
1993,Pedro  Lamy ,0.12233476340770721
1994,Pedro  Lamy ,0.12618431448936462
1995,Pedro  Lamy ,0.1315305382013321
1996,Pedro  Lamy ,0.12434832751750946
1997,Pedro  Lamy ,0.12278202176094055
1998,Pedro  Lamy ,0.12398454546928406
1999,Pedro  Lamy ,0.1248825341463089
2000,Pedro  Lamy ,0.125238835811615
2001,Pedro  Lamy ,0.12526972591876984
2002,Pedro  Lamy ,0.1251809000968933
2003,Pedro  Lamy ,0.12508584558963776
2004,Pedro  Lamy ,0.12503217160701752
2005,Pedro  Lamy ,0.12503425776958466
2006,Pedro  Lamy ,0.12509343028068542
2007,Pedro  Lamy ,0.12520819902420044
2008,Pedro  Lamy ,0.12537813186645508
2009,Pedro  Lamy ,0.12560546398162842
2010,Pedro  Lamy ,0.12589499354362488
2011,Pedro  Lamy ,0.12625332176685333
2012,Pedro  Lamy ,0.12668737769126892
2013,Pedro  Lamy ,0.12720149755477905
2014,Pedro  Lamy ,0.12779182195663452
2015,Pedro  Lamy ,0.12843658030033112
2016,Pedro  Lamy ,0.1290801763534546
2017,Pedro  Lamy ,0.12960918247699738
2018,Pedro  Lamy ,0.12982165813446045
2019,Pedro  Lamy ,0.1293964684009552
2020,Pedro  Lamy ,0.12786978483200073
2021,Pedro  Lamy ,0.12457975745201111
2022,Pedro  Lamy ,0.11832521855831146
2023,Pedro  Lamy ,0.10611215233802795
2024,Pedro  Lamy ,0.0814698338508606
2025,Pedro  Lamy ,0.039903052151203156
2026,Pedro  Lamy ,-0.06969387829303741
2027,Pedro  Lamy ,-0.07349970936775208
2028,Pedro  Lamy ,-0.07349970936775208
2029,Pedro  Lamy ,-0.07349970936775208
2030,Pedro  Lamy ,-0.07349970936775208
1958,Pedro  Rodriguez ,0.11293846368789673
1959,Pedro  Rodriguez ,0.11039316654205322
1960,Pedro  Rodriguez ,0.10933990776538849
1961,Pedro  Rodriguez ,0.10933870077133179
1962,Pedro  Rodriguez ,0.11517149209976196
1963,Pedro  Rodriguez ,0.14597579836845398
1964,Pedro  Rodriguez ,0.13140106201171875
1965,Pedro  Rodriguez ,0.17035643756389618
1966,Pedro  Rodriguez ,0.11848191916942596
1967,Pedro  Rodriguez ,0.25671499967575073
1968,Pedro  Rodriguez ,0.26717230677604675
1969,Pedro  Rodriguez ,0.19070404767990112
1970,Pedro  Rodriguez ,0.2593865692615509
1971,Pedro  Rodriguez ,0.23744186758995056
1972,Pedro  Rodriguez ,0.12678039073944092
1973,Pedro  Rodriguez ,0.12313209474086761
1974,Pedro  Rodriguez ,0.12607106566429138
1975,Pedro  Rodriguez ,0.1281454712152481
1976,Pedro  Rodriguez ,0.12848734855651855
1977,Pedro  Rodriguez ,0.1279049813747406
1978,Pedro  Rodriguez ,0.12705038487911224
1979,Pedro  Rodriguez ,0.12624841928482056
1980,Pedro  Rodriguez ,0.12560874223709106
1981,Pedro  Rodriguez ,0.12513914704322815
1982,Pedro  Rodriguez ,0.12481111288070679
1983,Pedro  Rodriguez ,0.12458932399749756
1984,Pedro  Rodriguez ,0.12444314360618591
1985,Pedro  Rodriguez ,0.12434893846511841
1986,Pedro  Rodriguez ,0.12428978085517883
1987,Pedro  Rodriguez ,0.12425388395786285
1988,Pedro  Rodriguez ,0.12423337996006012
1989,Pedro  Rodriguez ,0.12422311305999756
1990,Pedro  Rodriguez ,0.1242198497056961
1991,Pedro  Rodriguez ,0.12422157824039459
1992,Pedro  Rodriguez ,0.1242271363735199
1993,Pedro  Rodriguez ,0.12423601746559143
1994,Pedro  Rodriguez ,0.12424805760383606
1995,Pedro  Rodriguez ,0.12426337599754333
1996,Pedro  Rodriguez ,0.12428247928619385
1997,Pedro  Rodriguez ,0.124305859208107
1998,Pedro  Rodriguez ,0.1243344098329544
1999,Pedro  Rodriguez ,0.12436917424201965
2000,Pedro  Rodriguez ,0.1244114488363266
2001,Pedro  Rodriguez ,0.12446287274360657
2002,Pedro  Rodriguez ,0.12452536821365356
2003,Pedro  Rodriguez ,0.12460151314735413
2004,Pedro  Rodriguez ,0.12469428777694702
2005,Pedro  Rodriguez ,0.12480737268924713
2006,Pedro  Rodriguez ,0.12494529783725739
2007,Pedro  Rodriguez ,0.1251136064529419
2008,Pedro  Rodriguez ,0.12531894445419312
2009,Pedro  Rodriguez ,0.12556907534599304
2010,Pedro  Rodriguez ,0.12587301433086395
2011,Pedro  Rodriguez ,0.12624028325080872
2012,Pedro  Rodriguez ,0.12667979300022125
2013,Pedro  Rodriguez ,0.12719720602035522
2014,Pedro  Rodriguez ,0.1277894526720047
2015,Pedro  Rodriguez ,0.12843531370162964
2016,Pedro  Rodriguez ,0.12907952070236206
2017,Pedro  Rodriguez ,0.1296088695526123
2018,Pedro  Rodriguez ,0.1298215091228485
2019,Pedro  Rodriguez ,0.12939642369747162
2020,Pedro  Rodriguez ,0.12786976993083954
2021,Pedro  Rodriguez ,0.12457975745201111
2022,Pedro  Rodriguez ,0.11832524836063385
2023,Pedro  Rodriguez ,0.10611218214035034
2024,Pedro  Rodriguez ,0.08146984875202179
2025,Pedro  Rodriguez ,0.039903052151203156
2026,Pedro  Rodriguez ,-0.06969387829303741
2027,Pedro  Rodriguez ,-0.07349970936775208
2028,Pedro  Rodriguez ,-0.07349970936775208
2029,Pedro  Rodriguez ,-0.07349970936775208
2030,Pedro  Rodriguez ,-0.07349970936775208
1958,Pedro  de la Rosa ,0.11337617039680481
1959,Pedro  de la Rosa ,0.11132852733135223
1960,Pedro  de la Rosa ,0.11172397434711456
1961,Pedro  de la Rosa ,0.11314032971858978
1962,Pedro  de la Rosa ,0.11504951119422913
1963,Pedro  de la Rosa ,0.11702996492385864
1964,Pedro  de la Rosa ,0.11881187558174133
1965,Pedro  de la Rosa ,0.12027828395366669
1966,Pedro  de la Rosa ,0.12141498923301697
1967,Pedro  de la Rosa ,0.12225992977619171
1968,Pedro  de la Rosa ,0.12286907434463501
1969,Pedro  de la Rosa ,0.12329839169979095
1970,Pedro  de la Rosa ,0.12359598278999329
1971,Pedro  de la Rosa ,0.12379990518093109
1972,Pedro  de la Rosa ,0.12393879890441895
1973,Pedro  de la Rosa ,0.12403357028961182
1974,Pedro  de la Rosa ,0.1240990161895752
1975,Pedro  de la Rosa ,0.12414556741714478
1976,Pedro  de la Rosa ,0.12418043613433838
1977,Pedro  de la Rosa ,0.12420867383480072
1978,Pedro  de la Rosa ,0.12423384189605713
1979,Pedro  de la Rosa ,0.12425863742828369
1980,Pedro  de la Rosa ,0.12428516149520874
1981,Pedro  de la Rosa ,0.12431526184082031
1982,Pedro  de la Rosa ,0.12435075640678406
1983,Pedro  de la Rosa ,0.12439340353012085
1984,Pedro  de la Rosa ,0.12444515526294708
1985,Pedro  de la Rosa ,0.12450820207595825
1986,Pedro  de la Rosa ,0.12458470463752747
1987,Pedro  de la Rosa ,0.1246766746044159
1988,Pedro  de la Rosa ,0.1247851550579071
1989,Pedro  de la Rosa ,0.12490864098072052
1990,Pedro  de la Rosa ,0.12504011392593384
1991,Pedro  de la Rosa ,0.12516038119792938
1992,Pedro  de la Rosa ,0.1252259612083435
1993,Pedro  de la Rosa ,0.12515009939670563
1994,Pedro  de la Rosa ,0.12478335201740265
1995,Pedro  de la Rosa ,0.12393441796302795
1996,Pedro  de la Rosa ,0.12257823348045349
1997,Pedro  de la Rosa ,0.12155640125274658
1998,Pedro  de la Rosa ,0.1260663866996765
1999,Pedro  de la Rosa ,0.13897638022899628
2000,Pedro  de la Rosa ,0.15557843446731567
2001,Pedro  de la Rosa ,0.1527310162782669
2002,Pedro  de la Rosa ,0.10810509324073792
2003,Pedro  de la Rosa ,0.12041974067687988
2004,Pedro  de la Rosa ,0.12503157556056976
2005,Pedro  de la Rosa ,0.1410207748413086
2006,Pedro  de la Rosa ,0.23206689953804016
2007,Pedro  de la Rosa ,0.13004344701766968
2008,Pedro  de la Rosa ,0.12205304205417633
2009,Pedro  de la Rosa ,0.1278749704360962
2010,Pedro  de la Rosa ,0.15221111476421356
2011,Pedro  de la Rosa ,0.127589151263237
2012,Pedro  de la Rosa ,0.07346595823764801
2013,Pedro  de la Rosa ,0.12622545659542084
2014,Pedro  de la Rosa ,0.12955400347709656
2015,Pedro  de la Rosa ,0.1323537826538086
2016,Pedro  de la Rosa ,0.13310907781124115
2017,Pedro  de la Rosa ,0.1329534351825714
2018,Pedro  de la Rosa ,0.13231238722801208
2019,Pedro  de la Rosa ,0.1311391294002533
2020,Pedro  de la Rosa ,0.1290423423051834
2021,Pedro  de la Rosa ,0.12534865736961365
2022,Pedro  de la Rosa ,0.11882054805755615
2023,Pedro  de la Rosa ,0.10642659664154053
2024,Pedro  de la Rosa ,0.08166387677192688
2025,Pedro  de la Rosa ,0.039903052151203156
2026,Pedro  de la Rosa ,-0.06969387829303741
2027,Pedro  de la Rosa ,-0.07349970936775208
2028,Pedro  de la Rosa ,-0.07349970936775208
2029,Pedro  de la Rosa ,-0.07349970936775208
2030,Pedro  de la Rosa ,-0.07349970936775208
1958,Peter  Broeker,0.11324264109134674
1959,Peter  Broeker,0.11113083362579346
1960,Peter  Broeker,0.11149847507476807
1961,Peter  Broeker,0.11310812830924988
1962,Peter  Broeker,0.11681365966796875
1963,Peter  Broeker,0.07321588695049286
1964,Peter  Broeker,0.11912848055362701
1965,Peter  Broeker,0.12218084931373596
1966,Peter  Broeker,0.12360930442810059
1967,Peter  Broeker,0.12397941946983337
1968,Peter  Broeker,0.12406480312347412
1969,Peter  Broeker,0.12407946586608887
1970,Peter  Broeker,0.12408588826656342
1971,Peter  Broeker,0.12409557402133942
1972,Peter  Broeker,0.1241077184677124
1973,Peter  Broeker,0.12412005662918091
1974,Peter  Broeker,0.12413129210472107
1975,Peter  Broeker,0.12414085865020752
1976,Peter  Broeker,0.12414875626564026
1977,Peter  Broeker,0.124155193567276
1978,Peter  Broeker,0.12416046857833862
1979,Peter  Broeker,0.12416476011276245
1980,Peter  Broeker,0.12416835129261017
1981,Peter  Broeker,0.1241714209318161
1982,Peter  Broeker,0.12417425215244293
1983,Peter  Broeker,0.12417694926261902
1984,Peter  Broeker,0.1241796612739563
1985,Peter  Broeker,0.12418258190155029
1986,Peter  Broeker,0.12418584525585175
1987,Peter  Broeker,0.1241895854473114
1988,Peter  Broeker,0.1241939514875412
1989,Peter  Broeker,0.12419918179512024
1990,Peter  Broeker,0.12420541048049927
1991,Peter  Broeker,0.12421293556690216
1992,Peter  Broeker,0.12422201037406921
1993,Peter  Broeker,0.12423297762870789
1994,Peter  Broeker,0.12424623966217041
1995,Peter  Broeker,0.12426234781742096
1996,Peter  Broeker,0.1242818534374237
1997,Peter  Broeker,0.12430548667907715
1998,Peter  Broeker,0.12433421611785889
1999,Peter  Broeker,0.1243690550327301
2000,Peter  Broeker,0.12441137433052063
2001,Peter  Broeker,0.12446282804012299
2002,Peter  Broeker,0.12452535331249237
2003,Peter  Broeker,0.12460151314735413
2004,Peter  Broeker,0.12469428777694702
2005,Peter  Broeker,0.12480737268924713
2006,Peter  Broeker,0.12494528293609619
2007,Peter  Broeker,0.1251136213541031
2008,Peter  Broeker,0.12531894445419312
2009,Peter  Broeker,0.12556907534599304
2010,Peter  Broeker,0.12587301433086395
2011,Peter  Broeker,0.1262402981519699
2012,Peter  Broeker,0.12667980790138245
2013,Peter  Broeker,0.12719719111919403
2014,Peter  Broeker,0.1277894526720047
2015,Peter  Broeker,0.12843531370162964
2016,Peter  Broeker,0.12907953560352325
2017,Peter  Broeker,0.1296088695526123
2018,Peter  Broeker,0.1298215091228485
2019,Peter  Broeker,0.12939642369747162
2020,Peter  Broeker,0.12786978483200073
2021,Peter  Broeker,0.12457975745201111
2022,Peter  Broeker,0.11832524836063385
2023,Peter  Broeker,0.10611218214035034
2024,Peter  Broeker,0.08146986365318298
2025,Peter  Broeker,0.039903052151203156
2026,Peter  Broeker,-0.06969387829303741
2027,Peter  Broeker,-0.07349970936775208
2028,Peter  Broeker,-0.07349970936775208
2029,Peter  Broeker,-0.07349970936775208
2030,Peter  Broeker,-0.07349970936775208
1958,Peter  Collins ,0.24657616019248962
1959,Peter  Collins ,0.12686391174793243
1960,Peter  Collins ,0.11025619506835938
1961,Peter  Collins ,0.11005115509033203
1962,Peter  Collins ,0.11345122754573822
1963,Peter  Collins ,0.11670950055122375
1964,Peter  Collins ,0.1191176325082779
1965,Peter  Collins ,0.12076927721500397
1966,Peter  Collins ,0.12188145518302917
1967,Peter  Collins ,0.12263059616088867
1968,Peter  Collins ,0.12313699722290039
1969,Peter  Collins ,0.12347973883152008
1970,Peter  Collins ,0.12371119856834412
1971,Peter  Collins ,0.12386681139469147
1972,Peter  Collins ,0.1239708811044693
1973,Peter  Collins ,0.12404006719589233
1974,Peter  Collins ,0.12408590316772461
1975,Peter  Collins ,0.12411615252494812
1976,Peter  Collins ,0.12413614988327026
1977,Peter  Collins ,0.12414944171905518
1978,Peter  Collins ,0.1241583526134491
1979,Peter  Collins ,0.12416453659534454
1980,Peter  Collins ,0.12416897714138031
1981,Peter  Collins ,0.12417230010032654
1982,Peter  Collins ,0.12417513132095337
1983,Peter  Collins ,0.1241777241230011
1984,Peter  Collins ,0.12418030202388763
1985,Peter  Collins ,0.12418307363986969
1986,Peter  Collins ,0.1241862028837204
1987,Peter  Collins ,0.12418985366821289
1988,Peter  Collins ,0.12419414520263672
1989,Peter  Collins ,0.12419930100440979
1990,Peter  Collins ,0.12420551478862762
1991,Peter  Collins ,0.12421301007270813
1992,Peter  Collins ,0.1242220401763916
1993,Peter  Collins ,0.12423302233219147
1994,Peter  Collins ,0.1242462694644928
1995,Peter  Collins ,0.12426234781742096
1996,Peter  Collins ,0.1242818534374237
1997,Peter  Collins ,0.12430548667907715
1998,Peter  Collins ,0.12433421611785889
1999,Peter  Collins ,0.1243690550327301
2000,Peter  Collins ,0.12441135942935944
2001,Peter  Collins ,0.12446281313896179
2002,Peter  Collins ,0.12452533841133118
2003,Peter  Collins ,0.12460151314735413
2004,Peter  Collins ,0.12469428777694702
2005,Peter  Collins ,0.12480735778808594
2006,Peter  Collins ,0.12494529783725739
2007,Peter  Collins ,0.1251136064529419
2008,Peter  Collins ,0.12531894445419312
2009,Peter  Collins ,0.12556907534599304
2010,Peter  Collins ,0.12587301433086395
2011,Peter  Collins ,0.12624028325080872
2012,Peter  Collins ,0.12667980790138245
2013,Peter  Collins ,0.12719719111919403
2014,Peter  Collins ,0.1277894377708435
2015,Peter  Collins ,0.12843531370162964
2016,Peter  Collins ,0.12907952070236206
2017,Peter  Collins ,0.1296088695526123
2018,Peter  Collins ,0.1298215091228485
2019,Peter  Collins ,0.1293964385986328
2020,Peter  Collins ,0.12786978483200073
2021,Peter  Collins ,0.1245797723531723
2022,Peter  Collins ,0.11832526326179504
2023,Peter  Collins ,0.10611216723918915
2024,Peter  Collins ,0.08146984875202179
2025,Peter  Collins ,0.039903052151203156
2026,Peter  Collins ,-0.06969387829303741
2027,Peter  Collins ,-0.07349970936775208
2028,Peter  Collins ,-0.07349970936775208
2029,Peter  Collins ,-0.07349970936775208
2030,Peter  Collins ,-0.07349970936775208
1958,Peter  de Klerk ,0.1128760576248169
1959,Peter  de Klerk ,0.11032330989837646
1960,Peter  de Klerk ,0.10992011427879333
1961,Peter  de Klerk ,0.11096970736980438
1962,Peter  de Klerk ,0.11690755188465118
1963,Peter  de Klerk ,0.1362203061580658
1964,Peter  de Klerk ,0.11855997145175934
1965,Peter  de Klerk ,0.1180003434419632
1966,Peter  de Klerk ,0.12050735950469971
1967,Peter  de Klerk ,0.12249395251274109
1968,Peter  de Klerk ,0.12358754873275757
1969,Peter  de Klerk ,0.12407614290714264
1970,Peter  de Klerk ,0.12425044178962708
1971,Peter  de Klerk ,0.12428686022758484
1972,Peter  de Klerk ,0.1242731511592865
1973,Peter  de Klerk ,0.12424720823764801
1974,Peter  de Klerk ,0.12422317266464233
1975,Peter  de Klerk ,0.12420481443405151
1976,Peter  de Klerk ,0.12419217824935913
1977,Peter  de Klerk ,0.12418419122695923
1978,Peter  de Klerk ,0.12417952716350555
1979,Peter  de Klerk ,0.12417717278003693
1980,Peter  de Klerk ,0.12417633831501007
1981,Peter  de Klerk ,0.12417656183242798
1982,Peter  de Klerk ,0.12417750060558319
1983,Peter  de Klerk ,0.12417900562286377
1984,Peter  de Klerk ,0.12418097257614136
1985,Peter  de Klerk ,0.12418338656425476
1986,Peter  de Klerk ,0.12418633699417114
1987,Peter  de Klerk ,0.12418992817401886
1988,Peter  de Klerk ,0.1241941750049591
1989,Peter  de Klerk ,0.12419930100440979
1990,Peter  de Klerk ,0.12420549988746643
1991,Peter  de Klerk ,0.12421298027038574
1992,Peter  de Klerk ,0.1242220401763916
1993,Peter  de Klerk ,0.12423299252986908
1994,Peter  de Klerk ,0.1242462694644928
1995,Peter  de Klerk ,0.12426234781742096
1996,Peter  de Klerk ,0.1242818683385849
1997,Peter  de Klerk ,0.12430551648139954
1998,Peter  de Klerk ,0.12433423101902008
1999,Peter  de Klerk ,0.1243690550327301
2000,Peter  de Klerk ,0.12441137433052063
2001,Peter  de Klerk ,0.12446281313896179
2002,Peter  de Klerk ,0.12452535331249237
2003,Peter  de Klerk ,0.12460151314735413
2004,Peter  de Klerk ,0.12469427287578583
2005,Peter  de Klerk ,0.12480735778808594
2006,Peter  de Klerk ,0.12494529783725739
2007,Peter  de Klerk ,0.1251136213541031
2008,Peter  de Klerk ,0.12531894445419312
2009,Peter  de Klerk ,0.12556907534599304
2010,Peter  de Klerk ,0.12587301433086395
2011,Peter  de Klerk ,0.12624028325080872
2012,Peter  de Klerk ,0.12667980790138245
2013,Peter  de Klerk ,0.12719720602035522
2014,Peter  de Klerk ,0.1277894526720047
2015,Peter  de Klerk ,0.12843531370162964
2016,Peter  de Klerk ,0.12907952070236206
2017,Peter  de Klerk ,0.1296088695526123
2018,Peter  de Klerk ,0.1298215091228485
2019,Peter  de Klerk ,0.12939642369747162
2020,Peter  de Klerk ,0.12786979973316193
2021,Peter  de Klerk ,0.12457975745201111
2022,Peter  de Klerk ,0.11832526326179504
2023,Peter  de Klerk ,0.10611218214035034
2024,Peter  de Klerk ,0.08146986365318298
2025,Peter  de Klerk ,0.039903052151203156
2026,Peter  de Klerk ,-0.06969387829303741
2027,Peter  de Klerk ,-0.07349970936775208
2028,Peter  de Klerk ,-0.07349970936775208
2029,Peter  de Klerk ,-0.07349970936775208
2030,Peter  de Klerk ,-0.07349970936775208
1958,Peter Arundell,0.11309373378753662
1959,Peter Arundell,0.11070559918880463
1960,Peter Arundell,0.1101989597082138
1961,Peter Arundell,0.11025527119636536
1962,Peter Arundell,0.11182671785354614
1963,Peter Arundell,0.11935411393642426
1964,Peter Arundell,0.24041417241096497
1965,Peter Arundell,0.12741155922412872
1966,Peter Arundell,0.1384529173374176
1967,Peter Arundell,0.1200442910194397
1968,Peter Arundell,0.1202440857887268
1969,Peter Arundell,0.1230056881904602
1970,Peter Arundell,0.12473087012767792
1971,Peter Arundell,0.1253650188446045
1972,Peter Arundell,0.12539178133010864
1973,Peter Arundell,0.125181645154953
1974,Peter Arundell,0.1249268501996994
1975,Peter Arundell,0.12470404803752899
1976,Peter Arundell,0.12453311681747437
1977,Peter Arundell,0.12441080808639526
1978,Peter Arundell,0.12432712316513062
1979,Peter Arundell,0.12427164614200592
1980,Peter Arundell,0.12423595786094666
1981,Peter Arundell,0.12421362102031708
1982,Peter Arundell,0.12420028448104858
1983,Peter Arundell,0.12419280409812927
1984,Peter Arundell,0.12418924272060394
1985,Peter Arundell,0.12418828904628754
1986,Peter Arundell,0.12418919801712036
1987,Peter Arundell,0.12419155240058899
1988,Peter Arundell,0.12419509887695312
1989,Peter Arundell,0.12419980764389038
1990,Peter Arundell,0.12420579791069031
1991,Peter Arundell,0.12421315908432007
1992,Peter Arundell,0.12422212958335876
1993,Peter Arundell,0.12423303723335266
1994,Peter Arundell,0.1242462694644928
1995,Peter Arundell,0.12426236271858215
1996,Peter Arundell,0.1242818832397461
1997,Peter Arundell,0.12430550158023834
1998,Peter Arundell,0.12433421611785889
1999,Peter Arundell,0.1243690550327301
2000,Peter Arundell,0.12441135942935944
2001,Peter Arundell,0.12446281313896179
2002,Peter Arundell,0.12452536821365356
2003,Peter Arundell,0.12460151314735413
2004,Peter Arundell,0.12469428777694702
2005,Peter Arundell,0.12480737268924713
2006,Peter Arundell,0.12494531273841858
2007,Peter Arundell,0.1251136213541031
2008,Peter Arundell,0.12531894445419312
2009,Peter Arundell,0.12556907534599304
2010,Peter Arundell,0.12587301433086395
2011,Peter Arundell,0.12624028325080872
2012,Peter Arundell,0.12667980790138245
2013,Peter Arundell,0.12719720602035522
2014,Peter Arundell,0.1277894377708435
2015,Peter Arundell,0.12843531370162964
2016,Peter Arundell,0.12907952070236206
2017,Peter Arundell,0.1296088695526123
2018,Peter Arundell,0.1298215091228485
2019,Peter Arundell,0.12939642369747162
2020,Peter Arundell,0.12786978483200073
2021,Peter Arundell,0.1245797723531723
2022,Peter Arundell,0.11832524836063385
2023,Peter Arundell,0.10611218214035034
2024,Peter Arundell,0.08146986365318298
2025,Peter Arundell,0.039903052151203156
2026,Peter Arundell,-0.06969387829303741
2027,Peter Arundell,-0.07349970936775208
2028,Peter Arundell,-0.07349970936775208
2029,Peter Arundell,-0.07349970936775208
2030,Peter Arundell,-0.07349970936775208
1958,Peter Gethin,0.11350762844085693
1959,Peter Gethin,0.11159650981426239
1960,Peter Gethin,0.11209110915660858
1961,Peter Gethin,0.11359134316444397
1962,Peter Gethin,0.11555829644203186
1963,Peter Gethin,0.11752957105636597
1964,Peter Gethin,0.11914877593517303
1965,Peter Gethin,0.1201426088809967
1966,Peter Gethin,0.12026958167552948
1967,Peter Gethin,0.11941948533058167
1968,Peter Gethin,0.11808361113071442
1969,Peter Gethin,0.1211833655834198
1970,Peter Gethin,0.10603359341621399
1971,Peter Gethin,0.22830182313919067
1972,Peter Gethin,0.12593106925487518
1973,Peter Gethin,0.12092061340808868
1974,Peter Gethin,0.12103325128555298
1975,Peter Gethin,0.12451957166194916
1976,Peter Gethin,0.1263139694929123
1977,Peter Gethin,0.12669973075389862
1978,Peter Gethin,0.12639403343200684
1979,Peter Gethin,0.1258850395679474
1980,Peter Gethin,0.12540031969547272
1981,Peter Gethin,0.12501466274261475
1982,Peter Gethin,0.12473385035991669
1983,Peter Gethin,0.12453992664813995
1984,Peter Gethin,0.12441074848175049
1985,Peter Gethin,0.12432730197906494
1986,Peter Gethin,0.1242751032114029
1987,Peter Gethin,0.124243825674057
1988,Peter Gethin,0.12422643601894379
1989,Peter Gethin,0.12421831488609314
1990,Peter Gethin,0.12421649694442749
1991,Peter Gethin,0.12421925365924835
1992,Peter Gethin,0.12422552704811096
1993,Peter Gethin,0.12423491477966309
1994,Peter Gethin,0.12424726784229279
1995,Peter Gethin,0.12426283955574036
1996,Peter Gethin,0.124282106757164
1997,Peter Gethin,0.12430563569068909
1998,Peter Gethin,0.12433424592018127
1999,Peter Gethin,0.1243690550327301
2000,Peter Gethin,0.12441134452819824
2001,Peter Gethin,0.1244627982378006
2002,Peter Gethin,0.12452533841133118
2003,Peter Gethin,0.12460149824619293
2004,Peter Gethin,0.12469428777694702
2005,Peter Gethin,0.12480735778808594
2006,Peter Gethin,0.12494529783725739
2007,Peter Gethin,0.1251136213541031
2008,Peter Gethin,0.12531894445419312
2009,Peter Gethin,0.12556910514831543
2010,Peter Gethin,0.12587302923202515
2011,Peter Gethin,0.12624028325080872
2012,Peter Gethin,0.12667983770370483
2013,Peter Gethin,0.12719719111919403
2014,Peter Gethin,0.1277894377708435
2015,Peter Gethin,0.12843531370162964
2016,Peter Gethin,0.12907952070236206
2017,Peter Gethin,0.1296088844537735
2018,Peter Gethin,0.1298215091228485
2019,Peter Gethin,0.12939642369747162
2020,Peter Gethin,0.12786978483200073
2021,Peter Gethin,0.12457975745201111
2022,Peter Gethin,0.11832524836063385
2023,Peter Gethin,0.10611216723918915
2024,Peter Gethin,0.08146986365318298
2025,Peter Gethin,0.039903052151203156
2026,Peter Gethin,-0.06969387829303741
2027,Peter Gethin,-0.07349970936775208
2028,Peter Gethin,-0.07349970936775208
2029,Peter Gethin,-0.07349970936775208
2030,Peter Gethin,-0.07349970936775208
1958,Peter Revson ,0.11342555284500122
1959,Peter Revson ,0.11144179105758667
1960,Peter Revson ,0.11188286542892456
1961,Peter Revson ,0.11334013938903809
1962,Peter Revson ,0.11528585851192474
1963,Peter Revson ,0.117290198802948
1964,Peter Revson ,0.11906161904335022
1965,Peter Revson ,0.12043315172195435
1966,Peter Revson ,0.12128457427024841
1967,Peter Revson ,0.12145625054836273
1968,Peter Revson ,0.12073566019535065
1969,Peter Revson ,0.11917927861213684
1970,Peter Revson ,0.11865600943565369
1971,Peter Revson ,0.12405546009540558
1972,Peter Revson ,0.2825806736946106
1973,Peter Revson ,0.301821231842041
1974,Peter Revson ,0.1258285641670227
1975,Peter Revson ,0.11706198751926422
1976,Peter Revson ,0.11986653506755829
1977,Peter Revson ,0.12341400980949402
1978,Peter Revson ,0.12523770332336426
1979,Peter Revson ,0.125785231590271
1980,Peter Revson ,0.12570488452911377
1981,Peter Revson ,0.12540775537490845
1982,Peter Revson ,0.12508945167064667
1983,Peter Revson ,0.12482196092605591
1984,Peter Revson ,0.1246199756860733
1985,Peter Revson ,0.12447646260261536
1986,Peter Revson ,0.12437866628170013
1987,Peter Revson ,0.12431436777114868
1988,Peter Revson ,0.12427379190921783
1989,Peter Revson ,0.12424972653388977
1990,Peter Revson ,0.12423712015151978
1991,Peter Revson ,0.12423267960548401
1992,Peter Revson ,0.12423419952392578
1993,Peter Revson ,0.12424048781394958
1994,Peter Revson ,0.12425082921981812
1995,Peter Revson ,0.12426513433456421
1996,Peter Revson ,0.1242835521697998
1997,Peter Revson ,0.12430652976036072
1998,Peter Revson ,0.12433481216430664
1999,Peter Revson ,0.12436941266059875
2000,Peter Revson ,0.12441158294677734
2001,Peter Revson ,0.12446293234825134
2002,Peter Revson ,0.12452544271945953
2003,Peter Revson ,0.12460155785083771
2004,Peter Revson ,0.12469431757926941
2005,Peter Revson ,0.12480738759040833
2006,Peter Revson ,0.12494534254074097
2007,Peter Revson ,0.12511363625526428
2008,Peter Revson ,0.12531894445419312
2009,Peter Revson ,0.12556907534599304
2010,Peter Revson ,0.12587302923202515
2011,Peter Revson ,0.12624028325080872
2012,Peter Revson ,0.12667980790138245
2013,Peter Revson ,0.12719720602035522
2014,Peter Revson ,0.1277894377708435
2015,Peter Revson ,0.12843531370162964
2016,Peter Revson ,0.12907952070236206
2017,Peter Revson ,0.1296088695526123
2018,Peter Revson ,0.1298215091228485
2019,Peter Revson ,0.1293964385986328
2020,Peter Revson ,0.12786978483200073
2021,Peter Revson ,0.12457975745201111
2022,Peter Revson ,0.11832526326179504
2023,Peter Revson ,0.10611216723918915
2024,Peter Revson ,0.08146984875202179
2025,Peter Revson ,0.039903052151203156
2026,Peter Revson ,-0.06969387829303741
2027,Peter Revson ,-0.07349970936775208
2028,Peter Revson ,-0.07349970936775208
2029,Peter Revson ,-0.07349970936775208
2030,Peter Revson ,-0.07349970936775208
1958,Phil  Hill ,0.20001932978630066
1959,Phil  Hill ,0.2829889953136444
1960,Phil  Hill ,0.28623881936073303
1961,Phil  Hill ,0.33327940106391907
1962,Phil  Hill ,0.2597030699253082
1963,Phil  Hill ,0.05752003192901611
1964,Phil  Hill ,0.12883348762989044
1965,Phil  Hill ,0.12371902167797089
1966,Phil  Hill ,0.12536418437957764
1967,Phil  Hill ,0.12781675159931183
1968,Phil  Hill ,0.12851621210575104
1969,Phil  Hill ,0.12809127569198608
1970,Phil  Hill ,0.12725719809532166
1971,Phil  Hill ,0.12641865015029907
1972,Phil  Hill ,0.12573030591011047
1973,Phil  Hill ,0.12521807849407196
1974,Phil  Hill ,0.12485775351524353
1975,Phil  Hill ,0.12461325526237488
1976,Phil  Hill ,0.12445160746574402
1977,Phil  Hill ,0.12434692680835724
1978,Phil  Hill ,0.1242804080247879
1979,Phil  Hill ,0.12423905730247498
1980,Phil  Hill ,0.12421385943889618
1981,Phil  Hill ,0.1241990178823471
1982,Phil  Hill ,0.12419083714485168
1983,Phil  Hill ,0.12418681383132935
1984,Phil  Hill ,0.1241854876279831
1985,Phil  Hill ,0.12418597936630249
1986,Phil  Hill ,0.12418779730796814
1987,Phil  Hill ,0.12419071793556213
1988,Phil  Hill ,0.12419459223747253
1989,Phil  Hill ,0.1241995245218277
1990,Phil  Hill ,0.12420560419559479
1991,Phil  Hill ,0.12421305477619171
1992,Phil  Hill ,0.1242220550775528
1993,Phil  Hill ,0.12423300743103027
1994,Phil  Hill ,0.12424628436565399
1995,Phil  Hill ,0.12426236271858215
1996,Phil  Hill ,0.1242818534374237
1997,Phil  Hill ,0.12430550158023834
1998,Phil  Hill ,0.12433421611785889
1999,Phil  Hill ,0.1243690550327301
2000,Phil  Hill ,0.12441134452819824
2001,Phil  Hill ,0.12446281313896179
2002,Phil  Hill ,0.12452536821365356
2003,Phil  Hill ,0.12460151314735413
2004,Phil  Hill ,0.12469427287578583
2005,Phil  Hill ,0.12480737268924713
2006,Phil  Hill ,0.12494528293609619
2007,Phil  Hill ,0.1251136064529419
2008,Phil  Hill ,0.12531894445419312
2009,Phil  Hill ,0.12556909024715424
2010,Phil  Hill ,0.12587301433086395
2011,Phil  Hill ,0.12624028325080872
2012,Phil  Hill ,0.12667980790138245
2013,Phil  Hill ,0.12719719111919403
2014,Phil  Hill ,0.1277894377708435
2015,Phil  Hill ,0.12843531370162964
2016,Phil  Hill ,0.12907952070236206
2017,Phil  Hill ,0.1296088695526123
2018,Phil  Hill ,0.1298215091228485
2019,Phil  Hill ,0.12939642369747162
2020,Phil  Hill ,0.12786978483200073
2021,Phil  Hill ,0.12457975745201111
2022,Phil  Hill ,0.11832524836063385
2023,Phil  Hill ,0.10611216723918915
2024,Phil  Hill ,0.08146984875202179
2025,Phil  Hill ,0.039903052151203156
2026,Phil  Hill ,-0.06969387829303741
2027,Phil  Hill ,-0.07349970936775208
2028,Phil  Hill ,-0.07349970936775208
2029,Phil  Hill ,-0.07349970936775208
2030,Phil  Hill ,-0.07349970936775208
1958,Philippe  Alliot ,0.11337918043136597
1959,Philippe  Alliot ,0.11133721470832825
1960,Philippe  Alliot ,0.11173689365386963
1961,Philippe  Alliot ,0.11315762996673584
1962,Philippe  Alliot ,0.11507180333137512
1963,Philippe  Alliot ,0.11705814301967621
1964,Philippe  Alliot ,0.11884716153144836
1965,Philippe  Alliot ,0.12032216787338257
1966,Philippe  Alliot ,0.12146931886672974
1967,Philippe  Alliot ,0.12232708930969238
1968,Philippe  Alliot ,0.12295195460319519
1969,Philippe  Alliot ,0.12340076267719269
1970,Philippe  Alliot ,0.1237223744392395
1971,Philippe  Alliot ,0.12395593523979187
1972,Philippe  Alliot ,0.1241312026977539
1973,Philippe  Alliot ,0.12427029013633728
1974,Philippe  Alliot ,0.12438887357711792
1975,Philippe  Alliot ,0.12449724972248077
1976,Philippe  Alliot ,0.12460021674633026
1977,Philippe  Alliot ,0.1246950775384903
1978,Philippe  Alliot ,0.12476661801338196
1979,Philippe  Alliot ,0.12477655708789825
1980,Philippe  Alliot ,0.12464678287506104
1981,Philippe  Alliot ,0.12424367666244507
1982,Philippe  Alliot ,0.12340059876441956
1983,Philippe  Alliot ,0.12212097644805908
1984,Philippe  Alliot ,0.12123943865299225
1985,Philippe  Alliot ,0.1257726401090622
1986,Philippe  Alliot ,0.13991180062294006
1987,Philippe  Alliot ,0.14116507768630981
1988,Philippe  Alliot ,0.1222587376832962
1989,Philippe  Alliot ,0.05659177154302597
1990,Philippe  Alliot ,0.11997440457344055
1991,Philippe  Alliot ,0.12355290353298187
1992,Philippe  Alliot ,0.12970617413520813
1993,Philippe  Alliot ,0.14341898262500763
1994,Philippe  Alliot ,0.12810343503952026
1995,Philippe  Alliot ,0.12495666742324829
1996,Philippe  Alliot ,0.12525588274002075
1997,Philippe  Alliot ,0.1256415843963623
1998,Philippe  Alliot ,0.1256786435842514
1999,Philippe  Alliot ,0.12549999356269836
2000,Philippe  Alliot ,0.1252676546573639
2001,Philippe  Alliot ,0.1250694841146469
2002,Philippe  Alliot ,0.12493638694286346
2003,Philippe  Alliot ,0.12487111985683441
2004,Philippe  Alliot ,0.12486672401428223
2005,Philippe  Alliot ,0.12491530179977417
2006,Philippe  Alliot ,0.12501156330108643
2007,Philippe  Alliot ,0.12515351176261902
2008,Philippe  Alliot ,0.125342458486557
2009,Philippe  Alliot ,0.12558269500732422
2010,Philippe  Alliot ,0.1258806735277176
2011,Philippe  Alliot ,0.12624448537826538
2012,Philippe  Alliot ,0.12668201327323914
2013,Philippe  Alliot ,0.12719827890396118
2014,Philippe  Alliot ,0.1277899146080017
2015,Philippe  Alliot ,0.12843549251556396
2016,Philippe  Alliot ,0.12907958030700684
2017,Philippe  Alliot ,0.12960883975028992
2018,Philippe  Alliot ,0.12982147932052612
2019,Philippe  Alliot ,0.12939637899398804
2020,Philippe  Alliot ,0.12786972522735596
2021,Philippe  Alliot ,0.12457972764968872
2022,Philippe  Alliot ,0.11832521855831146
2023,Philippe  Alliot ,0.10611215233802795
2024,Philippe  Alliot ,0.0814698338508606
2025,Philippe  Alliot ,0.039903052151203156
2026,Philippe  Alliot ,-0.06969387829303741
2027,Philippe  Alliot ,-0.07349970936775208
2028,Philippe  Alliot ,-0.07349970936775208
2029,Philippe  Alliot ,-0.07349970936775208
2030,Philippe  Alliot ,-0.07349970936775208
1958,Philippe  Streiff ,0.1133795976638794
1959,Philippe  Streiff ,0.11133837699890137
1960,Philippe  Streiff ,0.1117386519908905
1961,Philippe  Streiff ,0.11315998435020447
1962,Philippe  Streiff ,0.11507485806941986
1963,Philippe  Streiff ,0.11706206202507019
1964,Philippe  Streiff ,0.11885210871696472
1965,Philippe  Streiff ,0.12032842636108398
1966,Philippe  Streiff ,0.1214771717786789
1967,Philippe  Streiff ,0.12233687937259674
1968,Philippe  Streiff ,0.12296420335769653
1969,Philippe  Streiff ,0.12341587245464325
1970,Philippe  Streiff ,0.12374082207679749
1971,Philippe  Streiff ,0.12397803366184235
1972,Philippe  Streiff ,0.12415698170661926
1973,Philippe  Streiff ,0.12429890036582947
1974,Philippe  Streiff ,0.12441790103912354
1975,Philippe  Streiff ,0.12452104687690735
1976,Philippe  Streiff ,0.12460669875144958
1977,Philippe  Streiff ,0.12465903162956238
1978,Philippe  Streiff ,0.12463662028312683
1979,Philippe  Streiff ,0.12445199489593506
1980,Philippe  Streiff ,0.12394928932189941
1981,Philippe  Streiff ,0.12291944026947021
1982,Philippe  Streiff ,0.1213151216506958
1983,Philippe  Streiff ,0.12006260454654694
1984,Philippe  Streiff ,0.12459194660186768
1985,Philippe  Streiff ,0.16112203896045685
1986,Philippe  Streiff ,0.17115098237991333
1987,Philippe  Streiff ,0.16813339293003082
1988,Philippe  Streiff ,0.12402412295341492
1989,Philippe  Streiff ,0.12185400724411011
1990,Philippe  Streiff ,0.12442411482334137
1991,Philippe  Streiff ,0.12614454329013824
1992,Philippe  Streiff ,0.12661220133304596
1993,Philippe  Streiff ,0.12639059126377106
1994,Philippe  Streiff ,0.12593893706798553
1995,Philippe  Streiff ,0.1254909187555313
1996,Philippe  Streiff ,0.12513166666030884
1997,Philippe  Streiff ,0.12487450242042542
1998,Philippe  Streiff ,0.12470626831054688
1999,Philippe  Streiff ,0.12460777163505554
2000,Philippe  Streiff ,0.12456205487251282
2001,Philippe  Streiff ,0.12455660104751587
2002,Philippe  Streiff ,0.12458290159702301
2003,Philippe  Streiff ,0.12463632225990295
2004,Philippe  Streiff ,0.12471508979797363
2005,Philippe  Streiff ,0.12481960654258728
2006,Philippe  Streiff ,0.12495239078998566
2007,Philippe  Streiff ,0.12511767446994781
2008,Philippe  Streiff ,0.12532120943069458
2009,Philippe  Streiff ,0.12557034194469452
2010,Philippe  Streiff ,0.12587368488311768
2011,Philippe  Streiff ,0.12624064087867737
2012,Philippe  Streiff ,0.12668000161647797
2013,Philippe  Streiff ,0.127197265625
2014,Philippe  Streiff ,0.12778949737548828
2015,Philippe  Streiff ,0.12843531370162964
2016,Philippe  Streiff ,0.12907952070236206
2017,Philippe  Streiff ,0.12960883975028992
2018,Philippe  Streiff ,0.1298215091228485
2019,Philippe  Streiff ,0.1293964385986328
2020,Philippe  Streiff ,0.12786976993083954
2021,Philippe  Streiff ,0.12457975745201111
2022,Philippe  Streiff ,0.11832524836063385
2023,Philippe  Streiff ,0.10611216723918915
2024,Philippe  Streiff ,0.08146984875202179
2025,Philippe  Streiff ,0.039903052151203156
2026,Philippe  Streiff ,-0.06969387829303741
2027,Philippe  Streiff ,-0.07349970936775208
2028,Philippe  Streiff ,-0.07349970936775208
2029,Philippe  Streiff ,-0.07349970936775208
2030,Philippe  Streiff ,-0.07349970936775208
1958,Piercarlo  Ghinzani ,0.11337755620479584
1959,Piercarlo  Ghinzani ,0.1113324761390686
1960,Piercarlo  Ghinzani ,0.11172983050346375
1961,Piercarlo  Ghinzani ,0.11314822733402252
1962,Piercarlo  Ghinzani ,0.11505977809429169
1963,Piercarlo  Ghinzani ,0.11704301834106445
1964,Piercarlo  Ghinzani ,0.11882834136486053
1965,Piercarlo  Ghinzani ,0.12029895186424255
1966,Piercarlo  Ghinzani ,0.1214408278465271
1967,Piercarlo  Ghinzani ,0.12229220569133759
1968,Piercarlo  Ghinzani ,0.12290933728218079
1969,Piercarlo  Ghinzani ,0.12334862351417542
1970,Piercarlo  Ghinzani ,0.12365832924842834
1971,Piercarlo  Ghinzani ,0.1238768994808197
1972,Piercarlo  Ghinzani ,0.12403285503387451
1973,Piercarlo  Ghinzani ,0.12414634227752686
1974,Piercarlo  Ghinzani ,0.12422986328601837
1975,Piercarlo  Ghinzani ,0.12428808212280273
1976,Piercarlo  Ghinzani ,0.12431600689888
1977,Piercarlo  Ghinzani ,0.12429390847682953
1978,Piercarlo  Ghinzani ,0.12418040633201599
1979,Piercarlo  Ghinzani ,0.12390795350074768
1980,Piercarlo  Ghinzani ,0.12340591847896576
1981,Piercarlo  Ghinzani ,0.12273398041725159
1982,Piercarlo  Ghinzani ,0.12241335213184357
1983,Piercarlo  Ghinzani ,0.12583278119564056
1984,Piercarlo  Ghinzani ,0.11934728920459747
1985,Piercarlo  Ghinzani ,0.12383747100830078
1986,Piercarlo  Ghinzani ,0.12297643721103668
1987,Piercarlo  Ghinzani ,0.12417685985565186
1988,Piercarlo  Ghinzani ,0.12489253282546997
1989,Piercarlo  Ghinzani ,0.12509825825691223
1990,Piercarlo  Ghinzani ,0.12502428889274597
1991,Piercarlo  Ghinzani ,0.12485596537590027
1992,Piercarlo  Ghinzani ,0.12468725442886353
1993,Piercarlo  Ghinzani ,0.12455277144908905
1994,Piercarlo  Ghinzani ,0.1244584321975708
1995,Piercarlo  Ghinzani ,0.12439937889575958
1996,Piercarlo  Ghinzani ,0.12436839938163757
1997,Piercarlo  Ghinzani ,0.12435904145240784
1998,Piercarlo  Ghinzani ,0.12436670064926147
1999,Piercarlo  Ghinzani ,0.12438835203647614
2000,Piercarlo  Ghinzani ,0.1244225949048996
2001,Piercarlo  Ghinzani ,0.12446919083595276
2002,Piercarlo  Ghinzani ,0.12452885508537292
2003,Piercarlo  Ghinzani ,0.12460337579250336
2004,Piercarlo  Ghinzani ,0.12469521164894104
2005,Piercarlo  Ghinzani ,0.12480780482292175
2006,Piercarlo  Ghinzani ,0.12494546175003052
2007,Piercarlo  Ghinzani ,0.12511365115642548
2008,Piercarlo  Ghinzani ,0.12531892955303192
2009,Piercarlo  Ghinzani ,0.12556904554367065
2010,Piercarlo  Ghinzani ,0.12587296962738037
2011,Piercarlo  Ghinzani ,0.12624025344848633
2012,Piercarlo  Ghinzani ,0.12667979300022125
2013,Piercarlo  Ghinzani ,0.12719719111919403
2014,Piercarlo  Ghinzani ,0.1277894377708435
2015,Piercarlo  Ghinzani ,0.12843529880046844
2016,Piercarlo  Ghinzani ,0.12907952070236206
2017,Piercarlo  Ghinzani ,0.1296088695526123
2018,Piercarlo  Ghinzani ,0.1298215091228485
2019,Piercarlo  Ghinzani ,0.12939640879631042
2020,Piercarlo  Ghinzani ,0.12786976993083954
2021,Piercarlo  Ghinzani ,0.12457975745201111
2022,Piercarlo  Ghinzani ,0.11832524836063385
2023,Piercarlo  Ghinzani ,0.10611218214035034
2024,Piercarlo  Ghinzani ,0.08146984875202179
2025,Piercarlo  Ghinzani ,0.039903052151203156
2026,Piercarlo  Ghinzani ,-0.06969387829303741
2027,Piercarlo  Ghinzani ,-0.07349970936775208
2028,Piercarlo  Ghinzani ,-0.07349970936775208
2029,Piercarlo  Ghinzani ,-0.07349970936775208
2030,Piercarlo  Ghinzani ,-0.07349970936775208
1958,Pierluigi  Martini ,0.11337845027446747
1959,Pierluigi  Martini ,0.11133512854576111
1960,Pierluigi  Martini ,0.11173379421234131
1961,Pierluigi  Martini ,0.11315348744392395
1962,Pierluigi  Martini ,0.11506643891334534
1963,Pierluigi  Martini ,0.11705130338668823
1964,Pierluigi  Martini ,0.11883853375911713
1965,Pierluigi  Martini ,0.12031133472919464
1966,Pierluigi  Martini ,0.12145581841468811
1967,Pierluigi  Martini ,0.12231014668941498
1968,Pierluigi  Martini ,0.12293082475662231
1969,Pierluigi  Martini ,0.123374342918396
1970,Pierluigi  Martini ,0.12368935346603394
1971,Pierluigi  Martini ,0.12391477823257446
1972,Pierluigi  Martini ,0.12408021092414856
1973,Pierluigi  Martini ,0.12420761585235596
1974,Pierluigi  Martini ,0.1243131160736084
1975,Pierluigi  Martini ,0.12440823018550873
1976,Pierluigi  Martini ,0.12450101971626282
1977,Pierluigi  Martini ,0.12459644675254822
1978,Pierluigi  Martini ,0.12469545006752014
1979,Pierluigi  Martini ,0.12479278445243835
1980,Pierluigi  Martini ,0.12487155199050903
1981,Pierluigi  Martini ,0.12489262223243713
1982,Pierluigi  Martini ,0.12477758526802063
1983,Pierluigi  Martini ,0.12439188361167908
1984,Pierluigi  Martini ,0.12356509268283844
1985,Pierluigi  Martini ,0.12228791415691376
1986,Pierluigi  Martini ,0.12138360738754272
1987,Pierluigi  Martini ,0.12579302489757538
1988,Pierluigi  Martini ,0.14386135339736938
1989,Pierluigi  Martini ,0.15330791473388672
1990,Pierluigi  Martini ,0.12743887305259705
1991,Pierluigi  Martini ,0.1989257037639618
1992,Pierluigi  Martini ,0.15955552458763123
1993,Pierluigi  Martini ,0.1274959146976471
1994,Pierluigi  Martini ,0.10631963610649109
1995,Pierluigi  Martini ,0.12586048245429993
1996,Pierluigi  Martini ,0.1262822151184082
1997,Pierluigi  Martini ,0.1275549679994583
1998,Pierluigi  Martini ,0.1276717483997345
1999,Pierluigi  Martini ,0.12719696760177612
2000,Pierluigi  Martini ,0.12656110525131226
2001,Pierluigi  Martini ,0.1259922981262207
2002,Pierluigi  Martini ,0.1255672574043274
2003,Pierluigi  Martini ,0.1252898871898651
2004,Pierluigi  Martini ,0.12513861060142517
2005,Pierluigi  Martini ,0.12508869171142578
2006,Pierluigi  Martini ,0.1251203417778015
2007,Pierluigi  Martini ,0.12522074580192566
2008,Pierluigi  Martini ,0.1253834068775177
2009,Pierluigi  Martini ,0.1256072074174881
2010,Pierluigi  Martini ,0.125895157456398
2011,Pierluigi  Martini ,0.12625285983085632
2012,Pierluigi  Martini ,0.12668676674365997
2013,Pierluigi  Martini ,0.1272009313106537
2014,Pierluigi  Martini ,0.12779134511947632
2015,Pierluigi  Martini ,0.12843623757362366
2016,Pierluigi  Martini ,0.1290799081325531
2017,Pierluigi  Martini ,0.12960898876190186
2018,Pierluigi  Martini ,0.1298215389251709
2019,Pierluigi  Martini ,0.12939637899398804
2020,Pierluigi  Martini ,0.12786971032619476
2021,Pierluigi  Martini ,0.12457971274852753
2022,Pierluigi  Martini ,0.11832518875598907
2023,Pierluigi  Martini ,0.10611213743686676
2024,Pierluigi  Martini ,0.08146980404853821
2025,Pierluigi  Martini ,0.039903052151203156
2026,Pierluigi  Martini ,-0.06969387829303741
2027,Pierluigi  Martini ,-0.07349970936775208
2028,Pierluigi  Martini ,-0.07349970936775208
2029,Pierluigi  Martini ,-0.07349970936775208
2030,Pierluigi  Martini ,-0.07349970936775208
1958,Pierre  Gasly ,0.11337575316429138
1959,Pierre  Gasly ,0.11132735013961792
1960,Pierre  Gasly ,0.11172223091125488
1961,Pierre  Gasly ,0.11313799023628235
1962,Pierre  Gasly ,0.11504651606082916
1963,Pierre  Gasly ,0.11702620983123779
1964,Pierre  Gasly ,0.11880716681480408
1965,Pierre  Gasly ,0.12027248740196228
1966,Pierre  Gasly ,0.12140785157680511
1967,Pierre  Gasly ,0.12225119769573212
1968,Pierre  Gasly ,0.12285846471786499
1969,Pierre  Gasly ,0.12328551709651947
1970,Pierre  Gasly ,0.12358030676841736
1971,Pierre  Gasly ,0.12378087639808655
1972,Pierre  Gasly ,0.1239156723022461
1973,Pierre  Gasly ,0.12400546669960022
1974,Pierre  Gasly ,0.1240648627281189
1975,Pierre  Gasly ,0.12410405278205872
1976,Pierre  Gasly ,0.12412993609905243
1977,Pierre  Gasly ,0.12414716184139252
1978,Pierre  Gasly ,0.12415888905525208
1979,Pierre  Gasly ,0.12416714429855347
1980,Pierre  Gasly ,0.12417334318161011
1981,Pierre  Gasly ,0.12417837977409363
1982,Pierre  Gasly ,0.12418290972709656
1983,Pierre  Gasly ,0.12418738007545471
1984,Pierre  Gasly ,0.12419217824935913
1985,Pierre  Gasly ,0.12419754266738892
1986,Pierre  Gasly ,0.12420377135276794
1987,Pierre  Gasly ,0.12421119213104248
1988,Pierre  Gasly ,0.12422004342079163
1989,Pierre  Gasly ,0.12423075735569
1990,Pierre  Gasly ,0.12424364686012268
1991,Pierre  Gasly ,0.12425929307937622
1992,Pierre  Gasly ,0.12427827715873718
1993,Pierre  Gasly ,0.12430131435394287
1994,Pierre  Gasly ,0.12432938814163208
1995,Pierre  Gasly ,0.12436351180076599
1996,Pierre  Gasly ,0.1244051605463028
1997,Pierre  Gasly ,0.12445592880249023
1998,Pierre  Gasly ,0.1245180070400238
1999,Pierre  Gasly ,0.12459391355514526
2000,Pierre  Gasly ,0.12468685209751129
2001,Pierre  Gasly ,0.12480062246322632
2002,Pierre  Gasly ,0.12493990361690521
2003,Pierre  Gasly ,0.12511023879051208
2004,Pierre  Gasly ,0.12531788647174835
2005,Pierre  Gasly ,0.12556979060173035
2006,Pierre  Gasly ,0.12587282061576843
2007,Pierre  Gasly ,0.12623244524002075
2008,Pierre  Gasly ,0.12664949893951416
2009,Pierre  Gasly ,0.1271137148141861
2010,Pierre  Gasly ,0.12759149074554443
2011,Pierre  Gasly ,0.12800538539886475
2012,Pierre  Gasly ,0.1282111257314682
2013,Pierre  Gasly ,0.12800845503807068
2014,Pierre  Gasly ,0.12731479108333588
2015,Pierre  Gasly ,0.12674987316131592
2016,Pierre  Gasly ,0.13022586703300476
2017,Pierre  Gasly ,0.11907973885536194
2018,Pierre  Gasly ,0.19169612228870392
2019,Pierre  Gasly ,0.32015299797058105
2020,Pierre  Gasly ,0.3011837601661682
2021,Pierre  Gasly ,0.3259842097759247
2022,Pierre  Gasly ,0.22349151968955994
2023,Pierre  Gasly ,0.2565789818763733
2024,Pierre  Gasly ,0.13211601972579956
2025,Pierre  Gasly ,0.07395593822002411
2026,Pierre  Gasly ,0.028863519430160522
2027,Pierre  Gasly ,0.02179483324289322
2028,Pierre  Gasly ,0.020696677267551422
2029,Pierre  Gasly ,0.020526304841041565
2030,Pierre  Gasly ,0.02049989253282547
1958,Piers Courage ,0.1135052740573883
1959,Piers Courage ,0.11157006025314331
1960,Piers Courage ,0.11200925707817078
1961,Piers Courage ,0.11339211463928223
1962,Piers Courage ,0.1151190996170044
1963,Piers Courage ,0.11662596464157104
1964,Piers Courage ,0.11743862926959991
1965,Piers Courage ,0.11734980344772339
1966,Piers Courage ,0.11702121794223785
1967,Piers Courage ,0.1215910017490387
1968,Piers Courage ,0.13302701711654663
1969,Piers Courage ,0.24356502294540405
1970,Piers Courage ,0.12730681896209717
1971,Piers Courage ,0.12045982480049133
1972,Piers Courage ,0.12202723324298859
1973,Piers Courage ,0.124246746301651
1974,Piers Courage ,0.12533630430698395
1975,Piers Courage ,0.12557998299598694
1976,Piers Courage ,0.12542270123958588
1977,Piers Courage ,0.12514501810073853
1978,Piers Courage ,0.12487617135047913
1979,Piers Courage ,0.1246597170829773
1980,Piers Courage ,0.12450045347213745
1981,Piers Courage ,0.12438935041427612
1982,Piers Courage ,0.12431475520133972
1983,Piers Courage ,0.12426619231700897
1984,Piers Courage ,0.124235600233078
1985,Piers Courage ,0.12421722710132599
1986,Piers Courage ,0.1242070198059082
1987,Piers Courage ,0.1242024302482605
1988,Piers Courage ,0.12420165538787842
1989,Piers Courage ,0.12420372664928436
1990,Piers Courage ,0.12420809268951416
1991,Piers Courage ,0.12421451508998871
1992,Piers Courage ,0.12422290444374084
1993,Piers Courage ,0.12423351407051086
1994,Piers Courage ,0.12424653768539429
1995,Piers Courage ,0.12426251173019409
1996,Piers Courage ,0.12428195774555206
1997,Piers Courage ,0.12430554628372192
1998,Piers Courage ,0.12433424592018127
1999,Piers Courage ,0.12436908483505249
2000,Piers Courage ,0.12441137433052063
2001,Piers Courage ,0.12446282804012299
2002,Piers Courage ,0.12452533841133118
2003,Piers Courage ,0.12460151314735413
2004,Piers Courage ,0.12469427287578583
2005,Piers Courage ,0.12480735778808594
2006,Piers Courage ,0.12494529783725739
2007,Piers Courage ,0.1251136213541031
2008,Piers Courage ,0.12531892955303192
2009,Piers Courage ,0.12556907534599304
2010,Piers Courage ,0.12587301433086395
2011,Piers Courage ,0.12624028325080872
2012,Piers Courage ,0.12667980790138245
2013,Piers Courage ,0.12719719111919403
2014,Piers Courage ,0.1277894526720047
2015,Piers Courage ,0.12843531370162964
2016,Piers Courage ,0.12907952070236206
2017,Piers Courage ,0.1296088695526123
2018,Piers Courage ,0.1298215091228485
2019,Piers Courage ,0.12939642369747162
2020,Piers Courage ,0.12786978483200073
2021,Piers Courage ,0.12457975745201111
2022,Piers Courage ,0.11832524836063385
2023,Piers Courage ,0.10611216723918915
2024,Piers Courage ,0.08146986365318298
2025,Piers Courage ,0.039903052151203156
2026,Piers Courage ,-0.06969387829303741
2027,Piers Courage ,-0.07349970936775208
2028,Piers Courage ,-0.07349970936775208
2029,Piers Courage ,-0.07349970936775208
2030,Piers Courage ,-0.07349970936775208
1958,Pietro  Fittipaldi ,0.1133757084608078
1959,Pietro  Fittipaldi ,0.11132732033729553
1960,Pietro  Fittipaldi ,0.11172214150428772
1961,Pietro  Fittipaldi ,0.1131378561258316
1962,Pietro  Fittipaldi ,0.11504638195037842
1963,Pietro  Fittipaldi ,0.11702600121498108
1964,Pietro  Fittipaldi ,0.11880695819854736
1965,Pietro  Fittipaldi ,0.12027221918106079
1966,Pietro  Fittipaldi ,0.12140752375125885
1967,Pietro  Fittipaldi ,0.12225079536437988
1968,Pietro  Fittipaldi ,0.12285791337490082
1969,Pietro  Fittipaldi ,0.12328487634658813
1970,Pietro  Fittipaldi ,0.12357956171035767
1971,Pietro  Fittipaldi ,0.12377995252609253
1972,Pietro  Fittipaldi ,0.12391453981399536
1973,Pietro  Fittipaldi ,0.12400411069393158
1974,Pietro  Fittipaldi ,0.12406323850154877
1975,Pietro  Fittipaldi ,0.12410205602645874
1976,Pietro  Fittipaldi ,0.12412753701210022
1977,Pietro  Fittipaldi ,0.12414424121379852
1978,Pietro  Fittipaldi ,0.12415535748004913
1979,Pietro  Fittipaldi ,0.12416286766529083
1980,Pietro  Fittipaldi ,0.12416815757751465
1981,Pietro  Fittipaldi ,0.12417209148406982
1982,Pietro  Fittipaldi ,0.12417532503604889
1983,Pietro  Fittipaldi ,0.1241782009601593
1984,Pietro  Fittipaldi ,0.12418103218078613
1985,Pietro  Fittipaldi ,0.12418404221534729
1986,Pietro  Fittipaldi ,0.1241874098777771
1987,Pietro  Fittipaldi ,0.12419137358665466
1988,Pietro  Fittipaldi ,0.12419602274894714
1989,Pietro  Fittipaldi ,0.12420159578323364
1990,Pietro  Fittipaldi ,0.12420830130577087
1991,Pietro  Fittipaldi ,0.12421640753746033
1992,Pietro  Fittipaldi ,0.12422618269920349
1993,Pietro  Fittipaldi ,0.1242380440235138
1994,Pietro  Fittipaldi ,0.12425237894058228
1995,Pietro  Fittipaldi ,0.12426978349685669
1996,Pietro  Fittipaldi ,0.12429095804691315
1997,Pietro  Fittipaldi ,0.12431663274765015
1998,Pietro  Fittipaldi ,0.12434785068035126
1999,Pietro  Fittipaldi ,0.12438583374023438
2000,Pietro  Fittipaldi ,0.12443205714225769
2001,Pietro  Fittipaldi ,0.12448836863040924
2002,Pietro  Fittipaldi ,0.12455710768699646
2003,Pietro  Fittipaldi ,0.12464097142219543
2004,Pietro  Fittipaldi ,0.1247435212135315
2005,Pietro  Fittipaldi ,0.12486885488033295
2006,Pietro  Fittipaldi ,0.1250220686197281
2007,Pietro  Fittipaldi ,0.12520916759967804
2008,Pietro  Fittipaldi ,0.12543700635433197
2009,Pietro  Fittipaldi ,0.12571294605731964
2010,Pietro  Fittipaldi ,0.1260439157485962
2011,Pietro  Fittipaldi ,0.12643419206142426
2012,Pietro  Fittipaldi ,0.12688128650188446
2013,Pietro  Fittipaldi ,0.12736833095550537
2014,Pietro  Fittipaldi ,0.12785255908966064
2015,Pietro  Fittipaldi ,0.1282532811164856
2016,Pietro  Fittipaldi ,0.12845587730407715
2017,Pietro  Fittipaldi ,0.12837845087051392
2018,Pietro  Fittipaldi ,0.12808316946029663
2019,Pietro  Fittipaldi ,0.12835410237312317
2020,Pietro  Fittipaldi ,0.09856531023979187
2021,Pietro  Fittipaldi ,0.12302899360656738
2022,Pietro  Fittipaldi ,0.11776070296764374
2023,Pietro  Fittipaldi ,0.10706019401550293
2024,Pietro  Fittipaldi ,0.08295698463916779
2025,Pietro  Fittipaldi ,0.039903052151203156
2026,Pietro  Fittipaldi ,-0.06969387829303741
2027,Pietro  Fittipaldi ,-0.07349970936775208
2028,Pietro  Fittipaldi ,-0.07349970936775208
2029,Pietro  Fittipaldi ,-0.07349970936775208
2030,Pietro  Fittipaldi ,-0.07349970936775208
1958,Ralf  Schumacher ,0.11337663233280182
1959,Ralf  Schumacher ,0.11132992804050446
1960,Ralf  Schumacher ,0.11172604560852051
1961,Ralf  Schumacher ,0.11314308643341064
1962,Ralf  Schumacher ,0.11505305767059326
1963,Ralf  Schumacher ,0.11703440546989441
1964,Ralf  Schumacher ,0.11881741881370544
1965,Ralf  Schumacher ,0.12028513848781586
1966,Ralf  Schumacher ,0.12142336368560791
1967,Ralf  Schumacher ,0.12227016687393188
1968,Ralf  Schumacher ,0.12288153171539307
1969,Ralf  Schumacher ,0.12331365048885345
1970,Ralf  Schumacher ,0.12361451983451843
1971,Ralf  Schumacher ,0.123822420835495
1972,Ralf  Schumacher ,0.12396617233753204
1973,Ralf  Schumacher ,0.12406681478023529
1974,Ralf  Schumacher ,0.1241394579410553
1975,Ralf  Schumacher ,0.12419478595256805
1976,Ralf  Schumacher ,0.12424038350582123
1977,Ralf  Schumacher ,0.12428167462348938
1978,Ralf  Schumacher ,0.12432286143302917
1979,Ralf  Schumacher ,0.12436720728874207
1980,Ralf  Schumacher ,0.12441754341125488
1981,Ralf  Schumacher ,0.12447658181190491
1982,Ralf  Schumacher ,0.12454697489738464
1983,Ralf  Schumacher ,0.12463140487670898
1984,Ralf  Schumacher ,0.12473252415657043
1985,Ralf  Schumacher ,0.12485259771347046
1986,Ralf  Schumacher ,0.12499293684959412
1987,Ralf  Schumacher ,0.1251523792743683
1988,Ralf  Schumacher ,0.12532375752925873
1989,Ralf  Schumacher ,0.1254865974187851
1990,Ralf  Schumacher ,0.12559157609939575
1991,Ralf  Schumacher ,0.12553289532661438
1992,Ralf  Schumacher ,0.12511369585990906
1993,Ralf  Schumacher ,0.12405645847320557
1994,Ralf  Schumacher ,0.12227016687393188
1995,Ralf  Schumacher ,0.12100955843925476
1996,Ralf  Schumacher ,0.12625524401664734
1997,Ralf  Schumacher ,0.20629078149795532
1998,Ralf  Schumacher ,0.22552871704101562
1999,Ralf  Schumacher ,0.2672463357448578
2000,Ralf  Schumacher ,0.2869361937046051
2001,Ralf  Schumacher ,0.3187932074069977
2002,Ralf  Schumacher ,0.3205471932888031
2003,Ralf  Schumacher ,0.3178228437900543
2004,Ralf  Schumacher ,0.2482668161392212
2005,Ralf  Schumacher ,0.2836364805698395
2006,Ralf  Schumacher ,0.23496082425117493
2007,Ralf  Schumacher ,0.16915516555309296
2008,Ralf  Schumacher ,0.1298300325870514
2009,Ralf  Schumacher ,0.12898285686969757
2010,Ralf  Schumacher ,0.1318209171295166
2011,Ralf  Schumacher ,0.13296160101890564
2012,Ralf  Schumacher ,0.13270743191242218
2013,Ralf  Schumacher ,0.131963312625885
2014,Ralf  Schumacher ,0.13128846883773804
2015,Ralf  Schumacher ,0.1308877319097519
2016,Ralf  Schumacher ,0.13074694573879242
2017,Ralf  Schumacher ,0.13071900606155396
2018,Ralf  Schumacher ,0.13054943084716797
2019,Ralf  Schumacher ,0.12986813485622406
2020,Ralf  Schumacher ,0.12817268073558807
2021,Ralf  Schumacher ,0.12477296590805054
2022,Ralf  Schumacher ,0.1184479296207428
2023,Ralf  Schumacher ,0.1061897724866867
2024,Ralf  Schumacher ,0.08151841163635254
2025,Ralf  Schumacher ,0.039903052151203156
2026,Ralf  Schumacher ,-0.06969387829303741
2027,Ralf  Schumacher ,-0.07349970936775208
2028,Ralf  Schumacher ,-0.07349970936775208
2029,Ralf  Schumacher ,-0.07349970936775208
2030,Ralf  Schumacher ,-0.07349970936775208
1958,Ralph  Firman ,0.11337575316429138
1959,Ralph  Firman ,0.11132742464542389
1960,Ralph  Firman ,0.11172232031822205
1961,Ralph  Firman ,0.1131381094455719
1962,Ralph  Firman ,0.11504669487476349
1963,Ralph  Firman ,0.1170264184474945
1964,Ralph  Firman ,0.11880744993686676
1965,Ralph  Firman ,0.12027280032634735
1966,Ralph  Firman ,0.12140828371047974
1967,Ralph  Firman ,0.12225168943405151
1968,Ralph  Firman ,0.12285907566547394
1969,Ralph  Firman ,0.12328626215457916
1970,Ralph  Firman ,0.12358121573925018
1971,Ralph  Firman ,0.12378197908401489
1972,Ralph  Firman ,0.12391702830791473
1973,Ralph  Firman ,0.12400710582733154
1974,Ralph  Firman ,0.12406687438488007
1975,Ralph  Firman ,0.1241064965724945
1976,Ralph  Firman ,0.12413293123245239
1977,Ralph  Firman ,0.12415079772472382
1978,Ralph  Firman ,0.12416332960128784
1979,Ralph  Firman ,0.12417259812355042
1980,Ralph  Firman ,0.12417998909950256
1981,Ralph  Firman ,0.12418656051158905
1982,Ralph  Firman ,0.12419299781322479
1983,Ralph  Firman ,0.12419988214969635
1984,Ralph  Firman ,0.12420766055583954
1985,Ralph  Firman ,0.12421685457229614
1986,Ralph  Firman ,0.12422791123390198
1987,Ralph  Firman ,0.12424138188362122
1988,Ralph  Firman ,0.12425786256790161
1989,Ralph  Firman ,0.12427785992622375
1990,Ralph  Firman ,0.12430202960968018
1991,Ralph  Firman ,0.12433063983917236
1992,Ralph  Firman ,0.12436337769031525
1993,Ralph  Firman ,0.12439845502376556
1994,Ralph  Firman ,0.12443068623542786
1995,Ralph  Firman ,0.12444847822189331
1996,Ralph  Firman ,0.12442737817764282
1997,Ralph  Firman ,0.12432172894477844
1998,Ralph  Firman ,0.1240588128566742
1999,Ralph  Firman ,0.1235608458518982
2000,Ralph  Firman ,0.12288287281990051
2001,Ralph  Firman ,0.12257671356201172
2002,Ralph  Firman ,0.12611770629882812
2003,Ralph  Firman ,0.12325280904769897
2004,Ralph  Firman ,0.12428057193756104
2005,Ralph  Firman ,0.12336662411689758
2006,Ralph  Firman ,0.12476670742034912
2007,Ralph  Firman ,0.12573666870594025
2008,Ralph  Firman ,0.12619750201702118
2009,Ralph  Firman ,0.1263926476240158
2010,Ralph  Firman ,0.12652921676635742
2011,Ralph  Firman ,0.12671950459480286
2012,Ralph  Firman ,0.1270115226507187
2013,Ralph  Firman ,0.12741869688034058
2014,Ralph  Firman ,0.12793344259262085
2015,Ralph  Firman ,0.12852688133716583
2016,Ralph  Firman ,0.12913668155670166
2017,Ralph  Firman ,0.12964387238025665
2018,Ralph  Firman ,0.1298425793647766
2019,Ralph  Firman ,0.1294088512659073
2020,Ralph  Firman ,0.12787696719169617
2021,Ralph  Firman ,0.12458384037017822
2022,Ralph  Firman ,0.11832748353481293
2023,Ralph  Firman ,0.10611334443092346
2024,Ralph  Firman ,0.08147044479846954
2025,Ralph  Firman ,0.039903052151203156
2026,Ralph  Firman ,-0.06969387829303741
2027,Ralph  Firman ,-0.07349970936775208
2028,Ralph  Firman ,-0.07349970936775208
2029,Ralph  Firman ,-0.07349970936775208
2030,Ralph  Firman ,-0.07349970936775208
1958,Reine Wisell ,0.11346116662025452
1959,Reine Wisell ,0.11150246858596802
1960,Reine Wisell ,0.11195783317089081
1961,Reine Wisell ,0.11341783404350281
1962,Reine Wisell ,0.11534090340137482
1963,Reine Wisell ,0.11726334691047668
1964,Reine Wisell ,0.11882464587688446
1965,Reine Wisell ,0.11974003911018372
1966,Reine Wisell ,0.11975802481174469
1967,Reine Wisell ,0.11883226037025452
1968,Reine Wisell ,0.11803300678730011
1969,Reine Wisell ,0.12285608053207397
1970,Reine Wisell ,0.18074274063110352
1971,Reine Wisell ,0.2375558316707611
1972,Reine Wisell ,0.12477359175682068
1973,Reine Wisell ,0.11903437972068787
1974,Reine Wisell ,0.12149803340435028
1975,Reine Wisell ,0.12415552139282227
1976,Reine Wisell ,0.12541425228118896
1977,Reine Wisell ,0.12569919228553772
1978,Reine Wisell ,0.1255333125591278
1979,Reine Wisell ,0.1252330243587494
1980,Reine Wisell ,0.12494155764579773
1981,Reine Wisell ,0.12470673024654388
1982,Reine Wisell ,0.12453389167785645
1983,Reine Wisell ,0.12441334128379822
1984,Reine Wisell ,0.12433242797851562
1985,Reine Wisell ,0.12427982687950134
1986,Reine Wisell ,0.12424696981906891
1987,Reine Wisell ,0.12422755360603333
1988,Reine Wisell ,0.12421730160713196
1989,Reine Wisell ,0.12421336770057678
1990,Reine Wisell ,0.12421396374702454
1991,Reine Wisell ,0.12421804666519165
1992,Reine Wisell ,0.12422503530979156
1993,Reine Wisell ,0.12423476576805115
1994,Reine Wisell ,0.12424729764461517
1995,Reine Wisell ,0.12426295876502991
1996,Reine Wisell ,0.12428221106529236
1997,Reine Wisell ,0.12430569529533386
1998,Reine Wisell ,0.12433430552482605
1999,Reine Wisell ,0.12436911463737488
2000,Reine Wisell ,0.12441140413284302
2001,Reine Wisell ,0.12446284294128418
2002,Reine Wisell ,0.12452536821365356
2003,Reine Wisell ,0.12460151314735413
2004,Reine Wisell ,0.12469428777694702
2005,Reine Wisell ,0.12480737268924713
2006,Reine Wisell ,0.12494529783725739
2007,Reine Wisell ,0.1251136064529419
2008,Reine Wisell ,0.12531892955303192
2009,Reine Wisell ,0.12556907534599304
2010,Reine Wisell ,0.12587301433086395
2011,Reine Wisell ,0.1262402981519699
2012,Reine Wisell ,0.12667979300022125
2013,Reine Wisell ,0.12719720602035522
2014,Reine Wisell ,0.1277894377708435
2015,Reine Wisell ,0.12843531370162964
2016,Reine Wisell ,0.12907952070236206
2017,Reine Wisell ,0.1296088546514511
2018,Reine Wisell ,0.1298215091228485
2019,Reine Wisell ,0.12939642369747162
2020,Reine Wisell ,0.12786978483200073
2021,Reine Wisell ,0.12457975745201111
2022,Reine Wisell ,0.11832524836063385
2023,Reine Wisell ,0.10611216723918915
2024,Reine Wisell ,0.08146984875202179
2025,Reine Wisell ,0.039903052151203156
2026,Reine Wisell ,-0.06969387829303741
2027,Reine Wisell ,-0.07349970936775208
2028,Reine Wisell ,-0.07349970936775208
2029,Reine Wisell ,-0.07349970936775208
2030,Reine Wisell ,-0.07349970936775208
1958,Rene  Arnoux ,0.11340507864952087
1959,Rene  Arnoux ,0.11140838265419006
1960,Rene  Arnoux ,0.11184291541576385
1961,Rene  Arnoux ,0.11329951882362366
1962,Rene  Arnoux ,0.11525483429431915
1963,Rene  Arnoux ,0.1172899603843689
1964,Rene  Arnoux ,0.11913716793060303
1965,Rene  Arnoux ,0.12068153917789459
1966,Rene  Arnoux ,0.1219109296798706
1967,Rene  Arnoux ,0.12286487221717834
1968,Rene  Arnoux ,0.12360027432441711
1969,Rene  Arnoux ,0.12417131662368774
1970,Rene  Arnoux ,0.12461850047111511
1971,Rene  Arnoux ,0.12495879828929901
1972,Rene  Arnoux ,0.12517011165618896
1973,Rene  Arnoux ,0.12516342103481293
1974,Rene  Arnoux ,0.12474685907363892
1975,Rene  Arnoux ,0.12363860011100769
1976,Rene  Arnoux ,0.12176232039928436
1977,Rene  Arnoux ,0.12056805193424225
1978,Rene  Arnoux ,0.12597797811031342
1979,Rene  Arnoux ,0.23192253708839417
1980,Rene  Arnoux ,0.2745825946331024
1981,Rene  Arnoux ,0.23761138319969177
1982,Rene  Arnoux ,0.27667781710624695
1983,Rene  Arnoux ,0.3295126259326935
1984,Rene  Arnoux ,0.2854607105255127
1985,Rene  Arnoux ,0.145567387342453
1986,Rene  Arnoux ,0.21650254726409912
1987,Rene  Arnoux ,0.11861118674278259
1988,Rene  Arnoux ,0.12871408462524414
1989,Rene  Arnoux ,0.089109867811203
1990,Rene  Arnoux ,0.1309247761964798
1991,Rene  Arnoux ,0.13112926483154297
1992,Rene  Arnoux ,0.1311563104391098
1993,Rene  Arnoux ,0.12997213006019592
1994,Rene  Arnoux ,0.12855909764766693
1995,Rene  Arnoux ,0.1273096650838852
1996,Rene  Arnoux ,0.1263495832681656
1997,Rene  Arnoux ,0.1256694197654724
1998,Rene  Arnoux ,0.12521490454673767
1999,Rene  Arnoux ,0.12492787837982178
2000,Rene  Arnoux ,0.1247604489326477
2001,Rene  Arnoux ,0.1246776282787323
2002,Rene  Arnoux ,0.12465563416481018
2003,Rene  Arnoux ,0.12467926740646362
2004,Rene  Arnoux ,0.12473990023136139
2005,Rene  Arnoux ,0.12483365833759308
2006,Rene  Arnoux ,0.12496012449264526
2007,Rene  Arnoux ,0.1251218020915985
2008,Rene  Arnoux ,0.12532329559326172
2009,Rene  Arnoux ,0.1255713254213333
2010,Rene  Arnoux ,0.1258740872144699
2011,Rene  Arnoux ,0.12624073028564453
2012,Rene  Arnoux ,0.12667997181415558
2013,Rene  Arnoux ,0.12719720602035522
2014,Rene  Arnoux ,0.12778939306735992
2015,Rene  Arnoux ,0.12843525409698486
2016,Rene  Arnoux ,0.12907946109771729
2017,Rene  Arnoux ,0.12960880994796753
2018,Rene  Arnoux ,0.12982147932052612
2019,Rene  Arnoux ,0.12939639389514923
2020,Rene  Arnoux ,0.12786975502967834
2021,Rene  Arnoux ,0.12457975745201111
2022,Rene  Arnoux ,0.11832524836063385
2023,Rene  Arnoux ,0.10611216723918915
2024,Rene  Arnoux ,0.0814698338508606
2025,Rene  Arnoux ,0.039903052151203156
2026,Rene  Arnoux ,-0.06969387829303741
2027,Rene  Arnoux ,-0.07349970936775208
2028,Rene  Arnoux ,-0.07349970936775208
2029,Rene  Arnoux ,-0.07349970936775208
2030,Rene  Arnoux ,-0.07349970936775208
1958,Renzo  Zorzi ,0.11338469386100769
1959,Renzo  Zorzi ,0.11134973168373108
1960,Renzo  Zorzi ,0.11175531148910522
1961,Renzo  Zorzi ,0.11318247020244598
1962,Renzo  Zorzi ,0.11510428786277771
1963,Renzo  Zorzi ,0.11709979176521301
1964,Renzo  Zorzi ,0.11889956891536713
1965,Renzo  Zorzi ,0.12038671970367432
1966,Renzo  Zorzi ,0.1215464174747467
1967,Renzo  Zorzi ,0.12241429090499878
1968,Renzo  Zorzi ,0.12304084002971649
1969,Renzo  Zorzi ,0.12346966564655304
1970,Renzo  Zorzi ,0.1237233579158783
1971,Renzo  Zorzi ,0.12379273772239685
1972,Renzo  Zorzi ,0.12363064289093018
1973,Renzo  Zorzi ,0.12317541241645813
1974,Renzo  Zorzi ,0.12249146401882172
1975,Renzo  Zorzi ,0.12214624881744385
1976,Renzo  Zorzi ,0.12570005655288696
1977,Renzo  Zorzi ,0.12437258660793304
1978,Renzo  Zorzi ,0.12366083264350891
1979,Renzo  Zorzi ,0.12258723378181458
1980,Renzo  Zorzi ,0.12389722466468811
1981,Renzo  Zorzi ,0.12474918365478516
1982,Renzo  Zorzi ,0.12503524124622345
1983,Renzo  Zorzi ,0.1249958723783493
1984,Renzo  Zorzi ,0.12483608722686768
1985,Renzo  Zorzi ,0.12466318905353546
1986,Renzo  Zorzi ,0.12451885640621185
1987,Renzo  Zorzi ,0.12441188097000122
1988,Renzo  Zorzi ,0.124338299036026
1989,Renzo  Zorzi ,0.12429076433181763
1990,Renzo  Zorzi ,0.12426239252090454
1991,Renzo  Zorzi ,0.1242477148771286
1992,Renzo  Zorzi ,0.12424281239509583
1993,Renzo  Zorzi ,0.12424516677856445
1994,Renzo  Zorzi ,0.12425322830677032
1995,Renzo  Zorzi ,0.12426623702049255
1996,Renzo  Zorzi ,0.12428396940231323
1997,Renzo  Zorzi ,0.1243065893650055
1998,Renzo  Zorzi ,0.12433472275733948
1999,Renzo  Zorzi ,0.12436927855014801
2000,Renzo  Zorzi ,0.1244114339351654
2001,Renzo  Zorzi ,0.12446282804012299
2002,Renzo  Zorzi ,0.12452533841133118
2003,Renzo  Zorzi ,0.12460146844387054
2004,Renzo  Zorzi ,0.12469425797462463
2005,Renzo  Zorzi ,0.12480732798576355
2006,Renzo  Zorzi ,0.12494528293609619
2007,Renzo  Zorzi ,0.1251136064529419
2008,Renzo  Zorzi ,0.12531891465187073
2009,Renzo  Zorzi ,0.12556909024715424
2010,Renzo  Zorzi ,0.12587302923202515
2011,Renzo  Zorzi ,0.1262402981519699
2012,Renzo  Zorzi ,0.12667980790138245
2013,Renzo  Zorzi ,0.12719719111919403
2014,Renzo  Zorzi ,0.1277894377708435
2015,Renzo  Zorzi ,0.12843532860279083
2016,Renzo  Zorzi ,0.12907952070236206
2017,Renzo  Zorzi ,0.1296088844537735
2018,Renzo  Zorzi ,0.1298215091228485
2019,Renzo  Zorzi ,0.12939642369747162
2020,Renzo  Zorzi ,0.12786978483200073
2021,Renzo  Zorzi ,0.12457975745201111
2022,Renzo  Zorzi ,0.11832526326179504
2023,Renzo  Zorzi ,0.10611216723918915
2024,Renzo  Zorzi ,0.08146986365318298
2025,Renzo  Zorzi ,0.039903052151203156
2026,Renzo  Zorzi ,-0.06969387829303741
2027,Renzo  Zorzi ,-0.07349970936775208
2028,Renzo  Zorzi ,-0.07349970936775208
2029,Renzo  Zorzi ,-0.07349970936775208
2030,Renzo  Zorzi ,-0.07349970936775208
1958,Ricardo  Rosset ,0.11337584257125854
1959,Ricardo  Rosset ,0.1113276481628418
1960,Ricardo  Rosset ,0.11172261834144592
1961,Ricardo  Rosset ,0.11313852667808533
1962,Ricardo  Rosset ,0.11504721641540527
1963,Ricardo  Rosset ,0.11702707409858704
1964,Ricardo  Rosset ,0.11880826950073242
1965,Ricardo  Rosset ,0.12027385830879211
1966,Ricardo  Rosset ,0.12140950560569763
1967,Ricardo  Rosset ,0.12225322425365448
1968,Ricardo  Rosset ,0.12286092340946198
1969,Ricardo  Rosset ,0.12328852713108063
1970,Ricardo  Rosset ,0.12358401715755463
1971,Ricardo  Rosset ,0.1237853467464447
1972,Ricardo  Rosset ,0.12392115592956543
1973,Ricardo  Rosset ,0.12401212751865387
1974,Ricardo  Rosset ,0.12407299876213074
1975,Ricardo  Rosset ,0.1241140067577362
1976,Ricardo  Rosset ,0.12414208054542542
1977,Ricardo  Rosset ,0.12416207790374756
1978,Ricardo  Rosset ,0.1241772323846817
1979,Ricardo  Rosset ,0.12418971955776215
1980,Ricardo  Rosset ,0.12420119345188141
1981,Ricardo  Rosset ,0.12421281635761261
1982,Ricardo  Rosset ,0.12422552704811096
1983,Ricardo  Rosset ,0.12424011528491974
1984,Ricardo  Rosset ,0.12425731122493744
1985,Ricardo  Rosset ,0.12427756190299988
1986,Ricardo  Rosset ,0.12430107593536377
1987,Ricardo  Rosset ,0.12432746589183807
1988,Ricardo  Rosset ,0.12435458600521088
1989,Ricardo  Rosset ,0.12437698245048523
1990,Ricardo  Rosset ,0.1243821233510971
1991,Ricardo  Rosset ,0.12434367835521698
1992,Ricardo  Rosset ,0.12421125173568726
1993,Ricardo  Rosset ,0.1239023208618164
1994,Ricardo  Rosset ,0.12332436442375183
1995,Ricardo  Rosset ,0.12252937257289886
1996,Ricardo  Rosset ,0.12218233942985535
1997,Ricardo  Rosset ,0.12613743543624878
1998,Ricardo  Rosset ,0.137035071849823
1999,Ricardo  Rosset ,0.12428343296051025
2000,Ricardo  Rosset ,0.1225108802318573
2001,Ricardo  Rosset ,0.12384776771068573
2002,Ricardo  Rosset ,0.1249152272939682
2003,Ricardo  Rosset ,0.12539057433605194
2004,Ricardo  Rosset ,0.12550203502178192
2005,Ricardo  Rosset ,0.12547734379768372
2006,Ricardo  Rosset ,0.12544605135917664
2007,Ricardo  Rosset ,0.12546564638614655
2008,Ricardo  Rosset ,0.12555667757987976
2009,Ricardo  Rosset ,0.12572510540485382
2010,Ricardo  Rosset ,0.12597310543060303
2011,Ricardo  Rosset ,0.1263032853603363
2012,Ricardo  Rosset ,0.12671875953674316
2013,Ricardo  Rosset ,0.12722086906433105
2014,Ricardo  Rosset ,0.12780359387397766
2015,Ricardo  Rosset ,0.1284436285495758
2016,Ricardo  Rosset ,0.12908430397510529
2017,Ricardo  Rosset ,0.1296115517616272
2018,Ricardo  Rosset ,0.1298229992389679
2019,Ricardo  Rosset ,0.1293971985578537
2020,Ricardo  Rosset ,0.12787017226219177
2021,Ricardo  Rosset ,0.12457995116710663
2022,Ricardo  Rosset ,0.11832535266876221
2023,Ricardo  Rosset ,0.10611219704151154
2024,Ricardo  Rosset ,0.0814698338508606
2025,Ricardo  Rosset ,0.039903052151203156
2026,Ricardo  Rosset ,-0.06969387829303741
2027,Ricardo  Rosset ,-0.07349970936775208
2028,Ricardo  Rosset ,-0.07349970936775208
2029,Ricardo  Rosset ,-0.07349970936775208
2030,Ricardo  Rosset ,-0.07349970936775208
1958,Ricardo  Zonta ,0.11337585747241974
1959,Ricardo  Zonta ,0.1113276481628418
1960,Ricardo  Zonta ,0.11172261834144592
1961,Ricardo  Zonta ,0.11313852667808533
1962,Ricardo  Zonta ,0.11504721641540527
1963,Ricardo  Zonta ,0.11702707409858704
1964,Ricardo  Zonta ,0.11880828440189362
1965,Ricardo  Zonta ,0.12027385830879211
1966,Ricardo  Zonta ,0.12140955030918121
1967,Ricardo  Zonta ,0.12225322425365448
1968,Ricardo  Zonta ,0.12286090850830078
1969,Ricardo  Zonta ,0.12328854203224182
1970,Ricardo  Zonta ,0.12358400225639343
1971,Ricardo  Zonta ,0.12378533184528351
1972,Ricardo  Zonta ,0.12392111122608185
1973,Ricardo  Zonta ,0.1240120679140091
1974,Ricardo  Zonta ,0.12407290935516357
1975,Ricardo  Zonta ,0.12411382794380188
1976,Ricardo  Zonta ,0.12414185702800751
1977,Ricardo  Zonta ,0.12416169047355652
1978,Ricardo  Zonta ,0.12417662143707275
1979,Ricardo  Zonta ,0.12418881058692932
1980,Ricardo  Zonta ,0.12419988214969635
1981,Ricardo  Zonta ,0.12421092391014099
1982,Ricardo  Zonta ,0.12422288954257965
1983,Ricardo  Zonta ,0.12423661351203918
1984,Ricardo  Zonta ,0.1242527961730957
1985,Ricardo  Zonta ,0.12427219748497009
1986,Ricardo  Zonta ,0.12429559230804443
1987,Ricardo  Zonta ,0.12432360649108887
1988,Ricardo  Zonta ,0.12435667216777802
1989,Ricardo  Zonta ,0.12439468502998352
1990,Ricardo  Zonta ,0.12443581223487854
1991,Ricardo  Zonta ,0.12447476387023926
1992,Ricardo  Zonta ,0.12449835240840912
1993,Ricardo  Zonta ,0.12447747588157654
1994,Ricardo  Zonta ,0.12435398995876312
1995,Ricardo  Zonta ,0.12402954697608948
1996,Ricardo  Zonta ,0.12339293956756592
1997,Ricardo  Zonta ,0.12252175807952881
1998,Ricardo  Zonta ,0.12240651249885559
1999,Ricardo  Zonta ,0.12756523489952087
2000,Ricardo  Zonta ,0.17480091750621796
2001,Ricardo  Zonta ,0.1250566840171814
2002,Ricardo  Zonta ,0.12017318606376648
2003,Ricardo  Zonta ,0.12362097203731537
2004,Ricardo  Zonta ,0.10349193215370178
2005,Ricardo  Zonta ,0.12364046275615692
2006,Ricardo  Zonta ,0.12422645092010498
2007,Ricardo  Zonta ,0.12591496109962463
2008,Ricardo  Zonta ,0.12670546770095825
2009,Ricardo  Zonta ,0.12695953249931335
2010,Ricardo  Zonta ,0.12701699137687683
2011,Ricardo  Zonta ,0.12709006667137146
2012,Ricardo  Zonta ,0.12727351486682892
2013,Ricardo  Zonta ,0.12759554386138916
2014,Ricardo  Zonta ,0.12804904580116272
2015,Ricardo  Zonta ,0.1286005675792694
2016,Ricardo  Zonta ,0.1291826367378235
2017,Ricardo  Zonta ,0.12967199087142944
2018,Ricardo  Zonta ,0.12985941767692566
2019,Ricardo  Zonta ,0.12941874563694
2020,Ricardo  Zonta ,0.12788259983062744
2021,Ricardo  Zonta ,0.12458693981170654
2022,Ricardo  Zonta ,0.11832916736602783
2023,Ricardo  Zonta ,0.1061142086982727
2024,Ricardo  Zonta ,0.08147083222866058
2025,Ricardo  Zonta ,0.039903052151203156
2026,Ricardo  Zonta ,-0.06969387829303741
2027,Ricardo  Zonta ,-0.07349970936775208
2028,Ricardo  Zonta ,-0.07349970936775208
2029,Ricardo  Zonta ,-0.07349970936775208
2030,Ricardo  Zonta ,-0.07349970936775208
1958,Ricardo Rodriguez,0.1118994951248169
1959,Ricardo Rodriguez,0.10899065434932709
1960,Ricardo Rodriguez,0.1094042956829071
1961,Ricardo Rodriguez,0.11655035614967346
1962,Ricardo Rodriguez,0.19419382512569427
1963,Ricardo Rodriguez,0.12032665312290192
1964,Ricardo Rodriguez,0.11591696739196777
1965,Ricardo Rodriguez,0.11819900572299957
1966,Ricardo Rodriguez,0.12092041969299316
1967,Ricardo Rodriguez,0.12265843152999878
1968,Ricardo Rodriguez,0.12356281280517578
1969,Ricardo Rodriguez,0.12397557497024536
1970,Ricardo Rodriguez,0.12414184212684631
1971,Ricardo Rodriguez,0.12419727444648743
1972,Ricardo Rodriguez,0.12420794367790222
1973,Ricardo Rodriguez,0.1242031455039978
1974,Ricardo Rodriguez,0.12419489026069641
1975,Ricardo Rodriguez,0.12418743968009949
1976,Ricardo Rodriguez,0.12418195605278015
1977,Ricardo Rodriguez,0.12417840957641602
1978,Ricardo Rodriguez,0.12417644262313843
1979,Ricardo Rodriguez,0.12417566776275635
1980,Ricardo Rodriguez,0.12417574226856232
1981,Ricardo Rodriguez,0.12417641282081604
1982,Ricardo Rodriguez,0.12417757511138916
1983,Ricardo Rodriguez,0.12417915463447571
1984,Ricardo Rodriguez,0.12418113648891449
1985,Ricardo Rodriguez,0.12418356537818909
1986,Ricardo Rodriguez,0.12418647110462189
1987,Ricardo Rodriguez,0.12419001758098602
1988,Ricardo Rodriguez,0.12419423460960388
1989,Ricardo Rodriguez,0.12419934570789337
1990,Ricardo Rodriguez,0.12420552968978882
1991,Ricardo Rodriguez,0.12421301007270813
1992,Ricardo Rodriguez,0.1242220550775528
1993,Ricardo Rodriguez,0.12423300743103027
1994,Ricardo Rodriguez,0.1242462694644928
1995,Ricardo Rodriguez,0.12426236271858215
1996,Ricardo Rodriguez,0.1242818683385849
1997,Ricardo Rodriguez,0.12430548667907715
1998,Ricardo Rodriguez,0.12433421611785889
1999,Ricardo Rodriguez,0.12436904013156891
2000,Ricardo Rodriguez,0.12441137433052063
2001,Ricardo Rodriguez,0.12446281313896179
2002,Ricardo Rodriguez,0.12452535331249237
2003,Ricardo Rodriguez,0.12460151314735413
2004,Ricardo Rodriguez,0.12469428777694702
2005,Ricardo Rodriguez,0.12480737268924713
2006,Ricardo Rodriguez,0.12494531273841858
2007,Ricardo Rodriguez,0.1251136213541031
2008,Ricardo Rodriguez,0.12531894445419312
2009,Ricardo Rodriguez,0.12556909024715424
2010,Ricardo Rodriguez,0.12587301433086395
2011,Ricardo Rodriguez,0.1262402981519699
2012,Ricardo Rodriguez,0.12667980790138245
2013,Ricardo Rodriguez,0.12719720602035522
2014,Ricardo Rodriguez,0.1277894377708435
2015,Ricardo Rodriguez,0.12843531370162964
2016,Ricardo Rodriguez,0.12907953560352325
2017,Ricardo Rodriguez,0.1296088695526123
2018,Ricardo Rodriguez,0.1298215091228485
2019,Ricardo Rodriguez,0.12939642369747162
2020,Ricardo Rodriguez,0.12786978483200073
2021,Ricardo Rodriguez,0.12457975745201111
2022,Ricardo Rodriguez,0.11832526326179504
2023,Ricardo Rodriguez,0.10611216723918915
2024,Ricardo Rodriguez,0.08146986365318298
2025,Ricardo Rodriguez,0.039903052151203156
2026,Ricardo Rodriguez,-0.06969387829303741
2027,Ricardo Rodriguez,-0.07349970936775208
2028,Ricardo Rodriguez,-0.07349970936775208
2029,Ricardo Rodriguez,-0.07349970936775208
2030,Ricardo Rodriguez,-0.07349970936775208
1958,Riccardo  Patrese ,0.11342385411262512
1959,Riccardo  Patrese ,0.11145675182342529
1960,Riccardo  Patrese ,0.11191484332084656
1961,Riccardo  Patrese ,0.11339613795280457
1962,Riccardo  Patrese ,0.11538025736808777
1963,Riccardo  Patrese ,0.1174498200416565
1964,Riccardo  Patrese ,0.11933830380439758
1965,Riccardo  Patrese ,0.12093153595924377
1966,Riccardo  Patrese ,0.12221722304821014
1967,Riccardo  Patrese ,0.12323270738124847
1968,Riccardo  Patrese ,0.12402796745300293
1969,Riccardo  Patrese ,0.12464052438735962
1970,Riccardo  Patrese ,0.12507563829421997
1971,Riccardo  Patrese ,0.12528474628925323
1972,Riccardo  Patrese ,0.12514571845531464
1973,Riccardo  Patrese ,0.12448228895664215
1974,Riccardo  Patrese ,0.12326206266880035
1975,Riccardo  Patrese ,0.12224650382995605
1976,Riccardo  Patrese ,0.12643414735794067
1977,Riccardo  Patrese ,0.12509441375732422
1978,Riccardo  Patrese ,0.19692611694335938
1979,Riccardo  Patrese ,0.12409800291061401
1980,Riccardo  Patrese ,0.21718990802764893
1981,Riccardo  Patrese ,0.20452341437339783
1982,Riccardo  Patrese ,0.23643800616264343
1983,Riccardo  Patrese ,0.24909591674804688
1984,Riccardo  Patrese ,0.1853313148021698
1985,Riccardo  Patrese ,0.12741515040397644
1986,Riccardo  Patrese ,0.13803988695144653
1987,Riccardo  Patrese ,0.20863822102546692
1988,Riccardo  Patrese ,0.2018280327320099
1989,Riccardo  Patrese ,0.3217901587486267
1990,Riccardo  Patrese ,0.2767186164855957
1991,Riccardo  Patrese ,0.3460647761821747
1992,Riccardo  Patrese ,0.37165597081184387
1993,Riccardo  Patrese ,0.2958228290081024
1994,Riccardo  Patrese ,0.12314741313457489
1995,Riccardo  Patrese ,0.12106797099113464
1996,Riccardo  Patrese ,0.12586331367492676
1997,Riccardo  Patrese ,0.12909957766532898
1998,Riccardo  Patrese ,0.12979570031166077
1999,Riccardo  Patrese ,0.12917175889015198
2000,Riccardo  Patrese ,0.128146231174469
2001,Riccardo  Patrese ,0.12717309594154358
2002,Riccardo  Patrese ,0.12640991806983948
2003,Riccardo  Patrese ,0.12587541341781616
2004,Riccardo  Patrese ,0.12553827464580536
2005,Riccardo  Patrese ,0.12535807490348816
2006,Riccardo  Patrese ,0.12530021369457245
2007,Riccardo  Patrese ,0.12533992528915405
2008,Riccardo  Patrese ,0.1254619061946869
2009,Riccardo  Patrese ,0.12565869092941284
2010,Riccardo  Patrese ,0.12592872977256775
2011,Riccardo  Patrese ,0.1262747198343277
2012,Riccardo  Patrese ,0.1267009973526001
2013,Riccardo  Patrese ,0.12721017003059387
2014,Riccardo  Patrese ,0.12779735028743744
2015,Riccardo  Patrese ,0.12844012677669525
2016,Riccardo  Patrese ,0.12908245623111725
2017,Riccardo  Patrese ,0.12961065769195557
2018,Riccardo  Patrese ,0.12982261180877686
2019,Riccardo  Patrese ,0.12939709424972534
2020,Riccardo  Patrese ,0.12787020206451416
2021,Riccardo  Patrese ,0.1245800256729126
2022,Riccardo  Patrese ,0.11832541227340698
2023,Riccardo  Patrese ,0.1061122864484787
2024,Riccardo  Patrese ,0.08146990835666656
2025,Riccardo  Patrese ,0.039903052151203156
2026,Riccardo  Patrese ,-0.06969387829303741
2027,Riccardo  Patrese ,-0.07349970936775208
2028,Riccardo  Patrese ,-0.07349970936775208
2029,Riccardo  Patrese ,-0.07349970936775208
2030,Riccardo  Patrese ,-0.07349970936775208
1958,Richard  Attwood ,0.11346998810768127
1959,Richard  Attwood ,0.11145123839378357
1960,Richard  Attwood ,0.11158217489719391
1961,Richard  Attwood ,0.11237013339996338
1962,Richard  Attwood ,0.11334100365638733
1963,Richard  Attwood ,0.11495763063430786
1964,Richard  Attwood ,0.12129777669906616
1965,Richard  Attwood ,0.1631816178560257
1966,Richard  Attwood ,0.12117421627044678
1967,Richard  Attwood ,0.12456920742988586
1968,Richard  Attwood ,0.19155021011829376
1969,Richard  Attwood ,0.11983543634414673
1970,Richard  Attwood ,0.12668642401695251
1971,Richard  Attwood ,0.125340074300766
1972,Richard  Attwood ,0.12625226378440857
1973,Richard  Attwood ,0.1265384554862976
1974,Richard  Attwood ,0.12631304562091827
1975,Richard  Attwood ,0.12587356567382812
1976,Richard  Attwood ,0.12542274594306946
1977,Richard  Attwood ,0.12504631280899048
1978,Richard  Attwood ,0.1247626394033432
1979,Richard  Attwood ,0.12456144392490387
1980,Richard  Attwood ,0.12442439794540405
1981,Richard  Attwood ,0.12433384358882904
1982,Richard  Attwood ,0.12427565455436707
1983,Richard  Attwood ,0.12423928081989288
1984,Richard  Attwood ,0.12421739101409912
1985,Richard  Attwood ,0.12420506775379181
1986,Richard  Attwood ,0.1241990178823471
1987,Richard  Attwood ,0.12419718503952026
1988,Richard  Attwood ,0.12419825792312622
1989,Richard  Attwood ,0.12420152127742767
1990,Richard  Attwood ,0.12420667707920074
1991,Richard  Attwood ,0.1242135763168335
1992,Richard  Attwood ,0.12422230839729309
1993,Richard  Attwood ,0.12423312664031982
1994,Richard  Attwood ,0.12424629926681519
1995,Richard  Attwood ,0.12426234781742096
1996,Richard  Attwood ,0.1242818534374237
1997,Richard  Attwood ,0.12430548667907715
1998,Richard  Attwood ,0.12433421611785889
1999,Richard  Attwood ,0.12436904013156891
2000,Richard  Attwood ,0.12441135942935944
2001,Richard  Attwood ,0.12446282804012299
2002,Richard  Attwood ,0.12452533841133118
2003,Richard  Attwood ,0.12460151314735413
2004,Richard  Attwood ,0.12469428777694702
2005,Richard  Attwood ,0.12480735778808594
2006,Richard  Attwood ,0.12494528293609619
2007,Richard  Attwood ,0.1251136064529419
2008,Richard  Attwood ,0.12531894445419312
2009,Richard  Attwood ,0.12556907534599304
2010,Richard  Attwood ,0.12587301433086395
2011,Richard  Attwood ,0.12624028325080872
2012,Richard  Attwood ,0.12667980790138245
2013,Richard  Attwood ,0.12719720602035522
2014,Richard  Attwood ,0.1277894377708435
2015,Richard  Attwood ,0.12843531370162964
2016,Richard  Attwood ,0.12907952070236206
2017,Richard  Attwood ,0.1296088695526123
2018,Richard  Attwood ,0.1298215091228485
2019,Richard  Attwood ,0.12939642369747162
2020,Richard  Attwood ,0.12786978483200073
2021,Richard  Attwood ,0.12457975745201111
2022,Richard  Attwood ,0.11832526326179504
2023,Richard  Attwood ,0.10611218214035034
2024,Richard  Attwood ,0.08146984875202179
2025,Richard  Attwood ,0.039903052151203156
2026,Richard  Attwood ,-0.06969387829303741
2027,Richard  Attwood ,-0.07349970936775208
2028,Richard  Attwood ,-0.07349970936775208
2029,Richard  Attwood ,-0.07349970936775208
2030,Richard  Attwood ,-0.07349970936775208
1958,Richie  Ginther ,0.10649515688419342
1959,Richie  Ginther ,0.10994485020637512
1960,Richie  Ginther ,0.2261846661567688
1961,Richie  Ginther ,0.27220770716667175
1962,Richie  Ginther ,0.237303227186203
1963,Richie  Ginther ,0.3115827739238739
1964,Richie  Ginther ,0.294247567653656
1965,Richie  Ginther ,0.23995324969291687
1966,Richie  Ginther ,0.19668027758598328
1967,Richie  Ginther ,0.12127521634101868
1968,Richie  Ginther ,0.12189817428588867
1969,Richie  Ginther ,0.1262669712305069
1970,Richie  Ginther ,0.12857864797115326
1971,Richie  Ginther ,0.12886366248130798
1972,Richie  Ginther ,0.12817850708961487
1973,Richie  Ginther ,0.12723878026008606
1974,Richie  Ginther ,0.12637600302696228
1975,Richie  Ginther ,0.1256943792104721
1976,Richie  Ginther ,0.12519580125808716
1977,Richie  Ginther ,0.12484744191169739
1978,Richie  Ginther ,0.12461124360561371
1979,Richie  Ginther ,0.12445464730262756
1980,Richie  Ginther ,0.12435275316238403
1981,Richie  Ginther ,0.12428757548332214
1982,Richie  Ginther ,0.12424679100513458
1983,Richie  Ginther ,0.12422186136245728
1984,Richie  Ginther ,0.1242072731256485
1985,Richie  Ginther ,0.12419945001602173
1986,Richie  Ginther ,0.12419608235359192
1987,Richie  Ginther ,0.12419578433036804
1988,Richie  Ginther ,0.12419769167900085
1989,Richie  Ginther ,0.12420140206813812
1990,Richie  Ginther ,0.12420675158500671
1991,Richie  Ginther ,0.12421375513076782
1992,Richie  Ginther ,0.12422248721122742
1993,Richie  Ginther ,0.12423327565193176
1994,Richie  Ginther ,0.12424641847610474
1995,Richie  Ginther ,0.12426245212554932
1996,Richie  Ginther ,0.12428194284439087
1997,Richie  Ginther ,0.12430554628372192
1998,Richie  Ginther ,0.12433424592018127
1999,Richie  Ginther ,0.1243690699338913
2000,Richie  Ginther ,0.12441135942935944
2001,Richie  Ginther ,0.12446281313896179
2002,Richie  Ginther ,0.12452535331249237
2003,Richie  Ginther ,0.12460152804851532
2004,Richie  Ginther ,0.12469427287578583
2005,Richie  Ginther ,0.12480737268924713
2006,Richie  Ginther ,0.12494531273841858
2007,Richie  Ginther ,0.1251136064529419
2008,Richie  Ginther ,0.12531894445419312
2009,Richie  Ginther ,0.12556907534599304
2010,Richie  Ginther ,0.12587301433086395
2011,Richie  Ginther ,0.1262403130531311
2012,Richie  Ginther ,0.12667980790138245
2013,Richie  Ginther ,0.12719720602035522
2014,Richie  Ginther ,0.1277894377708435
2015,Richie  Ginther ,0.12843529880046844
2016,Richie  Ginther ,0.12907952070236206
2017,Richie  Ginther ,0.1296088695526123
2018,Richie  Ginther ,0.1298215091228485
2019,Richie  Ginther ,0.12939642369747162
2020,Richie  Ginther ,0.12786978483200073
2021,Richie  Ginther ,0.12457975745201111
2022,Richie  Ginther ,0.11832524836063385
2023,Richie  Ginther ,0.10611218214035034
2024,Richie  Ginther ,0.08146984875202179
2025,Richie  Ginther ,0.039903052151203156
2026,Richie  Ginther ,-0.06969387829303741
2027,Richie  Ginther ,-0.07349970936775208
2028,Richie  Ginther ,-0.07349970936775208
2029,Richie  Ginther ,-0.07349970936775208
2030,Richie  Ginther ,-0.07349970936775208
1958,Rio  Haryanto ,0.113375723361969
1959,Rio  Haryanto ,0.11132732033729553
1960,Rio  Haryanto ,0.11172214150428772
1961,Rio  Haryanto ,0.11313788592815399
1962,Rio  Haryanto ,0.11504638195037842
1963,Rio  Haryanto ,0.11702604591846466
1964,Rio  Haryanto ,0.11880695819854736
1965,Rio  Haryanto ,0.12027221918106079
1966,Rio  Haryanto ,0.12140756845474243
1967,Rio  Haryanto ,0.12225082516670227
1968,Rio  Haryanto ,0.12285798788070679
1969,Rio  Haryanto ,0.1232849657535553
1970,Rio  Haryanto ,0.12357962131500244
1971,Rio  Haryanto ,0.12378004193305969
1972,Rio  Haryanto ,0.1239146739244461
1973,Rio  Haryanto ,0.12400424480438232
1974,Rio  Haryanto ,0.12406343221664429
1975,Rio  Haryanto ,0.12410224974155426
1976,Rio  Haryanto ,0.12412777543067932
1977,Rio  Haryanto ,0.1241445541381836
1978,Rio  Haryanto ,0.12415574491024017
1979,Rio  Haryanto ,0.12416332960128784
1980,Rio  Haryanto ,0.12416872382164001
1981,Rio  Haryanto ,0.12417277693748474
1982,Rio  Haryanto ,0.12417611479759216
1983,Rio  Haryanto ,0.12417915463447571
1984,Rio  Haryanto ,0.12418217957019806
1985,Rio  Haryanto ,0.1241854727268219
1986,Rio  Haryanto ,0.12418913841247559
1987,Rio  Haryanto ,0.12419344484806061
1988,Rio  Haryanto ,0.1241985410451889
1989,Rio  Haryanto ,0.12420466542243958
1990,Rio  Haryanto ,0.12421202659606934
1991,Rio  Haryanto ,0.12422093749046326
1992,Rio  Haryanto ,0.12423171103000641
1993,Rio  Haryanto ,0.12424483895301819
1994,Rio  Haryanto ,0.12426073849201202
1995,Rio  Haryanto ,0.12428011000156403
1996,Rio  Haryanto ,0.1243036687374115
1997,Rio  Haryanto ,0.12433242797851562
1998,Rio  Haryanto ,0.12436753511428833
1999,Rio  Haryanto ,0.12441036105155945
2000,Rio  Haryanto ,0.12446276843547821
2001,Rio  Haryanto ,0.12452679872512817
2002,Rio  Haryanto ,0.12460505962371826
2003,Rio  Haryanto ,0.12470047175884247
2004,Rio  Haryanto ,0.12481628358364105
2005,Rio  Haryanto ,0.12495574355125427
2006,Rio  Haryanto ,0.1251213550567627
2007,Rio  Haryanto ,0.12531347572803497
2008,Rio  Haryanto ,0.1255275309085846
2009,Rio  Haryanto ,0.12574966251850128
2010,Rio  Haryanto ,0.1259511411190033
2011,Rio  Haryanto ,0.12608569860458374
2012,Rio  Haryanto ,0.1261027753353119
2013,Rio  Haryanto ,0.12601499259471893
2014,Rio  Haryanto ,0.12591910362243652
2015,Rio  Haryanto ,0.12702873349189758
2016,Rio  Haryanto ,0.08494183421134949
2017,Rio  Haryanto ,0.12675079703330994
2018,Rio  Haryanto ,0.12896126508712769
2019,Rio  Haryanto ,0.13021531701087952
2020,Rio  Haryanto ,0.12914243340492249
2021,Rio  Haryanto ,0.12578341364860535
2022,Rio  Haryanto ,0.11928412318229675
2023,Rio  Haryanto ,0.10681429505348206
2024,Rio  Haryanto ,0.08195075392723083
2025,Rio  Haryanto ,0.039903052151203156
2026,Rio  Haryanto ,-0.06969387829303741
2027,Rio  Haryanto ,-0.07349970936775208
2028,Rio  Haryanto ,-0.07349970936775208
2029,Rio  Haryanto ,-0.07349970936775208
2030,Rio  Haryanto ,-0.07349970936775208
1958,Robert  Doornbos ,0.11337578296661377
1959,Robert  Doornbos ,0.11132748425006866
1960,Robert  Doornbos ,0.11172237992286682
1961,Robert  Doornbos ,0.11313822865486145
1962,Robert  Doornbos ,0.11504682898521423
1963,Robert  Doornbos ,0.11702658236026764
1964,Robert  Doornbos ,0.11880764365196228
1965,Robert  Doornbos ,0.12027306854724884
1966,Robert  Doornbos ,0.121408611536026
1967,Robert  Doornbos ,0.12225207686424255
1968,Robert  Doornbos ,0.12285952270030975
1969,Robert  Doornbos ,0.12328681349754333
1970,Robert  Doornbos ,0.1235819011926651
1971,Robert  Doornbos ,0.12378276884555817
1972,Robert  Doornbos ,0.12391801178455353
1973,Robert  Doornbos ,0.12400829792022705
1974,Robert  Doornbos ,0.12406831979751587
1975,Robert  Doornbos ,0.124108225107193
1976,Robert  Doornbos ,0.12413498759269714
1977,Robert  Doornbos ,0.12415331602096558
1978,Robert  Doornbos ,0.12416636943817139
1979,Robert  Doornbos ,0.1241762638092041
1980,Robert  Doornbos ,0.12418439984321594
1981,Robert  Doornbos ,0.12419186532497406
1982,Robert  Doornbos ,0.12419942021369934
1983,Robert  Doornbos ,0.12420760095119476
1984,Robert  Doornbos ,0.12421700358390808
1985,Robert  Doornbos ,0.12422811985015869
1986,Robert  Doornbos ,0.12424159049987793
1987,Robert  Doornbos ,0.12425802648067474
1988,Robert  Doornbos ,0.12427830696105957
1989,Robert  Doornbos ,0.12430332601070404
1990,Robert  Doornbos ,0.12433427572250366
1991,Robert  Doornbos ,0.12437239289283752
1992,Robert  Doornbos ,0.12441900372505188
1993,Robert  Doornbos ,0.12447512149810791
1994,Robert  Doornbos ,0.12454086542129517
1995,Robert  Doornbos ,0.12461405992507935
1996,Robert  Doornbos ,0.12468793988227844
1997,Robert  Doornbos ,0.12474629282951355
1998,Robert  Doornbos ,0.12475608289241791
1999,Robert  Doornbos ,0.12465736269950867
2000,Robert  Doornbos ,0.12435558438301086
2001,Robert  Doornbos ,0.12373602390289307
2002,Robert  Doornbos ,0.12276497483253479
2003,Robert  Doornbos ,0.12156550586223602
2004,Robert  Doornbos ,0.12266948819160461
2005,Robert  Doornbos ,0.07081287354230881
2006,Robert  Doornbos ,0.0863797664642334
2007,Robert  Doornbos ,0.12262557446956635
2008,Robert  Doornbos ,0.12499465048313141
2009,Robert  Doornbos ,0.12726759910583496
2010,Robert  Doornbos ,0.12806721031665802
2011,Robert  Doornbos ,0.12821877002716064
2012,Robert  Doornbos ,0.12821117043495178
2013,Robert  Doornbos ,0.12828773260116577
2014,Robert  Doornbos ,0.12852682173252106
2015,Robert  Doornbos ,0.1289164125919342
2016,Robert  Doornbos ,0.1293848752975464
2017,Robert  Doornbos ,0.12979814410209656
2018,Robert  Doornbos ,0.12993615865707397
2019,Robert  Doornbos ,0.12946419417858124
2020,Robert  Doornbos ,0.12790876626968384
2021,Robert  Doornbos ,0.12460143864154816
2022,Robert  Doornbos ,0.11833678185939789
2023,Robert  Doornbos ,0.10611788928508759
2024,Robert  Doornbos ,0.08147233724594116
2025,Robert  Doornbos ,0.039903052151203156
2026,Robert  Doornbos ,-0.06969387829303741
2027,Robert  Doornbos ,-0.07349970936775208
2028,Robert  Doornbos ,-0.07349970936775208
2029,Robert  Doornbos ,-0.07349970936775208
2030,Robert  Doornbos ,-0.07349970936775208
1958,Robert  Kubica ,0.11337587237358093
1959,Robert  Kubica ,0.11132766306400299
1960,Robert  Kubica ,0.11172261834144592
1961,Robert  Kubica ,0.11313854157924652
1962,Robert  Kubica ,0.11504724621772766
1963,Robert  Kubica ,0.11702708899974823
1964,Robert  Kubica ,0.11880829930305481
1965,Robert  Kubica ,0.12027387320995331
1966,Robert  Kubica ,0.12140956521034241
1967,Robert  Kubica ,0.12225326895713806
1968,Robert  Kubica ,0.12286099791526794
1969,Robert  Kubica ,0.12328857183456421
1970,Robert  Kubica ,0.12358404695987701
1971,Robert  Kubica ,0.12378540635108948
1972,Robert  Kubica ,0.12392118573188782
1973,Robert  Kubica ,0.12401212751865387
1974,Robert  Kubica ,0.12407296895980835
1975,Robert  Kubica ,0.12411388754844666
1976,Robert  Kubica ,0.12414184212684631
1977,Robert  Kubica ,0.12416157126426697
1978,Robert  Kubica ,0.12417638301849365
1979,Robert  Kubica ,0.1241883933544159
1980,Robert  Kubica ,0.12419910728931427
1981,Robert  Kubica ,0.12420967221260071
1982,Robert  Kubica ,0.12422093749046326
1983,Robert  Kubica ,0.1242336630821228
1984,Robert  Kubica ,0.12424854934215546
1985,Robert  Kubica ,0.12426628172397614
1986,Robert  Kubica ,0.1242876797914505
1987,Robert  Kubica ,0.12431369721889496
1988,Robert  Kubica ,0.12434546649456024
1989,Robert  Kubica ,0.12438422441482544
1990,Robert  Kubica ,0.1244315505027771
1991,Robert  Kubica ,0.12448914349079132
1992,Robert  Kubica ,0.12455885112285614
1993,Robert  Kubica ,0.12464255094528198
1994,Robert  Kubica ,0.12474168837070465
1995,Robert  Kubica ,0.12485669553279877
1996,Robert  Kubica ,0.12498551607131958
1997,Robert  Kubica ,0.12512019276618958
1998,Robert  Kubica ,0.1252398043870926
1999,Robert  Kubica ,0.12529519200325012
2000,Robert  Kubica ,0.12518073618412018
2001,Robert  Kubica ,0.1246945708990097
2002,Robert  Kubica ,0.12352745234966278
2003,Robert  Kubica ,0.12146015465259552
2004,Robert  Kubica ,0.11928047239780426
2005,Robert  Kubica ,0.12268751859664917
2006,Robert  Kubica ,0.15970459580421448
2007,Robert  Kubica ,0.2898707687854767
2008,Robert  Kubica ,0.3400026857852936
2009,Robert  Kubica ,0.19979265332221985
2010,Robert  Kubica ,0.31082817912101746
2011,Robert  Kubica ,0.13388043642044067
2012,Robert  Kubica ,0.12648873031139374
2013,Robert  Kubica ,0.12882374227046967
2014,Robert  Kubica ,0.13135886192321777
2015,Robert  Kubica ,0.13201333582401276
2016,Robert  Kubica ,0.13142047822475433
2017,Robert  Kubica ,0.13077445328235626
2018,Robert  Kubica ,0.13324162364006042
2019,Robert  Kubica ,0.12842348217964172
2020,Robert  Kubica ,0.13166716694831848
2021,Robert  Kubica ,0.12405118346214294
2022,Robert  Kubica ,0.12117865681648254
2023,Robert  Kubica ,0.10777954757213593
2024,Robert  Kubica ,0.08406218886375427
2025,Robert  Kubica ,0.039903052151203156
2026,Robert  Kubica ,-0.06969387829303741
2027,Robert  Kubica ,-0.07349970936775208
2028,Robert  Kubica ,-0.07349970936775208
2029,Robert  Kubica ,-0.07349970936775208
2030,Robert  Kubica ,-0.07349970936775208
1958,Roberto  Merhi ,0.113375723361969
1959,Roberto  Merhi ,0.11132732033729553
1960,Roberto  Merhi ,0.11172214150428772
1961,Roberto  Merhi ,0.11313788592815399
1962,Roberto  Merhi ,0.11504639685153961
1963,Roberto  Merhi ,0.11702604591846466
1964,Roberto  Merhi ,0.11880698800086975
1965,Roberto  Merhi ,0.12027224898338318
1966,Roberto  Merhi ,0.12140756845474243
1967,Roberto  Merhi ,0.12225084006786346
1968,Roberto  Merhi ,0.12285801768302917
1969,Roberto  Merhi ,0.12328498065471649
1970,Roberto  Merhi ,0.12357965111732483
1971,Roberto  Merhi ,0.12378007173538208
1972,Roberto  Merhi ,0.12391471862792969
1973,Roberto  Merhi ,0.1240043044090271
1974,Roberto  Merhi ,0.12406346201896667
1975,Roberto  Merhi ,0.12410235404968262
1976,Roberto  Merhi ,0.12412786483764648
1977,Roberto  Merhi ,0.12414467334747314
1978,Roberto  Merhi ,0.12415586411952972
1979,Roberto  Merhi ,0.12416350841522217
1980,Roberto  Merhi ,0.12416890263557434
1981,Roberto  Merhi ,0.12417300045490265
1982,Roberto  Merhi ,0.12417638301849365
1983,Roberto  Merhi ,0.12417949736118317
1984,Roberto  Merhi ,0.12418262660503387
1985,Roberto  Merhi ,0.12418597936630249
1986,Roberto  Merhi ,0.12418973445892334
1987,Roberto  Merhi ,0.1241941899061203
1988,Roberto  Merhi ,0.12419945001602173
1989,Roberto  Merhi ,0.12420578300952911
1990,Roberto  Merhi ,0.12421336770057678
1991,Roberto  Merhi ,0.12422260642051697
1992,Roberto  Merhi ,0.12423378229141235
1993,Roberto  Merhi ,0.12424735724925995
1994,Roberto  Merhi ,0.12426386773586273
1995,Roberto  Merhi ,0.12428396940231323
1996,Roberto  Merhi ,0.12430842220783234
1997,Roberto  Merhi ,0.1243383139371872
1998,Roberto  Merhi ,0.12437473237514496
1999,Roberto  Merhi ,0.1244191974401474
2000,Roberto  Merhi ,0.1244734525680542
2001,Roberto  Merhi ,0.12453962862491608
2002,Roberto  Merhi ,0.12462000548839569
2003,Roberto  Merhi ,0.12471714615821838
2004,Roberto  Merhi ,0.12483350932598114
2005,Roberto  Merhi ,0.12497060000896454
2006,Roberto  Merhi ,0.12512746453285217
2007,Roberto  Merhi ,0.12529754638671875
2008,Roberto  Merhi ,0.12546300888061523
2009,Roberto  Merhi ,0.12558701634407043
2010,Roberto  Merhi ,0.12560956180095673
2011,Roberto  Merhi ,0.125471830368042
2012,Roberto  Merhi ,0.12525182962417603
2013,Roberto  Merhi ,0.12552274763584137
2014,Roberto  Merhi ,0.12936730682849884
2015,Roberto  Merhi ,0.12460160255432129
2016,Roberto  Merhi ,0.129121795296669
2017,Roberto  Merhi ,0.12860938906669617
2018,Roberto  Merhi ,0.12992683053016663
2019,Roberto  Merhi ,0.1301828771829605
2020,Roberto  Merhi ,0.12884429097175598
2021,Roberto  Merhi ,0.1254667043685913
2022,Roberto  Merhi ,0.11903077363967896
2023,Roberto  Merhi ,0.10663408041000366
2024,Roberto  Merhi ,0.08183291554450989
2025,Roberto  Merhi ,0.039903052151203156
2026,Roberto  Merhi ,-0.06969387829303741
2027,Roberto  Merhi ,-0.07349970936775208
2028,Roberto  Merhi ,-0.07349970936775208
2029,Roberto  Merhi ,-0.07349970936775208
2030,Roberto  Merhi ,-0.07349970936775208
1958,Roberto  Moreno ,0.11337780952453613
1959,Roberto  Moreno ,0.11133325099945068
1960,Roberto  Moreno ,0.11173096299171448
1961,Roberto  Moreno ,0.11314968764781952
1962,Roberto  Moreno ,0.11506158113479614
1963,Roberto  Moreno ,0.11704523861408234
1964,Roberto  Moreno ,0.11883094906806946
1965,Roberto  Moreno ,0.1203019917011261
1966,Roberto  Moreno ,0.12144434452056885
1967,Roberto  Moreno ,0.12229615449905396
1968,Roberto  Moreno ,0.12291377782821655
1969,Roberto  Moreno ,0.12335363030433655
1970,Roberto  Moreno ,0.12366417050361633
1971,Roberto  Moreno ,0.12388420104980469
1972,Roberto  Moreno ,0.12404301762580872
1973,Roberto  Moreno ,0.12416227161884308
1974,Roberto  Moreno ,0.12425754964351654
1975,Roberto  Moreno ,0.12433969974517822
1976,Roberto  Moreno ,0.12441553175449371
1977,Roberto  Moreno ,0.1244879812002182
1978,Roberto  Moreno ,0.12455478310585022
1979,Roberto  Moreno ,0.12460532784461975
1980,Roberto  Moreno ,0.12461520731449127
1981,Roberto  Moreno ,0.12453743815422058
1982,Roberto  Moreno ,0.12429496645927429
1983,Roberto  Moreno ,0.12379048764705658
1984,Roberto  Moreno ,0.12299591302871704
1985,Roberto  Moreno ,0.12210139632225037
1986,Roberto  Moreno ,0.12365590035915375
1987,Roberto  Moreno ,0.094965860247612
1988,Roberto  Moreno ,0.11845850944519043
1989,Roberto  Moreno ,0.12405925989151001
1990,Roberto  Moreno ,0.22920730710029602
1991,Roberto  Moreno ,0.21581393480300903
1992,Roberto  Moreno ,0.12617865204811096
1993,Roberto  Moreno ,0.12074901163578033
1994,Roberto  Moreno ,0.12289321422576904
1995,Roberto  Moreno ,0.12507975101470947
1996,Roberto  Moreno ,0.1260099858045578
1997,Roberto  Moreno ,0.12610502541065216
1998,Roberto  Moreno ,0.12584534287452698
1999,Roberto  Moreno ,0.12551118433475494
2000,Roberto  Moreno ,0.12522362172603607
2001,Roberto  Moreno ,0.12501837313175201
2002,Roberto  Moreno ,0.12489525973796844
2003,Roberto  Moreno ,0.1248428225517273
2004,Roberto  Moreno ,0.12484917044639587
2005,Roberto  Moreno ,0.12490540742874146
2006,Roberto  Moreno ,0.1250065714120865
2007,Roberto  Moreno ,0.12515145540237427
2008,Roberto  Moreno ,0.12534207105636597
2009,Roberto  Moreno ,0.12558311223983765
2010,Roberto  Moreno ,0.1258814036846161
2011,Roberto  Moreno ,0.12624529004096985
2012,Roberto  Moreno ,0.12668274343013763
2013,Roberto  Moreno ,0.12719891965389252
2014,Roberto  Moreno ,0.1277904212474823
2015,Roberto  Moreno ,0.128435879945755
2016,Roberto  Moreno ,0.12907983362674713
2017,Roberto  Moreno ,0.12960904836654663
2018,Roberto  Moreno ,0.12982162833213806
2019,Roberto  Moreno ,0.1293964982032776
2020,Roberto  Moreno ,0.12786981463432312
2021,Roberto  Moreno ,0.1245797872543335
2022,Roberto  Moreno ,0.11832526326179504
2023,Roberto  Moreno ,0.10611218214035034
2024,Roberto  Moreno ,0.0814698338508606
2025,Roberto  Moreno ,0.039903052151203156
2026,Roberto  Moreno ,-0.06969387829303741
2027,Roberto  Moreno ,-0.07349970936775208
2028,Roberto  Moreno ,-0.07349970936775208
2029,Roberto  Moreno ,-0.07349970936775208
2030,Roberto  Moreno ,-0.07349970936775208
1958,Rodger  Ward ,0.11997050046920776
1959,Rodger  Ward ,0.13998828828334808
1960,Rodger  Ward ,0.12419727444648743
1961,Rodger  Ward ,0.11795096099376678
1962,Rodger  Ward ,0.11987750232219696
1963,Rodger  Ward ,0.13266834616661072
1964,Rodger  Ward ,0.1211429238319397
1965,Rodger  Ward ,0.12028196454048157
1966,Rodger  Ward ,0.12216430902481079
1967,Rodger  Ward ,0.1235789805650711
1968,Rodger  Ward ,0.1242656260728836
1969,Rodger  Ward ,0.1244896948337555
1970,Rodger  Ward ,0.12449914216995239
1971,Rodger  Ward ,0.12443482875823975
1972,Rodger  Ward ,0.12436018884181976
1973,Rodger  Ward ,0.12429767847061157
1974,Rodger  Ward ,0.1242518424987793
1975,Rodger  Ward ,0.12422071397304535
1976,Rodger  Ward ,0.12420067191123962
1977,Rodger  Ward ,0.12418848276138306
1978,Rodger  Ward ,0.12418150901794434
1979,Rodger  Ward ,0.12417793273925781
1980,Rodger  Ward ,0.1241765171289444
1981,Rodger  Ward ,0.12417644262313843
1982,Rodger  Ward ,0.12417730689048767
1983,Rodger  Ward ,0.12417876720428467
1984,Rodger  Ward ,0.12418076395988464
1985,Rodger  Ward ,0.12418325245380402
1986,Rodger  Ward ,0.12418623268604279
1987,Rodger  Ward ,0.12418980896472931
1988,Rodger  Ward ,0.12419411540031433
1989,Rodger  Ward ,0.12419925630092621
1990,Rodger  Ward ,0.12420547008514404
1991,Rodger  Ward ,0.12421296536922455
1992,Rodger  Ward ,0.12422201037406921
1993,Rodger  Ward ,0.12423299252986908
1994,Rodger  Ward ,0.12424623966217041
1995,Rodger  Ward ,0.12426233291625977
1996,Rodger  Ward ,0.1242818534374237
1997,Rodger  Ward ,0.12430550158023834
1998,Rodger  Ward ,0.12433421611785889
1999,Rodger  Ward ,0.1243690550327301
2000,Rodger  Ward ,0.12441137433052063
2001,Rodger  Ward ,0.12446281313896179
2002,Rodger  Ward ,0.12452535331249237
2003,Rodger  Ward ,0.12460151314735413
2004,Rodger  Ward ,0.12469428777694702
2005,Rodger  Ward ,0.12480737268924713
2006,Rodger  Ward ,0.12494529783725739
2007,Rodger  Ward ,0.1251136213541031
2008,Rodger  Ward ,0.12531894445419312
2009,Rodger  Ward ,0.12556907534599304
2010,Rodger  Ward ,0.12587301433086395
2011,Rodger  Ward ,0.12624028325080872
2012,Rodger  Ward ,0.12667980790138245
2013,Rodger  Ward ,0.12719719111919403
2014,Rodger  Ward ,0.1277894526720047
2015,Rodger  Ward ,0.12843531370162964
2016,Rodger  Ward ,0.12907953560352325
2017,Rodger  Ward ,0.1296088695526123
2018,Rodger  Ward ,0.1298215091228485
2019,Rodger  Ward ,0.12939642369747162
2020,Rodger  Ward ,0.12786976993083954
2021,Rodger  Ward ,0.12457975745201111
2022,Rodger  Ward ,0.11832524836063385
2023,Rodger  Ward ,0.10611218214035034
2024,Rodger  Ward ,0.08146984875202179
2025,Rodger  Ward ,0.039903052151203156
2026,Rodger  Ward ,-0.06969387829303741
2027,Rodger  Ward ,-0.07349970936775208
2028,Rodger  Ward ,-0.07349970936775208
2029,Rodger  Ward ,-0.07349970936775208
2030,Rodger  Ward ,-0.07349970936775208
1958,Rolf  Stommelen ,0.11347408592700958
1959,Rolf  Stommelen ,0.1115325391292572
1960,Rolf  Stommelen ,0.11200264096260071
1961,Rolf  Stommelen ,0.1134786605834961
1962,Rolf  Stommelen ,0.11542057991027832
1963,Rolf  Stommelen ,0.11736637353897095
1964,Rolf  Stommelen ,0.1189609169960022
1965,Rolf  Stommelen ,0.11993810534477234
1966,Rolf  Stommelen ,0.12010189890861511
1967,Rolf  Stommelen ,0.11954912543296814
1968,Rolf  Stommelen ,0.11969971656799316
1969,Rolf  Stommelen ,0.1262303739786148
1970,Rolf  Stommelen ,0.20922580361366272
1971,Rolf  Stommelen ,0.13771465420722961
1972,Rolf  Stommelen ,0.12059126794338226
1973,Rolf  Stommelen ,0.11877037584781647
1974,Rolf  Stommelen ,0.12126347422599792
1975,Rolf  Stommelen ,0.12669923901557922
1976,Rolf  Stommelen ,0.12959174811840057
1977,Rolf  Stommelen ,0.1256018728017807
1978,Rolf  Stommelen ,0.12389139831066132
1979,Rolf  Stommelen ,0.12481410801410675
1980,Rolf  Stommelen ,0.12539708614349365
1981,Rolf  Stommelen ,0.12548309564590454
1982,Rolf  Stommelen ,0.12529735267162323
1983,Rolf  Stommelen ,0.12503375113010406
1984,Rolf  Stommelen ,0.12478965520858765
1985,Rolf  Stommelen ,0.12459759414196014
1986,Rolf  Stommelen ,0.12445928156375885
1987,Rolf  Stommelen ,0.12436535954475403
1988,Rolf  Stommelen ,0.1243046224117279
1989,Rolf  Stommelen ,0.12426754832267761
1990,Rolf  Stommelen ,0.12424691021442413
1991,Rolf  Stommelen ,0.12423765659332275
1992,Rolf  Stommelen ,0.12423643469810486
1993,Rolf  Stommelen ,0.12424120306968689
1994,Rolf  Stommelen ,0.12425082921981812
1995,Rolf  Stommelen ,0.12426483631134033
1996,Rolf  Stommelen ,0.12428316473960876
1997,Rolf  Stommelen ,0.12430612742900848
1998,Rolf  Stommelen ,0.12433448433876038
1999,Rolf  Stommelen ,0.12436914443969727
2000,Rolf  Stommelen ,0.12441138923168182
2001,Rolf  Stommelen ,0.12446281313896179
2002,Rolf  Stommelen ,0.12452530860900879
2003,Rolf  Stommelen ,0.12460148334503174
2004,Rolf  Stommelen ,0.12469424307346344
2005,Rolf  Stommelen ,0.12480732798576355
2006,Rolf  Stommelen ,0.12494529783725739
2007,Rolf  Stommelen ,0.1251136064529419
2008,Rolf  Stommelen ,0.12531891465187073
2009,Rolf  Stommelen ,0.12556907534599304
2010,Rolf  Stommelen ,0.12587302923202515
2011,Rolf  Stommelen ,0.1262402981519699
2012,Rolf  Stommelen ,0.12667980790138245
2013,Rolf  Stommelen ,0.12719719111919403
2014,Rolf  Stommelen ,0.1277894377708435
2015,Rolf  Stommelen ,0.12843531370162964
2016,Rolf  Stommelen ,0.12907952070236206
2017,Rolf  Stommelen ,0.1296088695526123
2018,Rolf  Stommelen ,0.1298215091228485
2019,Rolf  Stommelen ,0.12939642369747162
2020,Rolf  Stommelen ,0.12786978483200073
2021,Rolf  Stommelen ,0.12457975745201111
2022,Rolf  Stommelen ,0.11832526326179504
2023,Rolf  Stommelen ,0.10611216723918915
2024,Rolf  Stommelen ,0.08146984875202179
2025,Rolf  Stommelen ,0.039903052151203156
2026,Rolf  Stommelen ,-0.06969387829303741
2027,Rolf  Stommelen ,-0.07349970936775208
2028,Rolf  Stommelen ,-0.07349970936775208
2029,Rolf  Stommelen ,-0.07349970936775208
2030,Rolf  Stommelen ,-0.07349970936775208
1958,Romain  Grosjean ,0.11337579786777496
1959,Romain  Grosjean ,0.11132751405239105
1960,Romain  Grosjean ,0.11172240972518921
1961,Romain  Grosjean ,0.11313825845718384
1962,Romain  Grosjean ,0.11504685878753662
1963,Romain  Grosjean ,0.11702662706375122
1964,Romain  Grosjean ,0.11880768835544586
1965,Romain  Grosjean ,0.120273157954216
1966,Romain  Grosjean ,0.12140867114067078
1967,Romain  Grosjean ,0.1222521960735321
1968,Romain  Grosjean ,0.1228596568107605
1969,Romain  Grosjean ,0.12328694760799408
1970,Romain  Grosjean ,0.12358208000659943
1971,Romain  Grosjean ,0.12378302216529846
1972,Romain  Grosjean ,0.12391826510429382
1973,Romain  Grosjean ,0.1240086555480957
1974,Romain  Grosjean ,0.1240687221288681
1975,Romain  Grosjean ,0.12410871684551239
1976,Romain  Grosjean ,0.1241355836391449
1977,Romain  Grosjean ,0.1241540014743805
1978,Romain  Grosjean ,0.12416714429855347
1979,Romain  Grosjean ,0.12417717278003693
1980,Romain  Grosjean ,0.1241854727268219
1981,Romain  Grosjean ,0.12419310212135315
1982,Romain  Grosjean ,0.12420076131820679
1983,Romain  Grosjean ,0.12420904636383057
1984,Romain  Grosjean ,0.12421849370002747
1985,Romain  Grosjean ,0.12422952055931091
1986,Romain  Grosjean ,0.12424270808696747
1987,Romain  Grosjean ,0.12425854802131653
1988,Romain  Grosjean ,0.12427780032157898
1989,Romain  Grosjean ,0.12430121004581451
1990,Romain  Grosjean ,0.12432980537414551
1991,Romain  Grosjean ,0.12436479330062866
1992,Romain  Grosjean ,0.12440758943557739
1993,Romain  Grosjean ,0.12446010112762451
1994,Romain  Grosjean ,0.12452442944049835
1995,Romain  Grosjean ,0.12460315227508545
1996,Romain  Grosjean ,0.12469905614852905
1997,Romain  Grosjean ,0.12481518089771271
1998,Romain  Grosjean ,0.12495408952236176
1999,Romain  Grosjean ,0.1251170039176941
2000,Romain  Grosjean ,0.12530171871185303
2001,Romain  Grosjean ,0.12549839913845062
2002,Romain  Grosjean ,0.12568232417106628
2003,Romain  Grosjean ,0.12580226361751556
2004,Romain  Grosjean ,0.12576806545257568
2005,Romain  Grosjean ,0.12545567750930786
2006,Romain  Grosjean ,0.12479835748672485
2007,Romain  Grosjean ,0.1239989697933197
2008,Romain  Grosjean ,0.1253805160522461
2009,Romain  Grosjean ,0.0988006740808487
2010,Romain  Grosjean ,0.12146773934364319
2011,Romain  Grosjean ,0.13199251890182495
2012,Romain  Grosjean ,0.3065224587917328
2013,Romain  Grosjean ,0.3550713062286377
2014,Romain  Grosjean ,0.20335844159126282
2015,Romain  Grosjean ,0.2353057563304901
2016,Romain  Grosjean ,0.2065512239933014
2017,Romain  Grosjean ,0.21183031797409058
2018,Romain  Grosjean ,0.21142324805259705
2019,Romain  Grosjean ,0.15900634229183197
2020,Romain  Grosjean ,0.14456355571746826
2021,Romain  Grosjean ,0.13607527315616608
2022,Romain  Grosjean ,0.1269410252571106
2023,Romain  Grosjean ,0.11495468020439148
2024,Romain  Grosjean ,0.08953544497489929
2025,Romain  Grosjean ,0.039903052151203156
2026,Romain  Grosjean ,-0.06969387829303741
2027,Romain  Grosjean ,-0.07349970936775208
2028,Romain  Grosjean ,-0.07349970936775208
2029,Romain  Grosjean ,-0.07349970936775208
2030,Romain  Grosjean ,-0.07349970936775208
1958,Ron  Flockhart ,0.11086882650852203
1959,Ron  Flockhart ,0.11140014231204987
1960,Ron  Flockhart ,0.09961023926734924
1961,Ron  Flockhart ,0.10956582427024841
1962,Ron  Flockhart ,0.11216934025287628
1963,Ron  Flockhart ,0.11622737348079681
1964,Ron  Flockhart ,0.11919723451137543
1965,Ron  Flockhart ,0.12107484042644501
1966,Ron  Flockhart ,0.12220925092697144
1967,Ron  Flockhart ,0.12289951741695404
1968,Ron  Flockhart ,0.12333172559738159
1969,Ron  Flockhart ,0.12361066043376923
1970,Ron  Flockhart ,0.12379485368728638
1971,Ron  Flockhart ,0.1239180862903595
1972,Ron  Flockhart ,0.12400102615356445
1973,Ron  Flockhart ,0.12405705451965332
1974,Ron  Flockhart ,0.12409491837024689
1975,Ron  Flockhart ,0.1241205483675003
1976,Ron  Flockhart ,0.12413795292377472
1977,Ron  Flockhart ,0.12414993345737457
1978,Ron  Flockhart ,0.12415820360183716
1979,Ron  Flockhart ,0.12416410446166992
1980,Ron  Flockhart ,0.12416848540306091
1981,Ron  Flockhart ,0.12417188286781311
1982,Ron  Flockhart ,0.1241748034954071
1983,Ron  Flockhart ,0.12417745590209961
1984,Ron  Flockhart ,0.12418007850646973
1985,Ron  Flockhart ,0.12418290972709656
1986,Ron  Flockhart ,0.12418608367443085
1987,Ron  Flockhart ,0.12418976426124573
1988,Ron  Flockhart ,0.12419410049915314
1989,Ron  Flockhart ,0.1241992712020874
1990,Ron  Flockhart ,0.12420547008514404
1991,Ron  Flockhart ,0.12421298027038574
1992,Ron  Flockhart ,0.1242220401763916
1993,Ron  Flockhart ,0.12423300743103027
1994,Ron  Flockhart ,0.1242462545633316
1995,Ron  Flockhart ,0.12426234781742096
1996,Ron  Flockhart ,0.1242818534374237
1997,Ron  Flockhart ,0.12430548667907715
1998,Ron  Flockhart ,0.12433421611785889
1999,Ron  Flockhart ,0.1243690550327301
2000,Ron  Flockhart ,0.12441137433052063
2001,Ron  Flockhart ,0.12446282804012299
2002,Ron  Flockhart ,0.12452535331249237
2003,Ron  Flockhart ,0.12460151314735413
2004,Ron  Flockhart ,0.12469428777694702
2005,Ron  Flockhart ,0.12480735778808594
2006,Ron  Flockhart ,0.12494531273841858
2007,Ron  Flockhart ,0.1251136064529419
2008,Ron  Flockhart ,0.12531894445419312
2009,Ron  Flockhart ,0.12556907534599304
2010,Ron  Flockhart ,0.12587302923202515
2011,Ron  Flockhart ,0.12624028325080872
2012,Ron  Flockhart ,0.12667982280254364
2013,Ron  Flockhart ,0.12719720602035522
2014,Ron  Flockhart ,0.1277894377708435
2015,Ron  Flockhart ,0.12843531370162964
2016,Ron  Flockhart ,0.12907952070236206
2017,Ron  Flockhart ,0.1296088695526123
2018,Ron  Flockhart ,0.1298215091228485
2019,Ron  Flockhart ,0.12939642369747162
2020,Ron  Flockhart ,0.12786978483200073
2021,Ron  Flockhart ,0.12457975745201111
2022,Ron  Flockhart ,0.11832524836063385
2023,Ron  Flockhart ,0.10611216723918915
2024,Ron  Flockhart ,0.08146986365318298
2025,Ron  Flockhart ,0.039903052151203156
2026,Ron  Flockhart ,-0.06969387829303741
2027,Ron  Flockhart ,-0.07349970936775208
2028,Ron  Flockhart ,-0.07349970936775208
2029,Ron  Flockhart ,-0.07349970936775208
2030,Ron  Flockhart ,-0.07349970936775208
1958,Ronnie  Bucknum ,0.11334168910980225
1959,Ronnie  Bucknum ,0.11120414733886719
1960,Ronnie  Bucknum ,0.11127260327339172
1961,Ronnie  Bucknum ,0.11204399168491364
1962,Ronnie  Bucknum ,0.11307677626609802
1963,Ronnie  Bucknum ,0.11492860317230225
1964,Ronnie  Bucknum ,0.12180018424987793
1965,Ronnie  Bucknum ,0.17045198380947113
1966,Ronnie  Bucknum ,0.12341448664665222
1967,Ronnie  Bucknum ,0.12004067003726959
1968,Ronnie  Bucknum ,0.12155328691005707
1969,Ronnie  Bucknum ,0.12323787808418274
1970,Ronnie  Bucknum ,0.12417228519916534
1971,Ronnie  Bucknum ,0.12453217804431915
1972,Ronnie  Bucknum ,0.12459337711334229
1973,Ronnie  Bucknum ,0.12453584372997284
1974,Ronnie  Bucknum ,0.12444895505905151
1975,Ronnie  Bucknum ,0.12436884641647339
1976,Ronnie  Bucknum ,0.12430614233016968
1977,Ronnie  Bucknum ,0.12426096200942993
1978,Ronnie  Bucknum ,0.12423005700111389
1979,Ronnie  Bucknum ,0.12420986592769623
1980,Ronnie  Bucknum ,0.12419718503952026
1981,Ronnie  Bucknum ,0.12418964505195618
1982,Ronnie  Bucknum ,0.12418563663959503
1983,Ronnie  Bucknum ,0.12418398261070251
1984,Ronnie  Bucknum ,0.12418398261070251
1985,Ronnie  Bucknum ,0.12418518960475922
1986,Ronnie  Bucknum ,0.1241874098777771
1987,Ronnie  Bucknum ,0.12419053912162781
1988,Ronnie  Bucknum ,0.12419453263282776
1989,Ronnie  Bucknum ,0.1241995096206665
1990,Ronnie  Bucknum ,0.12420560419559479
1991,Ronnie  Bucknum ,0.12421305477619171
1992,Ronnie  Bucknum ,0.12422206997871399
1993,Ronnie  Bucknum ,0.12423302233219147
1994,Ronnie  Bucknum ,0.12424628436565399
1995,Ronnie  Bucknum ,0.12426236271858215
1996,Ronnie  Bucknum ,0.1242818534374237
1997,Ronnie  Bucknum ,0.12430550158023834
1998,Ronnie  Bucknum ,0.12433421611785889
1999,Ronnie  Bucknum ,0.1243690550327301
2000,Ronnie  Bucknum ,0.12441137433052063
2001,Ronnie  Bucknum ,0.12446282804012299
2002,Ronnie  Bucknum ,0.12452533841133118
2003,Ronnie  Bucknum ,0.12460151314735413
2004,Ronnie  Bucknum ,0.12469428777694702
2005,Ronnie  Bucknum ,0.12480735778808594
2006,Ronnie  Bucknum ,0.12494531273841858
2007,Ronnie  Bucknum ,0.12511363625526428
2008,Ronnie  Bucknum ,0.12531892955303192
2009,Ronnie  Bucknum ,0.12556907534599304
2010,Ronnie  Bucknum ,0.12587302923202515
2011,Ronnie  Bucknum ,0.12624028325080872
2012,Ronnie  Bucknum ,0.12667980790138245
2013,Ronnie  Bucknum ,0.12719720602035522
2014,Ronnie  Bucknum ,0.1277894377708435
2015,Ronnie  Bucknum ,0.12843529880046844
2016,Ronnie  Bucknum ,0.12907952070236206
2017,Ronnie  Bucknum ,0.1296088695526123
2018,Ronnie  Bucknum ,0.1298215091228485
2019,Ronnie  Bucknum ,0.12939642369747162
2020,Ronnie  Bucknum ,0.12786978483200073
2021,Ronnie  Bucknum ,0.12457975745201111
2022,Ronnie  Bucknum ,0.11832524836063385
2023,Ronnie  Bucknum ,0.10611218214035034
2024,Ronnie  Bucknum ,0.08146986365318298
2025,Ronnie  Bucknum ,0.039903052151203156
2026,Ronnie  Bucknum ,-0.06969387829303741
2027,Ronnie  Bucknum ,-0.07349970936775208
2028,Ronnie  Bucknum ,-0.07349970936775208
2029,Ronnie  Bucknum ,-0.07349970936775208
2030,Ronnie  Bucknum ,-0.07349970936775208
1958,Ronnie  Peterson ,0.11353325843811035
1959,Ronnie  Peterson ,0.11170133948326111
1960,Ronnie  Peterson ,0.1122569590806961
1961,Ronnie  Peterson ,0.11382514238357544
1962,Ronnie  Peterson ,0.11588473618030548
1963,Ronnie  Peterson ,0.1179991066455841
1964,Ronnie  Peterson ,0.11985677480697632
1965,Ronnie  Peterson ,0.12125445902347565
1966,Ronnie  Peterson ,0.12202709913253784
1967,Ronnie  Peterson ,0.12202887237071991
1968,Ronnie  Peterson ,0.12138687074184418
1969,Ronnie  Peterson ,0.1216573715209961
1970,Ronnie  Peterson ,0.12898202240467072
1971,Ronnie  Peterson ,0.21821525692939758
1972,Ronnie  Peterson ,0.2398899793624878
1973,Ronnie  Peterson ,0.3340267837047577
1974,Ronnie  Peterson ,0.29455405473709106
1975,Ronnie  Peterson ,0.19325865805149078
1976,Ronnie  Peterson ,0.193350151181221
1977,Ronnie  Peterson ,0.17862598598003387
1978,Ronnie  Peterson ,0.343016654253006
1979,Ronnie  Peterson ,0.13433872163295746
1980,Ronnie  Peterson ,0.1253635585308075
1981,Ronnie  Peterson ,0.12646788358688354
1982,Ronnie  Peterson ,0.12838846445083618
1983,Ronnie  Peterson ,0.12877625226974487
1984,Ronnie  Peterson ,0.12820753455162048
1985,Ronnie  Peterson ,0.12732060253620148
1986,Ronnie  Peterson ,0.1264672577381134
1987,Ronnie  Peterson ,0.12577694654464722
1988,Ronnie  Peterson ,0.12526610493659973
1989,Ronnie  Peterson ,0.12490803003311157
1990,Ronnie  Peterson ,0.12466643750667572
1991,Ronnie  Peterson ,0.12450878322124481
1992,Ronnie  Peterson ,0.12440964579582214
1993,Ronnie  Peterson ,0.12435078620910645
1994,Ronnie  Peterson ,0.12431950867176056
1995,Ronnie  Peterson ,0.12430751323699951
1996,Ronnie  Peterson ,0.12430950999259949
1997,Ronnie  Peterson ,0.12432229518890381
1998,Ronnie  Peterson ,0.12434433400630951
1999,Ronnie  Peterson ,0.124375119805336
2000,Ronnie  Peterson ,0.12441498041152954
2001,Ronnie  Peterson ,0.1244649589061737
2002,Ronnie  Peterson ,0.12452663481235504
2003,Ronnie  Peterson ,0.12460225820541382
2004,Ronnie  Peterson ,0.12469473481178284
2005,Ronnie  Peterson ,0.12480762600898743
2006,Ronnie  Peterson ,0.12494546175003052
2007,Ronnie  Peterson ,0.12511369585990906
2008,Ronnie  Peterson ,0.1253189891576767
2009,Ronnie  Peterson ,0.12556913495063782
2010,Ronnie  Peterson ,0.12587304413318634
2011,Ronnie  Peterson ,0.1262403130531311
2012,Ronnie  Peterson ,0.12667983770370483
2013,Ronnie  Peterson ,0.12719720602035522
2014,Ronnie  Peterson ,0.1277894377708435
2015,Ronnie  Peterson ,0.12843531370162964
2016,Ronnie  Peterson ,0.12907952070236206
2017,Ronnie  Peterson ,0.1296088695526123
2018,Ronnie  Peterson ,0.1298215091228485
2019,Ronnie  Peterson ,0.12939642369747162
2020,Ronnie  Peterson ,0.12786978483200073
2021,Ronnie  Peterson ,0.12457975745201111
2022,Ronnie  Peterson ,0.11832524836063385
2023,Ronnie  Peterson ,0.10611218214035034
2024,Ronnie  Peterson ,0.08146984875202179
2025,Ronnie  Peterson ,0.039903052151203156
2026,Ronnie  Peterson ,-0.06969387829303741
2027,Ronnie  Peterson ,-0.07349970936775208
2028,Ronnie  Peterson ,-0.07349970936775208
2029,Ronnie  Peterson ,-0.07349970936775208
2030,Ronnie  Peterson ,-0.07349970936775208
1958,Roy  Salvadori ,0.25272414088249207
1959,Roy  Salvadori ,0.1253027319908142
1960,Roy  Salvadori ,0.11233305931091309
1961,Roy  Salvadori ,0.14962852001190186
1962,Roy  Salvadori ,0.11410199105739594
1963,Roy  Salvadori ,0.11398114264011383
1964,Roy  Salvadori ,0.11772191524505615
1965,Roy  Salvadori ,0.12075547873973846
1966,Roy  Salvadori ,0.12252658605575562
1967,Roy  Salvadori ,0.12342271208763123
1968,Roy  Salvadori ,0.12383973598480225
1969,Roy  Salvadori ,0.12402361631393433
1970,Roy  Salvadori ,0.12410211563110352
1971,Roy  Salvadori ,0.12413516640663147
1972,Roy  Salvadori ,0.1241493970155716
1973,Roy  Salvadori ,0.12415611743927002
1974,Roy  Salvadori ,0.12415988743305206
1975,Roy  Salvadori ,0.12416256964206696
1976,Roy  Salvadori ,0.12416481971740723
1977,Roy  Salvadori ,0.12416686117649078
1978,Roy  Salvadori ,0.12416881322860718
1979,Roy  Salvadori ,0.1241706907749176
1980,Roy  Salvadori ,0.12417253851890564
1981,Roy  Salvadori ,0.12417435646057129
1982,Roy  Salvadori ,0.12417629361152649
1983,Roy  Salvadori ,0.12417836487293243
1984,Roy  Salvadori ,0.1241806298494339
1985,Roy  Salvadori ,0.12418323755264282
1986,Roy  Salvadori ,0.12418627738952637
1987,Roy  Salvadori ,0.12418989837169647
1988,Roy  Salvadori ,0.1241941750049591
1989,Roy  Salvadori ,0.12419933080673218
1990,Roy  Salvadori ,0.12420549988746643
1991,Roy  Salvadori ,0.12421299517154694
1992,Roy  Salvadori ,0.1242220401763916
1993,Roy  Salvadori ,0.12423300743103027
1994,Roy  Salvadori ,0.1242462694644928
1995,Roy  Salvadori ,0.12426236271858215
1996,Roy  Salvadori ,0.1242818534374237
1997,Roy  Salvadori ,0.12430548667907715
1998,Roy  Salvadori ,0.12433421611785889
1999,Roy  Salvadori ,0.1243690550327301
2000,Roy  Salvadori ,0.12441134452819824
2001,Roy  Salvadori ,0.12446282804012299
2002,Roy  Salvadori ,0.12452535331249237
2003,Roy  Salvadori ,0.12460151314735413
2004,Roy  Salvadori ,0.12469427287578583
2005,Roy  Salvadori ,0.12480735778808594
2006,Roy  Salvadori ,0.12494529783725739
2007,Roy  Salvadori ,0.1251136064529419
2008,Roy  Salvadori ,0.12531894445419312
2009,Roy  Salvadori ,0.12556907534599304
2010,Roy  Salvadori ,0.12587301433086395
2011,Roy  Salvadori ,0.12624028325080872
2012,Roy  Salvadori ,0.12667980790138245
2013,Roy  Salvadori ,0.12719719111919403
2014,Roy  Salvadori ,0.1277894526720047
2015,Roy  Salvadori ,0.12843532860279083
2016,Roy  Salvadori ,0.12907952070236206
2017,Roy  Salvadori ,0.1296088844537735
2018,Roy  Salvadori ,0.1298215091228485
2019,Roy  Salvadori ,0.12939642369747162
2020,Roy  Salvadori ,0.12786978483200073
2021,Roy  Salvadori ,0.12457975745201111
2022,Roy  Salvadori ,0.11832524836063385
2023,Roy  Salvadori ,0.10611218214035034
2024,Roy  Salvadori ,0.08146986365318298
2025,Roy  Salvadori ,0.039903052151203156
2026,Roy  Salvadori ,-0.06969387829303741
2027,Roy  Salvadori ,-0.07349970936775208
2028,Roy  Salvadori ,-0.07349970936775208
2029,Roy  Salvadori ,-0.07349970936775208
2030,Roy  Salvadori ,-0.07349970936775208
1958,Rubens  Barrichello ,0.11337791383266449
1959,Rubens  Barrichello ,0.11133362352848053
1960,Rubens  Barrichello ,0.11173155903816223
1961,Rubens  Barrichello ,0.1131504625082016
1962,Rubens  Barrichello ,0.11506256461143494
1963,Rubens  Barrichello ,0.11704634130001068
1964,Rubens  Barrichello ,0.11883226037025452
1965,Rubens  Barrichello ,0.12030348181724548
1966,Rubens  Barrichello ,0.12144589424133301
1967,Rubens  Barrichello ,0.12229776382446289
1968,Rubens  Barrichello ,0.12291525304317474
1969,Rubens  Barrichello ,0.12335476279258728
1970,Rubens  Barrichello ,0.12366467714309692
1971,Rubens  Barrichello ,0.12388359010219574
1972,Rubens  Barrichello ,0.12404078245162964
1973,Rubens  Barrichello ,0.12415793538093567
1974,Rubens  Barrichello ,0.12425082921981812
1975,Rubens  Barrichello ,0.1243310272693634
1976,Rubens  Barrichello ,0.12440717220306396
1977,Rubens  Barrichello ,0.12448599934577942
1978,Rubens  Barrichello ,0.12457314133644104
1979,Rubens  Barrichello ,0.12467336654663086
1980,Rubens  Barrichello ,0.12479116022586823
1981,Rubens  Barrichello ,0.12493041157722473
1982,Rubens  Barrichello ,0.12509393692016602
1983,Rubens  Barrichello ,0.12528203427791595
1984,Rubens  Barrichello ,0.12548963725566864
1985,Rubens  Barrichello ,0.12569919228553772
1986,Rubens  Barrichello ,0.12586788833141327
1987,Rubens  Barrichello ,0.1259048879146576
1988,Rubens  Barrichello ,0.12564432621002197
1989,Rubens  Barrichello ,0.12485413253307343
1990,Rubens  Barrichello ,0.12343940138816833
1991,Rubens  Barrichello ,0.12222124636173248
1992,Rubens  Barrichello ,0.12658312916755676
1993,Rubens  Barrichello ,0.1394156813621521
1994,Rubens  Barrichello ,0.2587612271308899
1995,Rubens  Barrichello ,0.21743804216384888
1996,Rubens  Barrichello ,0.24390113353729248
1997,Rubens  Barrichello ,0.17733646929264069
1998,Rubens  Barrichello ,0.1858876496553421
1999,Rubens  Barrichello ,0.2540067434310913
2000,Rubens  Barrichello ,0.34934231638908386
2001,Rubens  Barrichello ,0.3642977476119995
2002,Rubens  Barrichello ,0.38854536414146423
2003,Rubens  Barrichello ,0.35483622550964355
2004,Rubens  Barrichello ,0.40830570459365845
2005,Rubens  Barrichello ,0.28586694598197937
2006,Rubens  Barrichello ,0.26063916087150574
2007,Rubens  Barrichello ,0.11060157418251038
2008,Rubens  Barrichello ,0.17547868192195892
2009,Rubens  Barrichello ,0.36603084206581116
2010,Rubens  Barrichello ,0.262470006942749
2011,Rubens  Barrichello ,0.16084802150726318
2012,Rubens  Barrichello ,0.1342431753873825
2013,Rubens  Barrichello ,0.13209731876850128
2014,Rubens  Barrichello ,0.13434574007987976
2015,Rubens  Barrichello ,0.13528168201446533
2016,Rubens  Barrichello ,0.1350375860929489
2017,Rubens  Barrichello ,0.13425344228744507
2018,Rubens  Barrichello ,0.13320603966712952
2019,Rubens  Barrichello ,0.13175980746746063
2020,Rubens  Barrichello ,0.12947526574134827
2021,Rubens  Barrichello ,0.12565100193023682
2022,Rubens  Barrichello ,0.11903195083141327
2023,Rubens  Barrichello ,0.10657438635826111
2024,Rubens  Barrichello ,0.08176656067371368
2025,Rubens  Barrichello ,0.039903052151203156
2026,Rubens  Barrichello ,-0.06969387829303741
2027,Rubens  Barrichello ,-0.07349970936775208
2028,Rubens  Barrichello ,-0.07349970936775208
2029,Rubens  Barrichello ,-0.07349970936775208
2030,Rubens  Barrichello ,-0.07349970936775208
1958,Sakon  Yamamoto ,0.11337578296661377
1959,Sakon  Yamamoto ,0.11132749915122986
1960,Sakon  Yamamoto ,0.11172239482402802
1961,Sakon  Yamamoto ,0.11313824355602264
1962,Sakon  Yamamoto ,0.11504682898521423
1963,Sakon  Yamamoto ,0.11702659726142883
1964,Sakon  Yamamoto ,0.11880768835544586
1965,Sakon  Yamamoto ,0.12027312815189362
1966,Sakon  Yamamoto ,0.12140865623950958
1967,Sakon  Yamamoto ,0.12225216627120972
1968,Sakon  Yamamoto ,0.12285959720611572
1969,Sakon  Yamamoto ,0.1232869029045105
1970,Sakon  Yamamoto ,0.12358203530311584
1971,Sakon  Yamamoto ,0.12378294765949249
1972,Sakon  Yamamoto ,0.12391820549964905
1973,Sakon  Yamamoto ,0.12400852143764496
1974,Sakon  Yamamoto ,0.12406858801841736
1975,Sakon  Yamamoto ,0.12410856783390045
1976,Sakon  Yamamoto ,0.12413540482521057
1977,Sakon  Yamamoto ,0.12415380775928497
1978,Sakon  Yamamoto ,0.12416693568229675
1979,Sakon  Yamamoto ,0.12417691946029663
1980,Sakon  Yamamoto ,0.12418520450592041
1981,Sakon  Yamamoto ,0.12419283390045166
1982,Sakon  Yamamoto ,0.12420052289962769
1983,Sakon  Yamamoto ,0.12420891225337982
1984,Sakon  Yamamoto ,0.12421849370002747
1985,Sakon  Yamamoto ,0.12422981858253479
1986,Sakon  Yamamoto ,0.12424345314502716
1987,Sakon  Yamamoto ,0.1242600828409195
1988,Sakon  Yamamoto ,0.12428051233291626
1989,Sakon  Yamamoto ,0.12430572509765625
1990,Sakon  Yamamoto ,0.12433689832687378
1991,Sakon  Yamamoto ,0.12437546253204346
1992,Sakon  Yamamoto ,0.12442313134670258
1993,Sakon  Yamamoto ,0.12448158860206604
1994,Sakon  Yamamoto ,0.12455242872238159
1995,Sakon  Yamamoto ,0.12463641166687012
1996,Sakon  Yamamoto ,0.12473204731941223
1997,Sakon  Yamamoto ,0.1248331367969513
1998,Sakon  Yamamoto ,0.12492413818836212
1999,Sakon  Yamamoto ,0.12497282028198242
2000,Sakon  Yamamoto ,0.12492087483406067
2001,Sakon  Yamamoto ,0.12467825412750244
2002,Sakon  Yamamoto ,0.12413859367370605
2003,Sakon  Yamamoto ,0.12327224016189575
2004,Sakon  Yamamoto ,0.12213164567947388
2005,Sakon  Yamamoto ,0.12275107204914093
2006,Sakon  Yamamoto ,0.06244479864835739
2007,Sakon  Yamamoto ,0.08077460527420044
2008,Sakon  Yamamoto ,0.12115764617919922
2009,Sakon  Yamamoto ,0.12395277619361877
2010,Sakon  Yamamoto ,0.06653504818677902
2011,Sakon  Yamamoto ,0.12539538741111755
2012,Sakon  Yamamoto ,0.12831449508666992
2013,Sakon  Yamamoto ,0.13002920150756836
2014,Sakon  Yamamoto ,0.13037367165088654
2015,Sakon  Yamamoto ,0.13041558861732483
2016,Sakon  Yamamoto ,0.13046681880950928
2017,Sakon  Yamamoto ,0.1305304914712906
2018,Sakon  Yamamoto ,0.1304122805595398
2019,Sakon  Yamamoto ,0.12976479530334473
2020,Sakon  Yamamoto ,0.1280939280986786
2021,Sakon  Yamamoto ,0.12471280992031097
2022,Sakon  Yamamoto ,0.11840203404426575
2023,Sakon  Yamamoto ,0.10615488886833191
2024,Sakon  Yamamoto ,0.08149194717407227
2025,Sakon  Yamamoto ,0.039903052151203156
2026,Sakon  Yamamoto ,-0.06969387829303741
2027,Sakon  Yamamoto ,-0.07349970936775208
2028,Sakon  Yamamoto ,-0.07349970936775208
2029,Sakon  Yamamoto ,-0.07349970936775208
2030,Sakon  Yamamoto ,-0.07349970936775208
1958,Sam  Tingle ,0.11324264109134674
1959,Sam  Tingle ,0.11113083362579346
1960,Sam  Tingle ,0.11149847507476807
1961,Sam  Tingle ,0.11310812830924988
1962,Sam  Tingle ,0.11681365966796875
1963,Sam  Tingle ,0.07321588695049286
1964,Sam  Tingle ,0.11912848055362701
1965,Sam  Tingle ,0.12218084931373596
1966,Sam  Tingle ,0.12360930442810059
1967,Sam  Tingle ,0.12397941946983337
1968,Sam  Tingle ,0.12406480312347412
1969,Sam  Tingle ,0.12407946586608887
1970,Sam  Tingle ,0.12408588826656342
1971,Sam  Tingle ,0.12409557402133942
1972,Sam  Tingle ,0.1241077184677124
1973,Sam  Tingle ,0.12412005662918091
1974,Sam  Tingle ,0.12413129210472107
1975,Sam  Tingle ,0.12414085865020752
1976,Sam  Tingle ,0.12414875626564026
1977,Sam  Tingle ,0.124155193567276
1978,Sam  Tingle ,0.12416046857833862
1979,Sam  Tingle ,0.12416476011276245
1980,Sam  Tingle ,0.12416835129261017
1981,Sam  Tingle ,0.1241714209318161
1982,Sam  Tingle ,0.12417425215244293
1983,Sam  Tingle ,0.12417694926261902
1984,Sam  Tingle ,0.1241796612739563
1985,Sam  Tingle ,0.12418258190155029
1986,Sam  Tingle ,0.12418584525585175
1987,Sam  Tingle ,0.1241895854473114
1988,Sam  Tingle ,0.1241939514875412
1989,Sam  Tingle ,0.12419918179512024
1990,Sam  Tingle ,0.12420541048049927
1991,Sam  Tingle ,0.12421293556690216
1992,Sam  Tingle ,0.12422201037406921
1993,Sam  Tingle ,0.12423297762870789
1994,Sam  Tingle ,0.12424623966217041
1995,Sam  Tingle ,0.12426234781742096
1996,Sam  Tingle ,0.1242818534374237
1997,Sam  Tingle ,0.12430548667907715
1998,Sam  Tingle ,0.12433421611785889
1999,Sam  Tingle ,0.1243690550327301
2000,Sam  Tingle ,0.12441137433052063
2001,Sam  Tingle ,0.12446282804012299
2002,Sam  Tingle ,0.12452535331249237
2003,Sam  Tingle ,0.12460151314735413
2004,Sam  Tingle ,0.12469428777694702
2005,Sam  Tingle ,0.12480737268924713
2006,Sam  Tingle ,0.12494528293609619
2007,Sam  Tingle ,0.1251136213541031
2008,Sam  Tingle ,0.12531894445419312
2009,Sam  Tingle ,0.12556907534599304
2010,Sam  Tingle ,0.12587301433086395
2011,Sam  Tingle ,0.1262402981519699
2012,Sam  Tingle ,0.12667980790138245
2013,Sam  Tingle ,0.12719719111919403
2014,Sam  Tingle ,0.1277894526720047
2015,Sam  Tingle ,0.12843531370162964
2016,Sam  Tingle ,0.12907953560352325
2017,Sam  Tingle ,0.1296088695526123
2018,Sam  Tingle ,0.1298215091228485
2019,Sam  Tingle ,0.12939642369747162
2020,Sam  Tingle ,0.12786978483200073
2021,Sam  Tingle ,0.12457975745201111
2022,Sam  Tingle ,0.11832524836063385
2023,Sam  Tingle ,0.10611218214035034
2024,Sam  Tingle ,0.08146986365318298
2025,Sam  Tingle ,0.039903052151203156
2026,Sam  Tingle ,-0.06969387829303741
2027,Sam  Tingle ,-0.07349970936775208
2028,Sam  Tingle ,-0.07349970936775208
2029,Sam  Tingle ,-0.07349970936775208
2030,Sam  Tingle ,-0.07349970936775208
1958,Satoru  Nakajima ,0.1133795976638794
1959,Satoru  Nakajima ,0.11133845150470734
1960,Satoru  Nakajima ,0.11173877120018005
1961,Satoru  Nakajima ,0.11316010355949402
1962,Satoru  Nakajima ,0.11507494747638702
1963,Satoru  Nakajima ,0.11706210672855377
1964,Satoru  Nakajima ,0.11885203421115875
1965,Satoru  Nakajima ,0.12032809853553772
1966,Satoru  Nakajima ,0.12147651612758636
1967,Satoru  Nakajima ,0.12233574688434601
1968,Satoru  Nakajima ,0.12296238541603088
1969,Satoru  Nakajima ,0.12341317534446716
1970,Satoru  Nakajima ,0.12373712658882141
1971,Satoru  Nakajima ,0.12397347390651703
1972,Satoru  Nakajima ,0.12415215373039246
1973,Satoru  Nakajima ,0.1242954283952713
1974,Satoru  Nakajima ,0.12441962957382202
1975,Satoru  Nakajima ,0.12453603744506836
1976,Satoru  Nakajima ,0.12465187907218933
1977,Satoru  Nakajima ,0.12476934492588043
1978,Satoru  Nakajima ,0.12488290667533875
1979,Satoru  Nakajima ,0.12497234344482422
1980,Satoru  Nakajima ,0.1249883770942688
1981,Satoru  Nakajima ,0.1248285174369812
1982,Satoru  Nakajima ,0.12430950999259949
1983,Satoru  Nakajima ,0.12319126725196838
1984,Satoru  Nakajima ,0.12144854664802551
1985,Satoru  Nakajima ,0.12034529447555542
1986,Satoru  Nakajima ,0.1257287710905075
1987,Satoru  Nakajima ,0.19838276505470276
1988,Satoru  Nakajima ,0.15042977035045624
1989,Satoru  Nakajima ,0.10455617308616638
1990,Satoru  Nakajima ,0.16884174942970276
1991,Satoru  Nakajima ,0.1676342934370041
1992,Satoru  Nakajima ,0.1276615411043167
1993,Satoru  Nakajima ,0.12519364058971405
1994,Satoru  Nakajima ,0.12704727053642273
1995,Satoru  Nakajima ,0.1280219852924347
1996,Satoru  Nakajima ,0.1278972327709198
1997,Satoru  Nakajima ,0.127256840467453
1998,Satoru  Nakajima ,0.12652985751628876
1999,Satoru  Nakajima ,0.1259113848209381
2000,Satoru  Nakajima ,0.1254543960094452
2001,Satoru  Nakajima ,0.12514939904212952
2002,Satoru  Nakajima ,0.12496805191040039
2003,Satoru  Nakajima ,0.12488211691379547
2004,Satoru  Nakajima ,0.12486942112445831
2005,Satoru  Nakajima ,0.12491512298583984
2006,Satoru  Nakajima ,0.1250106692314148
2007,Satoru  Nakajima ,0.12515269219875336
2008,Satoru  Nakajima ,0.12534199655056
2009,Satoru  Nakajima ,0.12558245658874512
2010,Satoru  Nakajima ,0.1258806586265564
2011,Satoru  Nakajima ,0.12624457478523254
2012,Satoru  Nakajima ,0.12668216228485107
2013,Satoru  Nakajima ,0.12719842791557312
2014,Satoru  Nakajima ,0.12779009342193604
2015,Satoru  Nakajima ,0.1284356266260147
2016,Satoru  Nakajima ,0.129079669713974
2017,Satoru  Nakajima ,0.1296089142560959
2018,Satoru  Nakajima ,0.1298215389251709
2019,Satoru  Nakajima ,0.12939642369747162
2020,Satoru  Nakajima ,0.12786975502967834
2021,Satoru  Nakajima ,0.12457974255084991
2022,Satoru  Nakajima ,0.11832524836063385
2023,Satoru  Nakajima ,0.10611216723918915
2024,Satoru  Nakajima ,0.0814698338508606
2025,Satoru  Nakajima ,0.039903052151203156
2026,Satoru  Nakajima ,-0.06969387829303741
2027,Satoru  Nakajima ,-0.07349970936775208
2028,Satoru  Nakajima ,-0.07349970936775208
2029,Satoru  Nakajima ,-0.07349970936775208
2030,Satoru  Nakajima ,-0.07349970936775208
1958,Scott  Speed ,0.11337578296661377
1959,Scott  Speed ,0.11132743954658508
1960,Scott  Speed ,0.11172232031822205
1961,Scott  Speed ,0.1131381243467331
1962,Scott  Speed ,0.11504673957824707
1963,Scott  Speed ,0.1170264482498169
1964,Scott  Speed ,0.11880749464035034
1965,Scott  Speed ,0.12027285993099213
1966,Scott  Speed ,0.12140834331512451
1967,Scott  Speed ,0.12225180864334106
1968,Scott  Speed ,0.1228591799736023
1969,Scott  Speed ,0.12328639626502991
1970,Scott  Speed ,0.12358136475086212
1971,Scott  Speed ,0.12378215789794922
1972,Scott  Speed ,0.12391722202301025
1973,Scott  Speed ,0.12400734424591064
1974,Scott  Speed ,0.12406715750694275
1975,Scott  Speed ,0.12410685420036316
1976,Scott  Speed ,0.12413331866264343
1977,Scott  Speed ,0.1241513043642044
1978,Scott  Speed ,0.12416388094425201
1979,Scott  Speed ,0.12417325377464294
1980,Scott  Speed ,0.12418076395988464
1981,Scott  Speed ,0.12418743968009949
1982,Scott  Speed ,0.1241939514875412
1983,Scott  Speed ,0.12420091032981873
1984,Scott  Speed ,0.12420877814292908
1985,Scott  Speed ,0.12421797215938568
1986,Scott  Speed ,0.12422898411750793
1987,Scott  Speed ,0.1242423802614212
1988,Scott  Speed ,0.12425877153873444
1989,Scott  Speed ,0.12427893280982971
1990,Scott  Speed ,0.12430375814437866
1991,Scott  Speed ,0.12433433532714844
1992,Scott  Speed ,0.12437176704406738
1993,Scott  Speed ,0.12441730499267578
1994,Scott  Speed ,0.12447182834148407
1995,Scott  Speed ,0.12453526258468628
1996,Scott  Speed ,0.12460559606552124
1997,Scott  Speed ,0.12467584013938904
1998,Scott  Speed ,0.12472939491271973
1999,Scott  Speed ,0.12473076581954956
2000,Scott  Speed ,0.12461231648921967
2001,Scott  Speed ,0.12426230311393738
2002,Scott  Speed ,0.123544842004776
2003,Scott  Speed ,0.1224585473537445
2004,Scott  Speed ,0.12156856060028076
2005,Scott  Speed ,0.12499368190765381
2006,Scott  Speed ,0.11458587646484375
2007,Scott  Speed ,0.11229072511196136
2008,Scott  Speed ,0.12357540428638458
2009,Scott  Speed ,0.12419627606868744
2010,Scott  Speed ,0.1266469955444336
2011,Scott  Speed ,0.12797895073890686
2012,Scott  Speed ,0.1285231113433838
2013,Scott  Speed ,0.12875069677829742
2014,Scott  Speed ,0.12895895540714264
2015,Scott  Speed ,0.12925973534584045
2016,Scott  Speed ,0.12963664531707764
2017,Scott  Speed ,0.12997430562973022
2018,Scott  Speed ,0.13005582988262177
2019,Scott  Speed ,0.12954381108283997
2020,Scott  Speed ,0.12796083092689514
2021,Scott  Speed ,0.12463514506816864
2022,Scott  Speed ,0.11835838854312897
2023,Scott  Speed ,0.10613161325454712
2024,Scott  Speed ,0.08148092031478882
2025,Scott  Speed ,0.039903052151203156
2026,Scott  Speed ,-0.06969387829303741
2027,Scott  Speed ,-0.07349970936775208
2028,Scott  Speed ,-0.07349970936775208
2029,Scott  Speed ,-0.07349970936775208
2030,Scott  Speed ,-0.07349970936775208
1958,Sebastian  Vettel ,0.11337602138519287
1959,Sebastian  Vettel ,0.11132803559303284
1960,Sebastian  Vettel ,0.11172322928905487
1961,Sebastian  Vettel ,0.1131393313407898
1962,Sebastian  Vettel ,0.11504824459552765
1963,Sebastian  Vettel ,0.1170283704996109
1964,Sebastian  Vettel ,0.11880990862846375
1965,Sebastian  Vettel ,0.1202758401632309
1966,Sebastian  Vettel ,0.121411994099617
1967,Sebastian  Vettel ,0.12225623428821564
1968,Sebastian  Vettel ,0.12286457419395447
1969,Sebastian  Vettel ,0.1232929527759552
1970,Sebastian  Vettel ,0.12358935177326202
1971,Sebastian  Vettel ,0.12379181385040283
1972,Sebastian  Vettel ,0.123928964138031
1973,Sebastian  Vettel ,0.12402157485485077
1974,Sebastian  Vettel ,0.12408442795276642
1975,Sebastian  Vettel ,0.12412774562835693
1976,Sebastian  Vettel ,0.12415865063667297
1977,Sebastian  Vettel ,0.12418195605278015
1978,Sebastian  Vettel ,0.12420105934143066
1979,Sebastian  Vettel ,0.12421825528144836
1980,Sebastian  Vettel ,0.12423530220985413
1981,Sebastian  Vettel ,0.12425351142883301
1982,Sebastian  Vettel ,0.12427406013011932
1983,Sebastian  Vettel ,0.12429803609848022
1984,Sebastian  Vettel ,0.12432655692100525
1985,Sebastian  Vettel ,0.12436076998710632
1986,Sebastian  Vettel ,0.12440225481987
1987,Sebastian  Vettel ,0.12445268034934998
1988,Sebastian  Vettel ,0.12451410293579102
1989,Sebastian  Vettel ,0.12458905577659607
1990,Sebastian  Vettel ,0.1246805191040039
1991,Sebastian  Vettel ,0.12479215860366821
1992,Sebastian  Vettel ,0.12492814660072327
1993,Sebastian  Vettel ,0.12509337067604065
1994,Sebastian  Vettel ,0.12529325485229492
1995,Sebastian  Vettel ,0.1255333125591278
1996,Sebastian  Vettel ,0.12581855058670044
1997,Sebastian  Vettel ,0.12615182995796204
1998,Sebastian  Vettel ,0.12653058767318726
1999,Sebastian  Vettel ,0.12693926692008972
2000,Sebastian  Vettel ,0.1273338794708252
2001,Sebastian  Vettel ,0.12761396169662476
2002,Sebastian  Vettel ,0.12758544087409973
2003,Sebastian  Vettel ,0.12696240842342377
2004,Sebastian  Vettel ,0.12560008466243744
2005,Sebastian  Vettel ,0.12451602518558502
2006,Sebastian  Vettel ,0.12959173321723938
2007,Sebastian  Vettel ,0.17416658997535706
2008,Sebastian  Vettel ,0.25411802530288696
2009,Sebastian  Vettel ,0.402364581823349
2010,Sebastian  Vettel ,0.5680915117263794
2011,Sebastian  Vettel ,0.71401047706604
2012,Sebastian  Vettel ,0.6605775356292725
2013,Sebastian  Vettel ,0.7293504476547241
2014,Sebastian  Vettel ,0.4762583076953888
2015,Sebastian  Vettel ,0.5602092742919922
2016,Sebastian  Vettel ,0.5201419591903687
2017,Sebastian  Vettel ,0.6454473733901978
2018,Sebastian  Vettel ,0.6629258394241333
2019,Sebastian  Vettel ,0.5387833118438721
2020,Sebastian  Vettel ,0.27033382654190063
2021,Sebastian  Vettel ,0.24699100852012634
2022,Sebastian  Vettel ,0.24055451154708862
2023,Sebastian  Vettel ,0.13166242837905884
2024,Sebastian  Vettel ,0.09964326024055481
2025,Sebastian  Vettel ,0.039903052151203156
2026,Sebastian  Vettel ,-0.06969387829303741
2027,Sebastian  Vettel ,-0.07349970936775208
2028,Sebastian  Vettel ,-0.07349970936775208
2029,Sebastian  Vettel ,-0.07349970936775208
2030,Sebastian  Vettel ,-0.07349970936775208
1958,Sebastien  Bourdais ,0.11337576806545258
1959,Sebastien  Bourdais ,0.1113273948431015
1960,Sebastien  Bourdais ,0.11172224581241608
1961,Sebastien  Bourdais ,0.11313806474208832
1962,Sebastien  Bourdais ,0.11504662036895752
1963,Sebastien  Bourdais ,0.11702632904052734
1964,Sebastien  Bourdais ,0.11880730092525482
1965,Sebastien  Bourdais ,0.12027263641357422
1966,Sebastien  Bourdais ,0.12140807509422302
1967,Sebastien  Bourdais ,0.12225142121315002
1968,Sebastien  Bourdais ,0.12285874783992767
1969,Sebastien  Bourdais ,0.12328585982322693
1970,Sebastien  Bourdais ,0.12358075380325317
1971,Sebastien  Bourdais ,0.12378141283988953
1972,Sebastien  Bourdais ,0.12391629815101624
1973,Sebastien  Bourdais ,0.1240062266588211
1974,Sebastien  Bourdais ,0.12406580150127411
1975,Sebastien  Bourdais ,0.12410521507263184
1976,Sebastien  Bourdais ,0.12413132190704346
1977,Sebastien  Bourdais ,0.12414887547492981
1978,Sebastien  Bourdais ,0.12416097521781921
1979,Sebastien  Bourdais ,0.12416967749595642
1980,Sebastien  Bourdais ,0.12417641282081604
1981,Sebastien  Bourdais ,0.12418213486671448
1982,Sebastien  Bourdais ,0.12418748438358307
1983,Sebastien  Bourdais ,0.12419299781322479
1984,Sebastien  Bourdais ,0.1241990327835083
1985,Sebastien  Bourdais ,0.12420599162578583
1986,Sebastien  Bourdais ,0.12421423196792603
1987,Sebastien  Bourdais ,0.12422408163547516
1988,Sebastien  Bourdais ,0.12423613667488098
1989,Sebastien  Bourdais ,0.12425081431865692
1990,Sebastien  Bourdais ,0.1242688000202179
1991,Sebastien  Bourdais ,0.12429088354110718
1992,Sebastien  Bourdais ,0.12431798875331879
1993,Sebastien  Bourdais ,0.12435126304626465
1994,Sebastien  Bourdais ,0.12439186871051788
1995,Sebastien  Bourdais ,0.12444102764129639
1996,Sebastien  Bourdais ,0.12449967861175537
1997,Sebastien  Bourdais ,0.12456794083118439
1998,Sebastien  Bourdais ,0.12464386224746704
1999,Sebastien  Bourdais ,0.12472060322761536
2000,Sebastien  Bourdais ,0.12478137016296387
2001,Sebastien  Bourdais ,0.12478920817375183
2002,Sebastien  Bourdais ,0.12467177212238312
2003,Sebastien  Bourdais ,0.1243073046207428
2004,Sebastien  Bourdais ,0.12355010211467743
2005,Sebastien  Bourdais ,0.12243242561817169
2006,Sebastien  Bourdais ,0.12182988226413727
2007,Sebastien  Bourdais ,0.12669046223163605
2008,Sebastien  Bourdais ,0.14658941328525543
2009,Sebastien  Bourdais ,0.1269543319940567
2010,Sebastien  Bourdais ,0.12474407255649567
2011,Sebastien  Bourdais ,0.12445330619812012
2012,Sebastien  Bourdais ,0.12704503536224365
2013,Sebastien  Bourdais ,0.1287391483783722
2014,Sebastien  Bourdais ,0.12958689033985138
2015,Sebastien  Bourdais ,0.13001728057861328
2016,Sebastien  Bourdais ,0.13030315935611725
2017,Sebastien  Bourdais ,0.13048920035362244
2018,Sebastien  Bourdais ,0.13042692840099335
2019,Sebastien  Bourdais ,0.12980028986930847
2020,Sebastien  Bourdais ,0.1281333565711975
2021,Sebastien  Bourdais ,0.12474897503852844
2022,Sebastien  Bourdais ,0.11843246221542358
2023,Sebastien  Bourdais ,0.10617928206920624
2024,Sebastien  Bourdais ,0.08151082694530487
2025,Sebastien  Bourdais ,0.039903052151203156
2026,Sebastien  Bourdais ,-0.06969387829303741
2027,Sebastien  Bourdais ,-0.07349970936775208
2028,Sebastien  Bourdais ,-0.07349970936775208
2029,Sebastien  Bourdais ,-0.07349970936775208
2030,Sebastien  Bourdais ,-0.07349970936775208
1958,Sebastien  Buemi ,0.11337578296661377
1959,Sebastien  Buemi ,0.1113274097442627
1960,Sebastien  Buemi ,0.11172229051589966
1961,Sebastien  Buemi ,0.11313807964324951
1962,Sebastien  Buemi ,0.11504662036895752
1963,Sebastien  Buemi ,0.11702634394168854
1964,Sebastien  Buemi ,0.1188073456287384
1965,Sebastien  Buemi ,0.12027274072170258
1966,Sebastien  Buemi ,0.12140816450119019
1967,Sebastien  Buemi ,0.12225157022476196
1968,Sebastien  Buemi ,0.1228589117527008
1969,Sebastien  Buemi ,0.12328606843948364
1970,Sebastien  Buemi ,0.12358099222183228
1971,Sebastien  Buemi ,0.12378168106079102
1972,Sebastien  Buemi ,0.12391665577888489
1973,Sebastien  Buemi ,0.12400665879249573
1974,Sebastien  Buemi ,0.1240663230419159
1975,Sebastien  Buemi ,0.1241057813167572
1976,Sebastien  Buemi ,0.12413206696510315
1977,Sebastien  Buemi ,0.12414973974227905
1978,Sebastien  Buemi ,0.12416201829910278
1979,Sebastien  Buemi ,0.12417095899581909
1980,Sebastien  Buemi ,0.12417791783809662
1981,Sebastien  Buemi ,0.12418396770954132
1982,Sebastien  Buemi ,0.12418971955776215
1983,Sebastien  Buemi ,0.12419566512107849
1984,Sebastien  Buemi ,0.12420228123664856
1985,Sebastien  Buemi ,0.12420988082885742
1986,Sebastien  Buemi ,0.1242189109325409
1987,Sebastien  Buemi ,0.12422975897789001
1988,Sebastien  Buemi ,0.1242428719997406
1989,Sebastien  Buemi ,0.12425887584686279
1990,Sebastien  Buemi ,0.12427850067615509
1991,Sebastien  Buemi ,0.12430253624916077
1992,Sebastien  Buemi ,0.1243320107460022
1993,Sebastien  Buemi ,0.12436820566654205
1994,Sebastien  Buemi ,0.12441250681877136
1995,Sebastien  Buemi ,0.12446656823158264
1996,Sebastien  Buemi ,0.12453198432922363
1997,Sebastien  Buemi ,0.12461009621620178
1998,Sebastien  Buemi ,0.12470138072967529
1999,Sebastien  Buemi ,0.12480390071868896
2000,Sebastien  Buemi ,0.12491035461425781
2001,Sebastien  Buemi ,0.12500204145908356
2002,Sebastien  Buemi ,0.12503722310066223
2003,Sebastien  Buemi ,0.12493276596069336
2004,Sebastien  Buemi ,0.12454518675804138
2005,Sebastien  Buemi ,0.12369281053543091
2006,Sebastien  Buemi ,0.12236994504928589
2007,Sebastien  Buemi ,0.12150076031684875
2008,Sebastien  Buemi ,0.12643501162528992
2009,Sebastien  Buemi ,0.15159104764461517
2010,Sebastien  Buemi ,0.15734675526618958
2011,Sebastien  Buemi ,0.169772669672966
2012,Sebastien  Buemi ,0.12899288535118103
2013,Sebastien  Buemi ,0.12640243768692017
2014,Sebastien  Buemi ,0.12876565754413605
2015,Sebastien  Buemi ,0.13067664206027985
2016,Sebastien  Buemi ,0.13157448172569275
2017,Sebastien  Buemi ,0.13179239630699158
2018,Sebastien  Buemi ,0.1315167397260666
2019,Sebastien  Buemi ,0.1306249499320984
2020,Sebastien  Buemi ,0.12872296571731567
2021,Sebastien  Buemi ,0.1251562535762787
2022,Sebastien  Buemi ,0.11870786547660828
2023,Sebastien  Buemi ,0.10636274516582489
2024,Sebastien  Buemi ,0.08162996172904968
2025,Sebastien  Buemi ,0.039903052151203156
2026,Sebastien  Buemi ,-0.06969387829303741
2027,Sebastien  Buemi ,-0.07349970936775208
2028,Sebastien  Buemi ,-0.07349970936775208
2029,Sebastien  Buemi ,-0.07349970936775208
2030,Sebastien  Buemi ,-0.07349970936775208
1958,Sergey  Sirotkin ,0.11337573826313019
1959,Sergey  Sirotkin ,0.11132732033729553
1960,Sergey  Sirotkin ,0.11172214150428772
1961,Sergey  Sirotkin ,0.1131378710269928
1962,Sergey  Sirotkin ,0.11504635214805603
1963,Sergey  Sirotkin ,0.11702601611614227
1964,Sergey  Sirotkin ,0.11880694329738617
1965,Sergey  Sirotkin ,0.1202721893787384
1966,Sergey  Sirotkin ,0.12140753865242004
1967,Sergey  Sirotkin ,0.12225078046321869
1968,Sergey  Sirotkin ,0.1228579580783844
1969,Sergey  Sirotkin ,0.12328490614891052
1970,Sergey  Sirotkin ,0.12357959151268005
1971,Sergey  Sirotkin ,0.12377996742725372
1972,Sergey  Sirotkin ,0.12391459941864014
1973,Sergey  Sirotkin ,0.12400417029857635
1974,Sergey  Sirotkin ,0.12406331300735474
1975,Sergey  Sirotkin ,0.12410217523574829
1976,Sergey  Sirotkin ,0.12412762641906738
1977,Sergey  Sirotkin ,0.12414439022541046
1978,Sergey  Sirotkin ,0.12415552139282227
1979,Sergey  Sirotkin ,0.12416304647922516
1980,Sergey  Sirotkin ,0.12416836619377136
1981,Sergey  Sirotkin ,0.1241724044084549
1982,Sergey  Sirotkin ,0.12417563796043396
1983,Sergey  Sirotkin ,0.12417857348918915
1984,Sergey  Sirotkin ,0.12418150901794434
1985,Sergey  Sirotkin ,0.12418462336063385
1986,Sergey  Sirotkin ,0.12418815493583679
1987,Sergey  Sirotkin ,0.1241922378540039
1988,Sergey  Sirotkin ,0.12419706583023071
1989,Sergey  Sirotkin ,0.12420284748077393
1990,Sergey  Sirotkin ,0.12420980632305145
1991,Sergey  Sirotkin ,0.12421822547912598
1992,Sergey  Sirotkin ,0.12422841787338257
1993,Sergey  Sirotkin ,0.12424075603485107
1994,Sergey  Sirotkin ,0.12425573170185089
1995,Sergey  Sirotkin ,0.12427392601966858
1996,Sergey  Sirotkin ,0.12429600954055786
1997,Sergey  Sirotkin ,0.12432286143302917
1998,Sergey  Sirotkin ,0.12435555458068848
1999,Sergey  Sirotkin ,0.12439537048339844
2000,Sergey  Sirotkin ,0.12444387376308441
2001,Sergey  Sirotkin ,0.12450306117534637
2002,Sergey  Sirotkin ,0.12457531690597534
2003,Sergey  Sirotkin ,0.12466356158256531
2004,Sergey  Sirotkin ,0.12477117776870728
2005,Sergey  Sirotkin ,0.12490236759185791
2006,Sergey  Sirotkin ,0.12506170570850372
2007,Sergey  Sirotkin ,0.12525421380996704
2008,Sergey  Sirotkin ,0.12548425793647766
2009,Sergey  Sirotkin ,0.12575426697731018
2010,Sergey  Sirotkin ,0.1260608732700348
2011,Sergey  Sirotkin ,0.12638887763023376
2012,Sergey  Sirotkin ,0.12670192122459412
2013,Sergey  Sirotkin ,0.12693583965301514
2014,Sergey  Sirotkin ,0.12701907753944397
2015,Sergey  Sirotkin ,0.12700027227401733
2016,Sergey  Sirotkin ,0.12739521265029907
2017,Sergey  Sirotkin ,0.13086743652820587
2018,Sergey  Sirotkin ,0.12370756268501282
2019,Sergey  Sirotkin ,0.12934020161628723
2020,Sergey  Sirotkin ,0.12692603468894958
2021,Sergey  Sirotkin ,0.1248144656419754
2022,Sergey  Sirotkin ,0.11926837265491486
2023,Sergey  Sirotkin ,0.1072508692741394
2024,Sergey  Sirotkin ,0.08249592781066895
2025,Sergey  Sirotkin ,0.039903052151203156
2026,Sergey  Sirotkin ,-0.06969387829303741
2027,Sergey  Sirotkin ,-0.07349970936775208
2028,Sergey  Sirotkin ,-0.07349970936775208
2029,Sergey  Sirotkin ,-0.07349970936775208
2030,Sergey  Sirotkin ,-0.07349970936775208
1958,Sergio  Perez ,0.11337582767009735
1959,Sergio  Perez ,0.11132755875587463
1960,Sergio  Perez ,0.11172249913215637
1961,Sergio  Perez ,0.11313837766647339
1962,Sergio  Perez ,0.11504703760147095
1963,Sergio  Perez ,0.11702682077884674
1964,Sergio  Perez ,0.11880797147750854
1965,Sergio  Perez ,0.12027347087860107
1966,Sergio  Perez ,0.12140907347202301
1967,Sergio  Perez ,0.12225267291069031
1968,Sergio  Perez ,0.12286022305488586
1969,Sergio  Perez ,0.12328766286373138
1970,Sergio  Perez ,0.12358292937278748
1971,Sergio  Perez ,0.12378402054309845
1972,Sergio  Perez ,0.12391950190067291
1973,Sergio  Perez ,0.12401014566421509
1974,Sergio  Perez ,0.12407052516937256
1975,Sergio  Perez ,0.12411089241504669
1976,Sergio  Perez ,0.12413822114467621
1977,Sergio  Perez ,0.12415719032287598
1978,Sergio  Perez ,0.12417104840278625
1979,Sergio  Perez ,0.12418186664581299
1980,Sergio  Perez ,0.12419116497039795
1981,Sergio  Perez ,0.12419998645782471
1982,Sergio  Perez ,0.12420907616615295
1983,Sergio  Perez ,0.12421914935112
1984,Sergio  Perez ,0.12423068284988403
1985,Sergio  Perez ,0.12424424290657043
1986,Sergio  Perez ,0.12426048517227173
1987,Sergio  Perez ,0.12428005039691925
1988,Sergio  Perez ,0.12430372834205627
1989,Sergio  Perez ,0.12433253228664398
1990,Sergio  Perez ,0.12436756491661072
1991,Sergio  Perez ,0.12441033124923706
1992,Sergio  Perez ,0.12446251511573792
1993,Sergio  Perez ,0.12452630698680878
1994,Sergio  Perez ,0.12460429966449738
1995,Sergio  Perez ,0.12469971179962158
1996,Sergio  Perez ,0.12481623888015747
1997,Sergio  Perez ,0.124958336353302
1998,Sergio  Perez ,0.1251307725906372
1999,Sergio  Perez ,0.12533888220787048
2000,Sergio  Perez ,0.1255873590707779
2001,Sergio  Perez ,0.12587904930114746
2002,Sergio  Perez ,0.12621161341667175
2003,Sergio  Perez ,0.12657010555267334
2004,Sergio  Perez ,0.1269128918647766
2005,Sergio  Perez ,0.12714731693267822
2006,Sergio  Perez ,0.12710267305374146
2007,Sergio  Perez ,0.1265537440776825
2008,Sergio  Perez ,0.12548622488975525
2009,Sergio  Perez ,0.12511180341243744
2010,Sergio  Perez ,0.1316106617450714
2011,Sergio  Perez ,0.16923674941062927
2012,Sergio  Perez ,0.25799986720085144
2013,Sergio  Perez ,0.2702759802341461
2014,Sergio  Perez ,0.2754102051258087
2015,Sergio  Perez ,0.30485525727272034
2016,Sergio  Perez ,0.3493724763393402
2017,Sergio  Perez ,0.3499854803085327
2018,Sergio  Perez ,0.30863502621650696
2019,Sergio  Perez ,0.2826950252056122
2020,Sergio  Perez ,0.4198690950870514
2021,Sergio  Perez ,0.5438154935836792
2022,Sergio  Perez ,0.6590335369110107
2023,Sergio  Perez ,0.6420156955718994
2024,Sergio  Perez ,0.3686390817165375
2025,Sergio  Perez ,0.21837803721427917
2026,Sergio  Perez ,0.07392308115959167
2027,Sergio  Perez ,0.04899972677230835
2028,Sergio  Perez ,0.044815316796302795
2029,Sergio  Perez ,0.04411615431308746
2030,Sergio  Perez ,0.043999433517456055
1958,Shinji  Nakano ,0.11337599158287048
1959,Shinji  Nakano ,0.11132809519767761
1960,Shinji  Nakano ,0.11172330379486084
1961,Shinji  Nakano ,0.11313943564891815
1962,Shinji  Nakano ,0.1150483787059784
1963,Shinji  Nakano ,0.11702853441238403
1964,Shinji  Nakano ,0.11881008744239807
1965,Shinji  Nakano ,0.12027609348297119
1966,Shinji  Nakano ,0.12141229212284088
1967,Shinji  Nakano ,0.12225660681724548
1968,Shinji  Nakano ,0.12286505103111267
1969,Shinji  Nakano ,0.12329351902008057
1970,Shinji  Nakano ,0.12359009683132172
1971,Shinji  Nakano ,0.12379276752471924
1972,Shinji  Nakano ,0.12393015623092651
1973,Shinji  Nakano ,0.12402310967445374
1974,Shinji  Nakano ,0.1240864098072052
1975,Shinji  Nakano ,0.12413036823272705
1976,Shinji  Nakano ,0.12416210770606995
1977,Shinji  Nakano ,0.12418660521507263
1978,Shinji  Nakano ,0.12420731782913208
1979,Shinji  Nakano ,0.12422671914100647
1980,Shinji  Nakano ,0.12424673140048981
1981,Shinji  Nakano ,0.12426894903182983
1982,Shinji  Nakano ,0.12429466843605042
1983,Shinji  Nakano ,0.12432527542114258
1984,Shinji  Nakano ,0.12436166405677795
1985,Shinji  Nakano ,0.12440454959869385
1986,Shinji  Nakano ,0.12445348501205444
1987,Shinji  Nakano ,0.1245059072971344
1988,Shinji  Nakano ,0.12455418705940247
1989,Shinji  Nakano ,0.12458038330078125
1990,Shinji  Nakano ,0.12454622983932495
1991,Shinji  Nakano ,0.12437766790390015
1992,Shinji  Nakano ,0.12394991517066956
1993,Shinji  Nakano ,0.12310874462127686
1994,Shinji  Nakano ,0.12185674905776978
1995,Shinji  Nakano ,0.1209486871957779
1996,Shinji  Nakano ,0.12513241171836853
1997,Shinji  Nakano ,0.13701577484607697
1998,Shinji  Nakano ,0.11352618038654327
1999,Shinji  Nakano ,0.12177693843841553
2000,Shinji  Nakano ,0.12222586572170258
2001,Shinji  Nakano ,0.12480346858501434
2002,Shinji  Nakano ,0.12609659135341644
2003,Shinji  Nakano ,0.12641172111034393
2004,Shinji  Nakano ,0.12626761198043823
2005,Shinji  Nakano ,0.1260102242231369
2006,Shinji  Nakano ,0.12580081820487976
2007,Shinji  Nakano ,0.12569499015808105
2008,Shinji  Nakano ,0.1257016956806183
2009,Shinji  Nakano ,0.12581506371498108
2010,Shinji  Nakano ,0.1260279268026352
2011,Shinji  Nakano ,0.12633606791496277
2012,Shinji  Nakano ,0.12673795223236084
2013,Shinji  Nakano ,0.12723185122013092
2014,Shinji  Nakano ,0.12780970335006714
2015,Shinji  Nakano ,0.12844690680503845
2016,Shinji  Nakano ,0.129085972905159
2017,Shinji  Nakano ,0.12961235642433167
2018,Shinji  Nakano ,0.12982332706451416
2019,Shinji  Nakano ,0.12939727306365967
2020,Shinji  Nakano ,0.12787017226219177
2021,Shinji  Nakano ,0.12457989156246185
2022,Shinji  Nakano ,0.11832526326179504
2023,Shinji  Nakano ,0.10611212253570557
2024,Shinji  Nakano ,0.08146980404853821
2025,Shinji  Nakano ,0.039903052151203156
2026,Shinji  Nakano ,-0.06969387829303741
2027,Shinji  Nakano ,-0.07349970936775208
2028,Shinji  Nakano ,-0.07349970936775208
2029,Shinji  Nakano ,-0.07349970936775208
2030,Shinji  Nakano ,-0.07349970936775208
1958,Silvio Moser,0.11353066563606262
1959,Silvio Moser,0.1116044819355011
1960,Silvio Moser,0.11205542087554932
1961,Silvio Moser,0.11345507204532623
1962,Silvio Moser,0.11521120369434357
1963,Silvio Moser,0.11677761375904083
1964,Silvio Moser,0.11770981550216675
1965,Silvio Moser,0.11780241131782532
1966,Silvio Moser,0.11740869283676147
1967,Silvio Moser,0.12072640657424927
1968,Silvio Moser,0.0985649824142456
1969,Silvio Moser,0.16161224246025085
1970,Silvio Moser,0.12362296879291534
1971,Silvio Moser,0.12151435017585754
1972,Silvio Moser,0.12358316779136658
1973,Silvio Moser,0.1251276135444641
1974,Silvio Moser,0.1256675124168396
1975,Silvio Moser,0.125614196062088
1976,Silvio Moser,0.12533517181873322
1977,Silvio Moser,0.12502697110176086
1978,Silvio Moser,0.1247665286064148
1979,Silvio Moser,0.12457087635993958
1980,Silvio Moser,0.12443326413631439
1981,Silvio Moser,0.12434057891368866
1982,Silvio Moser,0.12428027391433716
1983,Silvio Moser,0.12424226105213165
1984,Silvio Moser,0.12421925365924835
1985,Silvio Moser,0.12420615553855896
1986,Silvio Moser,0.12419962882995605
1987,Silvio Moser,0.12419749796390533
1988,Silvio Moser,0.12419840693473816
1989,Silvio Moser,0.12420159578323364
1990,Silvio Moser,0.12420669198036194
1991,Silvio Moser,0.1242135763168335
1992,Silvio Moser,0.12422232329845428
1993,Silvio Moser,0.12423311173915863
1994,Silvio Moser,0.12424629926681519
1995,Silvio Moser,0.12426236271858215
1996,Silvio Moser,0.1242818534374237
1997,Silvio Moser,0.12430548667907715
1998,Silvio Moser,0.1243341863155365
1999,Silvio Moser,0.12436904013156891
2000,Silvio Moser,0.12441135942935944
2001,Silvio Moser,0.12446281313896179
2002,Silvio Moser,0.12452533841133118
2003,Silvio Moser,0.12460151314735413
2004,Silvio Moser,0.12469427287578583
2005,Silvio Moser,0.12480735778808594
2006,Silvio Moser,0.12494531273841858
2007,Silvio Moser,0.1251136064529419
2008,Silvio Moser,0.12531894445419312
2009,Silvio Moser,0.12556907534599304
2010,Silvio Moser,0.12587301433086395
2011,Silvio Moser,0.12624028325080872
2012,Silvio Moser,0.12667980790138245
2013,Silvio Moser,0.12719720602035522
2014,Silvio Moser,0.1277894377708435
2015,Silvio Moser,0.12843531370162964
2016,Silvio Moser,0.12907952070236206
2017,Silvio Moser,0.1296088695526123
2018,Silvio Moser,0.1298215091228485
2019,Silvio Moser,0.12939642369747162
2020,Silvio Moser,0.12786978483200073
2021,Silvio Moser,0.12457975745201111
2022,Silvio Moser,0.11832524836063385
2023,Silvio Moser,0.10611216723918915
2024,Silvio Moser,0.08146984875202179
2025,Silvio Moser,0.039903052151203156
2026,Silvio Moser,-0.06969387829303741
2027,Silvio Moser,-0.07349970936775208
2028,Silvio Moser,-0.07349970936775208
2029,Silvio Moser,-0.07349970936775208
2030,Silvio Moser,-0.07349970936775208
1958,Slim  Borgudd ,0.11337918043136597
1959,Slim  Borgudd ,0.11133673787117004
1960,Slim  Borgudd ,0.11173619329929352
1961,Slim  Borgudd ,0.11315678060054779
1962,Slim  Borgudd ,0.11507090926170349
1963,Slim  Borgudd ,0.11705732345581055
1964,Slim  Borgudd ,0.11884652078151703
1965,Slim  Borgudd ,0.1203218549489975
1966,Slim  Borgudd ,0.12146955728530884
1967,Slim  Borgudd ,0.12232780456542969
1968,Slim  Borgudd ,0.12295299768447876
1969,Slim  Borgudd ,0.12340101599693298
1970,Slim  Borgudd ,0.12371926009654999
1971,Slim  Borgudd ,0.12394349277019501
1972,Slim  Borgudd ,0.12409688532352448
1973,Slim  Borgudd ,0.12418825924396515
1974,Slim  Borgudd ,0.12420852482318878
1975,Slim  Borgudd ,0.12412451207637787
1976,Slim  Borgudd ,0.12387657165527344
1977,Slim  Borgudd ,0.12340392172336578
1978,Slim  Borgudd ,0.12278202176094055
1979,Slim  Borgudd ,0.12256740033626556
1980,Slim  Borgudd ,0.12617802619934082
1981,Slim  Borgudd ,0.12225161492824554
1982,Slim  Borgudd ,0.12438280880451202
1983,Slim  Borgudd ,0.1232294887304306
1984,Slim  Borgudd ,0.12425118684768677
1985,Slim  Borgudd ,0.12489479780197144
1986,Slim  Borgudd ,0.12507548928260803
1987,Slim  Borgudd ,0.12499509751796722
1988,Slim  Borgudd ,0.12482589483261108
1989,Slim  Borgudd ,0.12465670704841614
1990,Slim  Borgudd ,0.12452027201652527
1991,Slim  Borgudd ,0.12442216277122498
1992,Slim  Borgudd ,0.12435734272003174
1993,Slim  Borgudd ,0.12431859970092773
1994,Slim  Borgudd ,0.12429934740066528
1995,Slim  Borgudd ,0.12429463863372803
1996,Slim  Borgudd ,0.12430113554000854
1997,Slim  Borgudd ,0.1243167370557785
1998,Slim  Borgudd ,0.12434059381484985
1999,Slim  Borgudd ,0.12437260150909424
2000,Slim  Borgudd ,0.12441325187683105
2001,Slim  Borgudd ,0.1244637668132782
2002,Slim  Borgudd ,0.12452580034732819
2003,Slim  Borgudd ,0.12460170686244965
2004,Slim  Borgudd ,0.1246943473815918
2005,Slim  Borgudd ,0.12480735778808594
2006,Slim  Borgudd ,0.12494528293609619
2007,Slim  Borgudd ,0.1251135766506195
2008,Slim  Borgudd ,0.12531888484954834
2009,Slim  Borgudd ,0.12556904554367065
2010,Slim  Borgudd ,0.12587299942970276
2011,Slim  Borgudd ,0.1262402981519699
2012,Slim  Borgudd ,0.12667980790138245
2013,Slim  Borgudd ,0.12719720602035522
2014,Slim  Borgudd ,0.1277894526720047
2015,Slim  Borgudd ,0.12843531370162964
2016,Slim  Borgudd ,0.12907950580120087
2017,Slim  Borgudd ,0.1296088695526123
2018,Slim  Borgudd ,0.1298215091228485
2019,Slim  Borgudd ,0.12939642369747162
2020,Slim  Borgudd ,0.12786979973316193
2021,Slim  Borgudd ,0.12457975745201111
2022,Slim  Borgudd ,0.11832524836063385
2023,Slim  Borgudd ,0.10611218214035034
2024,Slim  Borgudd ,0.08146986365318298
2025,Slim  Borgudd ,0.039903052151203156
2026,Slim  Borgudd ,-0.06969387829303741
2027,Slim  Borgudd ,-0.07349970936775208
2028,Slim  Borgudd ,-0.07349970936775208
2029,Slim  Borgudd ,-0.07349970936775208
2030,Slim  Borgudd ,-0.07349970936775208
1958,Stefan  Bellof ,0.11337718367576599
1959,Stefan  Bellof ,0.11133143305778503
1960,Stefan  Bellof ,0.11172828078269958
1961,Stefan  Bellof ,0.11314612627029419
1962,Stefan  Bellof ,0.11505700647830963
1963,Stefan  Bellof ,0.11703948676586151
1964,Stefan  Bellof ,0.11882385611534119
1965,Stefan  Bellof ,0.12029331922531128
1966,Stefan  Bellof ,0.12143374979496002
1967,Stefan  Bellof ,0.12228329479694366
1968,Stefan  Bellof ,0.1228981614112854
1969,Stefan  Bellof ,0.1233346164226532
1970,Stefan  Bellof ,0.12364093959331512
1971,Stefan  Bellof ,0.12385547161102295
1972,Stefan  Bellof ,0.1240069568157196
1973,Stefan  Bellof ,0.12411613762378693
1974,Stefan  Bellof ,0.12419687211513519
1975,Stefan  Bellof ,0.12425702810287476
1976,Stefan  Bellof ,0.12429778277873993
1977,Stefan  Bellof ,0.12431111931800842
1978,Stefan  Bellof ,0.12427382171154022
1979,Stefan  Bellof ,0.1241380125284195
1980,Stefan  Bellof ,0.12382501363754272
1981,Stefan  Bellof ,0.12325213849544525
1982,Stefan  Bellof ,0.12250301241874695
1983,Stefan  Bellof ,0.12236529588699341
1984,Stefan  Bellof ,0.12691126763820648
1985,Stefan  Bellof ,0.148456871509552
1986,Stefan  Bellof ,0.12548542022705078
1987,Stefan  Bellof ,0.12270131707191467
1988,Stefan  Bellof ,0.12361401319503784
1989,Stefan  Bellof ,0.12454664707183838
1990,Stefan  Bellof ,0.12495329976081848
1991,Stefan  Bellof ,0.12499552965164185
1992,Stefan  Bellof ,0.12487983703613281
1993,Stefan  Bellof ,0.12472938001155853
1994,Stefan  Bellof ,0.12459783256053925
1995,Stefan  Bellof ,0.1245012879371643
1996,Stefan  Bellof ,0.124439537525177
1997,Stefan  Bellof ,0.12440720200538635
1998,Stefan  Bellof ,0.12439855933189392
1999,Stefan  Bellof ,0.12440907955169678
2000,Stefan  Bellof ,0.12443584203720093
2001,Stefan  Bellof ,0.12447753548622131
2002,Stefan  Bellof ,0.12453407049179077
2003,Stefan  Bellof ,0.12460659444332123
2004,Stefan  Bellof ,0.12469714879989624
2005,Stefan  Bellof ,0.12480896711349487
2006,Stefan  Bellof ,0.12494619190692902
2007,Stefan  Bellof ,0.1251140683889389
2008,Stefan  Bellof ,0.12531916797161102
2009,Stefan  Bellof ,0.1255691945552826
2010,Stefan  Bellof ,0.12587307393550873
2011,Stefan  Bellof ,0.1262402981519699
2012,Stefan  Bellof ,0.12667980790138245
2013,Stefan  Bellof ,0.12719720602035522
2014,Stefan  Bellof ,0.1277894377708435
2015,Stefan  Bellof ,0.12843531370162964
2016,Stefan  Bellof ,0.12907952070236206
2017,Stefan  Bellof ,0.1296088695526123
2018,Stefan  Bellof ,0.1298215091228485
2019,Stefan  Bellof ,0.12939642369747162
2020,Stefan  Bellof ,0.12786976993083954
2021,Stefan  Bellof ,0.12457975745201111
2022,Stefan  Bellof ,0.11832526326179504
2023,Stefan  Bellof ,0.10611218214035034
2024,Stefan  Bellof ,0.08146986365318298
2025,Stefan  Bellof ,0.039903052151203156
2026,Stefan  Bellof ,-0.06969387829303741
2027,Stefan  Bellof ,-0.07349970936775208
2028,Stefan  Bellof ,-0.07349970936775208
2029,Stefan  Bellof ,-0.07349970936775208
2030,Stefan  Bellof ,-0.07349970936775208
1958,Stefan  Johansson ,0.1133827418088913
1959,Stefan  Johansson ,0.11134728789329529
1960,Stefan  Johansson ,0.111751988530159
1961,Stefan  Johansson ,0.11317780613899231
1962,Stefan  Johansson ,0.11509782075881958
1963,Stefan  Johansson ,0.1170911192893982
1964,Stefan  Johansson ,0.1188884824514389
1965,Stefan  Johansson ,0.12037360668182373
1966,Stefan  Johansson ,0.12153303623199463
1967,Stefan  Johansson ,0.12240560352802277
1968,Stefan  Johansson ,0.12304848432540894
1969,Stefan  Johansson ,0.12351879477500916
1970,Stefan  Johansson ,0.12386591732501984
1971,Stefan  Johansson ,0.1241290420293808
1972,Stefan  Johansson ,0.12433752417564392
1973,Stefan  Johansson ,0.12451174855232239
1974,Stefan  Johansson ,0.12466350197792053
1975,Stefan  Johansson ,0.12479433417320251
1976,Stefan  Johansson ,0.12489056587219238
1977,Stefan  Johansson ,0.12491044402122498
1978,Stefan  Johansson ,0.12476018071174622
1979,Stefan  Johansson ,0.12425844371318817
1980,Stefan  Johansson ,0.12312151491641998
1981,Stefan  Johansson ,0.1211152970790863
1982,Stefan  Johansson ,0.11874300241470337
1983,Stefan  Johansson ,0.1211325079202652
1984,Stefan  Johansson ,0.13266316056251526
1985,Stefan  Johansson ,0.2673705220222473
1986,Stefan  Johansson ,0.2937757074832916
1987,Stefan  Johansson ,0.28559237718582153
1988,Stefan  Johansson ,0.124776691198349
1989,Stefan  Johansson ,0.18668599426746368
1990,Stefan  Johansson ,0.12671369314193726
1991,Stefan  Johansson ,0.12484478950500488
1992,Stefan  Johansson ,0.12651510536670685
1993,Stefan  Johansson ,0.12755656242370605
1994,Stefan  Johansson ,0.12755714356899261
1995,Stefan  Johansson ,0.12703323364257812
1996,Stefan  Johansson ,0.12638694047927856
1997,Stefan  Johansson ,0.12581303715705872
1998,Stefan  Johansson ,0.12537288665771484
1999,Stefan  Johansson ,0.1250656396150589
2000,Stefan  Johansson ,0.12486925721168518
2001,Stefan  Johansson ,0.1247590184211731
2002,Stefan  Johansson ,0.12471440434455872
2003,Stefan  Johansson ,0.1247207522392273
2004,Stefan  Johansson ,0.12476867437362671
2005,Stefan  Johansson ,0.12485334277153015
2006,Stefan  Johansson ,0.12497344613075256
2007,Stefan  Johansson ,0.12513068318367004
2008,Stefan  Johansson ,0.12532922625541687
2009,Stefan  Johansson ,0.1255752444267273
2010,Stefan  Johansson ,0.12587666511535645
2011,Stefan  Johansson ,0.12624245882034302
2012,Stefan  Johansson ,0.12668108940124512
2013,Stefan  Johansson ,0.12719795107841492
2014,Stefan  Johansson ,0.12778989970684052
2015,Stefan  Johansson ,0.12843556702136993
2016,Stefan  Johansson ,0.1290796846151352
2017,Stefan  Johansson ,0.12960895895957947
2018,Stefan  Johansson ,0.1298215687274933
2019,Stefan  Johansson ,0.129396453499794
2020,Stefan  Johansson ,0.12786978483200073
2021,Stefan  Johansson ,0.1245797723531723
2022,Stefan  Johansson ,0.11832526326179504
2023,Stefan  Johansson ,0.10611218214035034
2024,Stefan  Johansson ,0.08146986365318298
2025,Stefan  Johansson ,0.039903052151203156
2026,Stefan  Johansson ,-0.06969387829303741
2027,Stefan  Johansson ,-0.07349970936775208
2028,Stefan  Johansson ,-0.07349970936775208
2029,Stefan  Johansson ,-0.07349970936775208
2030,Stefan  Johansson ,-0.07349970936775208
1958,Stefano  Modena ,0.11337795853614807
1959,Stefano  Modena ,0.1113336980342865
1960,Stefano  Modena ,0.11173169314861298
1961,Stefano  Modena ,0.11315064132213593
1962,Stefano  Modena ,0.11506277322769165
1963,Stefano  Modena ,0.11704668402671814
1964,Stefano  Modena ,0.11883272230625153
1965,Stefano  Modena ,0.12030413746833801
1966,Stefano  Modena ,0.12144686281681061
1967,Stefano  Modena ,0.12229911983013153
1968,Stefano  Modena ,0.12291723489761353
1969,Stefano  Modena ,0.12335759401321411
1970,Stefano  Modena ,0.12366873025894165
1971,Stefano  Modena ,0.12388934195041656
1972,Stefano  Modena ,0.12404888868331909
1973,Stefano  Modena ,0.12416912615299225
1974,Stefano  Modena ,0.12426595389842987
1975,Stefano  Modena ,0.12435081601142883
1976,Stefano  Modena ,0.12443193793296814
1977,Stefano  Modena ,0.12451489269733429
1978,Stefano  Modena ,0.12460261583328247
1979,Stefano  Modena ,0.1246943324804306
1980,Stefano  Modena ,0.12478291988372803
1981,Stefano  Modena ,0.12484870851039886
1982,Stefano  Modena ,0.12484763562679291
1983,Stefano  Modena ,0.12469179928302765
1984,Stefano  Modena ,0.12422725558280945
1985,Stefano  Modena ,0.12324807047843933
1986,Stefano  Modena ,0.12169131636619568
1987,Stefano  Modena ,0.12033796310424805
1988,Stefano  Modena ,0.12435835599899292
1989,Stefano  Modena ,0.14433105289936066
1990,Stefano  Modena ,0.14701345562934875
1991,Stefano  Modena ,0.23589059710502625
1992,Stefano  Modena ,0.1413341760635376
1993,Stefano  Modena ,0.12404319643974304
1994,Stefano  Modena ,0.12301218509674072
1995,Stefano  Modena ,0.12583418190479279
1996,Stefano  Modena ,0.12727108597755432
1997,Stefano  Modena ,0.12742546200752258
1998,Stefano  Modena ,0.12696713209152222
1999,Stefano  Modena ,0.12636296451091766
2000,Stefano  Modena ,0.125828355550766
2001,Stefano  Modena ,0.12542955577373505
2002,Stefano  Modena ,0.12516658008098602
2003,Stefano  Modena ,0.12501786649227142
2004,Stefano  Modena ,0.12496000528335571
2005,Stefano  Modena ,0.12497438490390778
2006,Stefano  Modena ,0.12504884600639343
2007,Stefano  Modena ,0.12517693638801575
2008,Stefano  Modena ,0.12535715103149414
2009,Stefano  Modena ,0.12559182941913605
2010,Stefano  Modena ,0.12588636577129364
2011,Stefano  Modena ,0.12624800205230713
2012,Stefano  Modena ,0.12668418884277344
2013,Stefano  Modena ,0.1271996647119522
2014,Stefano  Modena ,0.12779080867767334
2015,Stefano  Modena ,0.12843602895736694
2016,Stefano  Modena ,0.1290799081325531
2017,Stefano  Modena ,0.12960904836654663
2018,Stefano  Modena ,0.12982159852981567
2019,Stefano  Modena ,0.1293964684009552
2020,Stefano  Modena ,0.12786978483200073
2021,Stefano  Modena ,0.12457975745201111
2022,Stefano  Modena ,0.11832523345947266
2023,Stefano  Modena ,0.10611216723918915
2024,Stefano  Modena ,0.0814698338508606
2025,Stefano  Modena ,0.039903052151203156
2026,Stefano  Modena ,-0.06969387829303741
2027,Stefano  Modena ,-0.07349970936775208
2028,Stefano  Modena ,-0.07349970936775208
2029,Stefano  Modena ,-0.07349970936775208
2030,Stefano  Modena ,-0.07349970936775208
1958,Stirling  Moss ,0.27882787585258484
1959,Stirling  Moss ,0.31293031573295593
1960,Stirling  Moss ,0.30820778012275696
1961,Stirling  Moss ,0.29982414841651917
1962,Stirling  Moss ,0.10936754941940308
1963,Stirling  Moss ,0.10687954723834991
1964,Stirling  Moss ,0.11464551091194153
1965,Stirling  Moss ,0.12092234194278717
1966,Stirling  Moss ,0.12407439947128296
1967,Stirling  Moss ,0.1252276599407196
1968,Stirling  Moss ,0.12541891634464264
1969,Stirling  Moss ,0.12524709105491638
1970,Stirling  Moss ,0.12499046325683594
1971,Stirling  Moss ,0.12475569546222687
1972,Stirling  Moss ,0.12457209825515747
1973,Stirling  Moss ,0.12443897128105164
1974,Stirling  Moss ,0.12434667348861694
1975,Stirling  Moss ,0.1242845356464386
1976,Stirling  Moss ,0.12424373626708984
1977,Stirling  Moss ,0.12421752512454987
1978,Stirling  Moss ,0.12420108914375305
1979,Stirling  Moss ,0.12419116497039795
1980,Stirling  Moss ,0.12418542802333832
1981,Stirling  Moss ,0.12418244779109955
1982,Stirling  Moss ,0.1241813600063324
1983,Stirling  Moss ,0.12418152391910553
1984,Stirling  Moss ,0.12418264150619507
1985,Stirling  Moss ,0.12418445944786072
1986,Stirling  Moss ,0.12418708205223083
1987,Stirling  Moss ,0.12419037520885468
1988,Stirling  Moss ,0.12419447302818298
1989,Stirling  Moss ,0.1241995096206665
1990,Stirling  Moss ,0.12420561909675598
1991,Stirling  Moss ,0.1242130845785141
1992,Stirling  Moss ,0.12422209978103638
1993,Stirling  Moss ,0.12423303723335266
1994,Stirling  Moss ,0.12424629926681519
1995,Stirling  Moss ,0.12426236271858215
1996,Stirling  Moss ,0.1242818683385849
1997,Stirling  Moss ,0.12430551648139954
1998,Stirling  Moss ,0.12433423101902008
1999,Stirling  Moss ,0.1243690550327301
2000,Stirling  Moss ,0.12441134452819824
2001,Stirling  Moss ,0.12446281313896179
2002,Stirling  Moss ,0.12452535331249237
2003,Stirling  Moss ,0.12460151314735413
2004,Stirling  Moss ,0.12469428777694702
2005,Stirling  Moss ,0.12480735778808594
2006,Stirling  Moss ,0.12494529783725739
2007,Stirling  Moss ,0.1251136064529419
2008,Stirling  Moss ,0.12531894445419312
2009,Stirling  Moss ,0.12556907534599304
2010,Stirling  Moss ,0.12587302923202515
2011,Stirling  Moss ,0.12624028325080872
2012,Stirling  Moss ,0.12667980790138245
2013,Stirling  Moss ,0.12719719111919403
2014,Stirling  Moss ,0.1277894377708435
2015,Stirling  Moss ,0.12843531370162964
2016,Stirling  Moss ,0.12907952070236206
2017,Stirling  Moss ,0.1296088695526123
2018,Stirling  Moss ,0.1298215091228485
2019,Stirling  Moss ,0.1293964385986328
2020,Stirling  Moss ,0.12786978483200073
2021,Stirling  Moss ,0.12457975745201111
2022,Stirling  Moss ,0.11832524836063385
2023,Stirling  Moss ,0.10611218214035034
2024,Stirling  Moss ,0.08146984875202179
2025,Stirling  Moss ,0.039903052151203156
2026,Stirling  Moss ,-0.06969387829303741
2027,Stirling  Moss ,-0.07349970936775208
2028,Stirling  Moss ,-0.07349970936775208
2029,Stirling  Moss ,-0.07349970936775208
2030,Stirling  Moss ,-0.07349970936775208
1958,Stoffel  Vandoorne ,0.11337573826313019
1959,Stoffel  Vandoorne ,0.11132732033729553
1960,Stoffel  Vandoorne ,0.11172214150428772
1961,Stoffel  Vandoorne ,0.11313793063163757
1962,Stoffel  Vandoorne ,0.1150464415550232
1963,Stoffel  Vandoorne ,0.11702609062194824
1964,Stoffel  Vandoorne ,0.11880703270435333
1965,Stoffel  Vandoorne ,0.12027232348918915
1966,Stoffel  Vandoorne ,0.12140770256519318
1967,Stoffel  Vandoorne ,0.12225097417831421
1968,Stoffel  Vandoorne ,0.12285816669464111
1969,Stoffel  Vandoorne ,0.12328514456748962
1970,Stoffel  Vandoorne ,0.12357988953590393
1971,Stoffel  Vandoorne ,0.12378033995628357
1972,Stoffel  Vandoorne ,0.12391504645347595
1973,Stoffel  Vandoorne ,0.12400469183921814
1974,Stoffel  Vandoorne ,0.12406396865844727
1975,Stoffel  Vandoorne ,0.12410295009613037
1976,Stoffel  Vandoorne ,0.12412859499454498
1977,Stoffel  Vandoorne ,0.12414555251598358
1978,Stoffel  Vandoorne ,0.12415693700313568
1979,Stoffel  Vandoorne ,0.12416478991508484
1980,Stoffel  Vandoorne ,0.1241704523563385
1981,Stoffel  Vandoorne ,0.12417490780353546
1982,Stoffel  Vandoorne ,0.1241786777973175
1983,Stoffel  Vandoorne ,0.12418225407600403
1984,Stoffel  Vandoorne ,0.12418599426746368
1985,Stoffel  Vandoorne ,0.12419003248214722
1986,Stoffel  Vandoorne ,0.12419471144676208
1987,Stoffel  Vandoorne ,0.12420018017292023
1988,Stoffel  Vandoorne ,0.12420669198036194
1989,Stoffel  Vandoorne ,0.12421455979347229
1990,Stoffel  Vandoorne ,0.12422403693199158
1991,Stoffel  Vandoorne ,0.12423554062843323
1992,Stoffel  Vandoorne ,0.12424945831298828
1993,Stoffel  Vandoorne ,0.12426643073558807
1994,Stoffel  Vandoorne ,0.12428705394268036
1995,Stoffel  Vandoorne ,0.12431220710277557
1996,Stoffel  Vandoorne ,0.1243428885936737
1997,Stoffel  Vandoorne ,0.12438037991523743
1998,Stoffel  Vandoorne ,0.12442620098590851
1999,Stoffel  Vandoorne ,0.12448228895664215
2000,Stoffel  Vandoorne ,0.12455093860626221
2001,Stoffel  Vandoorne ,0.12463498115539551
2002,Stoffel  Vandoorne ,0.12473753094673157
2003,Stoffel  Vandoorne ,0.12486232817173004
2004,Stoffel  Vandoorne ,0.12501320242881775
2005,Stoffel  Vandoorne ,0.12519356608390808
2006,Stoffel  Vandoorne ,0.12540510296821594
2007,Stoffel  Vandoorne ,0.12564487755298615
2008,Stoffel  Vandoorne ,0.1258995085954666
2009,Stoffel  Vandoorne ,0.12613427639007568
2010,Stoffel  Vandoorne ,0.12627531588077545
2011,Stoffel  Vandoorne ,0.12619122862815857
2012,Stoffel  Vandoorne ,0.12570837140083313
2013,Stoffel  Vandoorne ,0.12478616833686829
2014,Stoffel  Vandoorne ,0.12408798933029175
2015,Stoffel  Vandoorne ,0.12796872854232788
2016,Stoffel  Vandoorne ,0.12323419749736786
2017,Stoffel  Vandoorne ,0.16663259267807007
2018,Stoffel  Vandoorne ,0.18057456612586975
2019,Stoffel  Vandoorne ,0.1332438588142395
2020,Stoffel  Vandoorne ,0.12760266661643982
2021,Stoffel  Vandoorne ,0.12593623995780945
2022,Stoffel  Vandoorne ,0.12099190056324005
2023,Stoffel  Vandoorne ,0.109079509973526
2024,Stoffel  Vandoorne ,0.08408746123313904
2025,Stoffel  Vandoorne ,0.039903052151203156
2026,Stoffel  Vandoorne ,-0.06969387829303741
2027,Stoffel  Vandoorne ,-0.07349970936775208
2028,Stoffel  Vandoorne ,-0.07349970936775208
2029,Stoffel  Vandoorne ,-0.07349970936775208
2030,Stoffel  Vandoorne ,-0.07349970936775208
1958,Stuart Lewis-Evans,0.21352282166481018
1959,Stuart Lewis-Evans,0.12299275398254395
1960,Stuart Lewis-Evans,0.11017623543739319
1961,Stuart Lewis-Evans,0.11059102416038513
1962,Stuart Lewis-Evans,0.11385099589824677
1963,Stuart Lewis-Evans,0.11690443754196167
1964,Stuart Lewis-Evans,0.11918118596076965
1965,Stuart Lewis-Evans,0.12076930701732635
1966,Stuart Lewis-Evans,0.12185792624950409
1967,Stuart Lewis-Evans,0.12260265648365021
1968,Stuart Lewis-Evans,0.12311218678951263
1969,Stuart Lewis-Evans,0.12346009910106659
1970,Stuart Lewis-Evans,0.12369659543037415
1971,Stuart Lewis-Evans,0.12385633587837219
1972,Stuart Lewis-Evans,0.12396353483200073
1973,Stuart Lewis-Evans,0.12403500080108643
1974,Stuart Lewis-Evans,0.12408247590065002
1975,Stuart Lewis-Evans,0.12411385774612427
1976,Stuart Lewis-Evans,0.1241346001625061
1977,Stuart Lewis-Evans,0.1241484135389328
1978,Stuart Lewis-Evans,0.12415768206119537
1979,Stuart Lewis-Evans,0.12416407465934753
1980,Stuart Lewis-Evans,0.12416866421699524
1981,Stuart Lewis-Evans,0.1241721361875534
1982,Stuart Lewis-Evans,0.1241750419139862
1983,Stuart Lewis-Evans,0.12417763471603394
1984,Stuart Lewis-Evans,0.12418024241924286
1985,Stuart Lewis-Evans,0.12418302893638611
1986,Stuart Lewis-Evans,0.12418615818023682
1987,Stuart Lewis-Evans,0.1241898387670517
1988,Stuart Lewis-Evans,0.12419416010379791
1989,Stuart Lewis-Evans,0.12419930100440979
1990,Stuart Lewis-Evans,0.12420551478862762
1991,Stuart Lewis-Evans,0.12421301007270813
1992,Stuart Lewis-Evans,0.1242220401763916
1993,Stuart Lewis-Evans,0.12423300743103027
1994,Stuart Lewis-Evans,0.1242462694644928
1995,Stuart Lewis-Evans,0.12426234781742096
1996,Stuart Lewis-Evans,0.1242818683385849
1997,Stuart Lewis-Evans,0.12430550158023834
1998,Stuart Lewis-Evans,0.12433421611785889
1999,Stuart Lewis-Evans,0.12436904013156891
2000,Stuart Lewis-Evans,0.12441135942935944
2001,Stuart Lewis-Evans,0.1244627982378006
2002,Stuart Lewis-Evans,0.12452533841133118
2003,Stuart Lewis-Evans,0.12460151314735413
2004,Stuart Lewis-Evans,0.12469428777694702
2005,Stuart Lewis-Evans,0.12480735778808594
2006,Stuart Lewis-Evans,0.12494529783725739
2007,Stuart Lewis-Evans,0.1251136213541031
2008,Stuart Lewis-Evans,0.12531894445419312
2009,Stuart Lewis-Evans,0.12556907534599304
2010,Stuart Lewis-Evans,0.12587301433086395
2011,Stuart Lewis-Evans,0.12624028325080872
2012,Stuart Lewis-Evans,0.12667980790138245
2013,Stuart Lewis-Evans,0.12719719111919403
2014,Stuart Lewis-Evans,0.1277894377708435
2015,Stuart Lewis-Evans,0.12843531370162964
2016,Stuart Lewis-Evans,0.12907952070236206
2017,Stuart Lewis-Evans,0.1296088695526123
2018,Stuart Lewis-Evans,0.1298215091228485
2019,Stuart Lewis-Evans,0.12939642369747162
2020,Stuart Lewis-Evans,0.12786979973316193
2021,Stuart Lewis-Evans,0.1245797723531723
2022,Stuart Lewis-Evans,0.11832526326179504
2023,Stuart Lewis-Evans,0.10611216723918915
2024,Stuart Lewis-Evans,0.08146984875202179
2025,Stuart Lewis-Evans,0.039903052151203156
2026,Stuart Lewis-Evans,-0.06969387829303741
2027,Stuart Lewis-Evans,-0.07349970936775208
2028,Stuart Lewis-Evans,-0.07349970936775208
2029,Stuart Lewis-Evans,-0.07349970936775208
2030,Stuart Lewis-Evans,-0.07349970936775208
1958,Takuma  Sato ,0.11337600648403168
1959,Takuma  Sato ,0.11132809519767761
1960,Takuma  Sato ,0.11172330379486084
1961,Takuma  Sato ,0.11313943564891815
1962,Takuma  Sato ,0.1150483787059784
1963,Takuma  Sato ,0.11702853441238403
1964,Takuma  Sato ,0.11881008744239807
1965,Takuma  Sato ,0.1202760636806488
1966,Takuma  Sato ,0.12141230702400208
1967,Takuma  Sato ,0.12225660681724548
1968,Takuma  Sato ,0.12286505103111267
1969,Takuma  Sato ,0.12329351902008057
1970,Takuma  Sato ,0.12359005212783813
1971,Takuma  Sato ,0.12379267811775208
1972,Takuma  Sato ,0.12393002212047577
1973,Takuma  Sato ,0.12402285635471344
1974,Takuma  Sato ,0.12408597767353058
1975,Takuma  Sato ,0.12412965297698975
1976,Takuma  Sato ,0.12416103482246399
1977,Takuma  Sato ,0.12418493628501892
1978,Takuma  Sato ,0.12420478463172913
1979,Takuma  Sato ,0.12422299385070801
1980,Takuma  Sato ,0.12424132227897644
1981,Takuma  Sato ,0.12426123023033142
1982,Takuma  Sato ,0.12428402900695801
1983,Takuma  Sato ,0.12431100010871887
1984,Takuma  Sato ,0.1243433952331543
1985,Takuma  Sato ,0.1243828535079956
1986,Takuma  Sato ,0.12443108856678009
1987,Takuma  Sato ,0.12449011206626892
1988,Takuma  Sato ,0.12456220388412476
1989,Takuma  Sato ,0.124649778008461
1990,Takuma  Sato ,0.12475505471229553
1991,Takuma  Sato ,0.12487936019897461
1992,Takuma  Sato ,0.1250215321779251
1993,Takuma  Sato ,0.1251746267080307
1994,Takuma  Sato ,0.1253185272216797
1995,Takuma  Sato ,0.12540632486343384
1996,Takuma  Sato ,0.1253410279750824
1997,Takuma  Sato ,0.12494993209838867
1998,Takuma  Sato ,0.12400263547897339
1999,Takuma  Sato ,0.12244534492492676
2000,Takuma  Sato ,0.12128293514251709
2001,Takuma  Sato ,0.1261478215456009
2002,Takuma  Sato ,0.16366228461265564
2003,Takuma  Sato ,0.14566665887832642
2004,Takuma  Sato ,0.2560323178768158
2005,Takuma  Sato ,0.10157763957977295
2006,Takuma  Sato ,0.0819273442029953
2007,Takuma  Sato ,0.13994547724723816
2008,Takuma  Sato ,0.11368042230606079
2009,Takuma  Sato ,0.13257871568202972
2010,Takuma  Sato ,0.13154011964797974
2011,Takuma  Sato ,0.13231998682022095
2012,Takuma  Sato ,0.13212959468364716
2013,Takuma  Sato ,0.13152852654457092
2014,Takuma  Sato ,0.13096602261066437
2015,Takuma  Sato ,0.13064484298229218
2016,Takuma  Sato ,0.13056185841560364
2017,Takuma  Sato ,0.13057789206504822
2018,Takuma  Sato ,0.13044244050979614
2019,Takuma  Sato ,0.12978774309158325
2020,Takuma  Sato ,0.12811273336410522
2021,Takuma  Sato ,0.12472859025001526
2022,Takuma  Sato ,0.1184152215719223
2023,Takuma  Sato ,0.1061657965183258
2024,Takuma  Sato ,0.08150093257427216
2025,Takuma  Sato ,0.039903052151203156
2026,Takuma  Sato ,-0.06969387829303741
2027,Takuma  Sato ,-0.07349970936775208
2028,Takuma  Sato ,-0.07349970936775208
2029,Takuma  Sato ,-0.07349970936775208
2030,Takuma  Sato ,-0.07349970936775208
1958,Teo  Fabi ,0.1133798360824585
1959,Teo  Fabi ,0.11133898794651031
1960,Teo  Fabi ,0.11173957586288452
1961,Teo  Fabi ,0.11316122114658356
1962,Teo  Fabi ,0.11507643759250641
1963,Teo  Fabi ,0.11706410348415375
1964,Teo  Fabi ,0.11885473132133484
1965,Teo  Fabi ,0.12033164501190186
1966,Teo  Fabi ,0.12148118019104004
1967,Teo  Fabi ,0.12234179675579071
1968,Teo  Fabi ,0.1229700893163681
1969,Teo  Fabi ,0.1234227865934372
1970,Teo  Fabi ,0.12374863028526306
1971,Teo  Fabi ,0.12398636341094971
1972,Teo  Fabi ,0.12416486442089081
1973,Teo  Fabi ,0.12430441379547119
1974,Teo  Fabi ,0.12441711127758026
1975,Teo  Fabi ,0.12450601160526276
1976,Teo  Fabi ,0.12456066906452179
1977,Teo  Fabi ,0.1245473325252533
1978,Teo  Fabi ,0.12439051270484924
1979,Teo  Fabi ,0.12395215034484863
1980,Teo  Fabi ,0.12304931879043579
1981,Teo  Fabi ,0.12167222797870636
1982,Teo  Fabi ,0.12087242305278778
1983,Teo  Fabi ,0.1254299283027649
1984,Teo  Fabi ,0.19550225138664246
1985,Teo  Fabi ,0.1275840699672699
1986,Teo  Fabi ,0.16036613285541534
1987,Teo  Fabi ,0.2316857874393463
1988,Teo  Fabi ,0.12723445892333984
1989,Teo  Fabi ,0.12155622243881226
1990,Teo  Fabi ,0.12336832284927368
1991,Teo  Fabi ,0.12539808452129364
1992,Teo  Fabi ,0.12621480226516724
1993,Teo  Fabi ,0.1262204647064209
1994,Teo  Fabi ,0.12588796019554138
1995,Teo  Fabi ,0.12549327313899994
1996,Teo  Fabi ,0.12515322864055634
1997,Teo  Fabi ,0.12489974498748779
1998,Teo  Fabi ,0.1247289776802063
1999,Teo  Fabi ,0.12462614476680756
2000,Teo  Fabi ,0.12457612156867981
2001,Teo  Fabi ,0.1245669424533844
2002,Teo  Fabi ,0.12459033727645874
2003,Teo  Fabi ,0.12464159727096558
2004,Teo  Fabi ,0.12471872568130493
2005,Teo  Fabi ,0.12482210993766785
2006,Teo  Fabi ,0.12495413422584534
2007,Teo  Fabi ,0.12511882185935974
2008,Teo  Fabi ,0.12532199919223785
2009,Teo  Fabi ,0.1255708932876587
2010,Teo  Fabi ,0.12587405741214752
2011,Teo  Fabi ,0.12624089419841766
2012,Teo  Fabi ,0.12668012082576752
2013,Teo  Fabi ,0.12719738483428955
2014,Teo  Fabi ,0.12778955698013306
2015,Teo  Fabi ,0.12843537330627441
2016,Teo  Fabi ,0.12907955050468445
2017,Teo  Fabi ,0.1296088844537735
2018,Teo  Fabi ,0.1298215240240097
2019,Teo  Fabi ,0.1293964385986328
2020,Teo  Fabi ,0.12786978483200073
2021,Teo  Fabi ,0.1245797723531723
2022,Teo  Fabi ,0.11832526326179504
2023,Teo  Fabi ,0.10611216723918915
2024,Teo  Fabi ,0.08146986365318298
2025,Teo  Fabi ,0.039903052151203156
2026,Teo  Fabi ,-0.06969387829303741
2027,Teo  Fabi ,-0.07349970936775208
2028,Teo  Fabi ,-0.07349970936775208
2029,Teo  Fabi ,-0.07349970936775208
2030,Teo  Fabi ,-0.07349970936775208
1958,Thierry  Boutsen ,0.11338315904140472
1959,Thierry  Boutsen ,0.11134856939315796
1960,Thierry  Boutsen ,0.11175388097763062
1961,Thierry  Boutsen ,0.11318033933639526
1962,Thierry  Boutsen ,0.11510103940963745
1963,Thierry  Boutsen ,0.11709517240524292
1964,Thierry  Boutsen ,0.11889350414276123
1965,Thierry  Boutsen ,0.12037980556488037
1966,Thierry  Boutsen ,0.12154063582420349
1967,Thierry  Boutsen ,0.1224149763584137
1968,Thierry  Boutsen ,0.12306001782417297
1969,Thierry  Boutsen ,0.12353315949440002
1970,Thierry  Boutsen ,0.123883917927742
1971,Thierry  Boutsen ,0.12415193021297455
1972,Thierry  Boutsen ,0.12436698377132416
1973,Thierry  Boutsen ,0.12455010414123535
1974,Thierry  Boutsen ,0.12471392750740051
1975,Thierry  Boutsen ,0.12486106157302856
1976,Thierry  Boutsen ,0.12497961521148682
1977,Thierry  Boutsen ,0.12503260374069214
1978,Thierry  Boutsen ,0.1249394565820694
1979,Thierry  Boutsen ,0.12455578148365021
1980,Thierry  Boutsen ,0.12369057536125183
1981,Thierry  Boutsen ,0.1223127543926239
1982,Thierry  Boutsen ,0.12132054567337036
1983,Thierry  Boutsen ,0.1259007453918457
1984,Thierry  Boutsen ,0.15555241703987122
1985,Thierry  Boutsen ,0.19031107425689697
1986,Thierry  Boutsen ,0.12468646466732025
1987,Thierry  Boutsen ,0.2337268888950348
1988,Thierry  Boutsen ,0.300730437040329
1989,Thierry  Boutsen ,0.3031393587589264
1990,Thierry  Boutsen ,0.2878936231136322
1991,Thierry  Boutsen ,0.12486368417739868
1992,Thierry  Boutsen ,0.16562393307685852
1993,Thierry  Boutsen ,0.12659142911434174
1994,Thierry  Boutsen ,0.12583324313163757
1995,Thierry  Boutsen ,0.12761446833610535
1996,Thierry  Boutsen ,0.12838178873062134
1997,Thierry  Boutsen ,0.12812110781669617
1998,Thierry  Boutsen ,0.12741556763648987
1999,Thierry  Boutsen ,0.12666022777557373
2000,Thierry  Boutsen ,0.1260291188955307
2001,Thierry  Boutsen ,0.12556631863117218
2002,Thierry  Boutsen ,0.1252598762512207
2003,Thierry  Boutsen ,0.12508144974708557
2004,Thierry  Boutsen ,0.1250031590461731
2005,Thierry  Boutsen ,0.1250036060810089
2006,Thierry  Boutsen ,0.1250685751438141
2007,Thierry  Boutsen ,0.12519025802612305
2008,Thierry  Boutsen ,0.12536609172821045
2009,Thierry  Boutsen ,0.12559784948825836
2010,Thierry  Boutsen ,0.12589043378829956
2011,Thierry  Boutsen ,0.126250758767128
2012,Thierry  Boutsen ,0.12668605148792267
2013,Thierry  Boutsen ,0.1272009015083313
2014,Thierry  Boutsen ,0.1277916431427002
2015,Thierry  Boutsen ,0.1284365952014923
2016,Thierry  Boutsen ,0.12908029556274414
2017,Thierry  Boutsen ,0.12960930168628693
2018,Thierry  Boutsen ,0.1298217624425888
2019,Thierry  Boutsen ,0.12939658761024475
2020,Thierry  Boutsen ,0.1278698742389679
2021,Thierry  Boutsen ,0.12457980215549469
2022,Thierry  Boutsen ,0.11832529306411743
2023,Thierry  Boutsen ,0.10611221194267273
2024,Thierry  Boutsen ,0.08146986365318298
2025,Thierry  Boutsen ,0.039903052151203156
2026,Thierry  Boutsen ,-0.06969387829303741
2027,Thierry  Boutsen ,-0.07349970936775208
2028,Thierry  Boutsen ,-0.07349970936775208
2029,Thierry  Boutsen ,-0.07349970936775208
2030,Thierry  Boutsen ,-0.07349970936775208
1958,Tiago  Monteiro ,0.11337579786777496
1959,Tiago  Monteiro ,0.11132746934890747
1960,Tiago  Monteiro ,0.11172239482402802
1961,Tiago  Monteiro ,0.11313819885253906
1962,Tiago  Monteiro ,0.11504681408405304
1963,Tiago  Monteiro ,0.11702655255794525
1964,Tiago  Monteiro ,0.11880761384963989
1965,Tiago  Monteiro ,0.12027299404144287
1966,Tiago  Monteiro ,0.12140852212905884
1967,Tiago  Monteiro ,0.12225200235843658
1968,Tiago  Monteiro ,0.1228594183921814
1969,Tiago  Monteiro ,0.12328669428825378
1970,Tiago  Monteiro ,0.12358175218105316
1971,Tiago  Monteiro ,0.12378259003162384
1972,Tiago  Monteiro ,0.12391778826713562
1973,Tiago  Monteiro ,0.12400801479816437
1974,Tiago  Monteiro ,0.12406797707080841
1975,Tiago  Monteiro ,0.12410780787467957
1976,Tiago  Monteiro ,0.12413449585437775
1977,Tiago  Monteiro ,0.12415271997451782
1978,Tiago  Monteiro ,0.12416565418243408
1979,Tiago  Monteiro ,0.12417536973953247
1980,Tiago  Monteiro ,0.12418334186077118
1981,Tiago  Monteiro ,0.12419062852859497
1982,Tiago  Monteiro ,0.12419784069061279
1983,Tiago  Monteiro ,0.12420567870140076
1984,Tiago  Monteiro ,0.12421463429927826
1985,Tiago  Monteiro ,0.12422522902488708
1986,Tiago  Monteiro ,0.12423793971538544
1987,Tiago  Monteiro ,0.12425342202186584
1988,Tiago  Monteiro ,0.1242724061012268
1989,Tiago  Monteiro ,0.1242956817150116
1990,Tiago  Monteiro ,0.12432430684566498
1991,Tiago  Monteiro ,0.12435923516750336
1992,Tiago  Monteiro ,0.12440149486064911
1993,Tiago  Monteiro ,0.12445183098316193
1994,Tiago  Monteiro ,0.1245100200176239
1995,Tiago  Monteiro ,0.12457364797592163
1996,Tiago  Monteiro ,0.12463551759719849
1997,Tiago  Monteiro ,0.1246781200170517
1998,Tiago  Monteiro ,0.12466418743133545
1999,Tiago  Monteiro ,0.12452158331871033
2000,Tiago  Monteiro ,0.1241314709186554
2001,Tiago  Monteiro ,0.12335757911205292
2002,Tiago  Monteiro ,0.12225677073001862
2003,Tiago  Monteiro ,0.12176603078842163
2004,Tiago  Monteiro ,0.1268872618675232
2005,Tiago  Monteiro ,0.15195752680301666
2006,Tiago  Monteiro ,0.10760365426540375
2007,Tiago  Monteiro ,0.12292739748954773
2008,Tiago  Monteiro ,0.12360215187072754
2009,Tiago  Monteiro ,0.12621167302131653
2010,Tiago  Monteiro ,0.12758098542690277
2011,Tiago  Monteiro ,0.12809625267982483
2012,Tiago  Monteiro ,0.12825986742973328
2013,Tiago  Monteiro ,0.12839427590370178
2014,Tiago  Monteiro ,0.12863768637180328
2015,Tiago  Monteiro ,0.129011332988739
2016,Tiago  Monteiro ,0.12945932149887085
2017,Tiago  Monteiro ,0.12985371053218842
2018,Tiago  Monteiro ,0.12997646629810333
2019,Tiago  Monteiro ,0.1294928342103958
2020,Tiago  Monteiro ,0.12792883813381195
2021,Tiago  Monteiro ,0.12461543083190918
2022,Tiago  Monteiro ,0.1183464527130127
2023,Tiago  Monteiro ,0.10612456500530243
2024,Tiago  Monteiro ,0.08147688210010529
2025,Tiago  Monteiro ,0.039903052151203156
2026,Tiago  Monteiro ,-0.06969387829303741
2027,Tiago  Monteiro ,-0.07349970936775208
2028,Tiago  Monteiro ,-0.07349970936775208
2029,Tiago  Monteiro ,-0.07349970936775208
2030,Tiago  Monteiro ,-0.07349970936775208
1958,Tim Schenken ,0.11344839632511139
1959,Tim Schenken ,0.11147882044315338
1960,Tim Schenken ,0.1119329035282135
1961,Tim Schenken ,0.11340263485908508
1962,Tim Schenken ,0.11535695195198059
1963,Tim Schenken ,0.11735695600509644
1964,Tim Schenken ,0.11909298598766327
1965,Tim Schenken ,0.1203688532114029
1966,Tim Schenken ,0.12103518843650818
1967,Tim Schenken ,0.12096473574638367
1968,Tim Schenken ,0.12024733424186707
1969,Tim Schenken ,0.12000223994255066
1970,Tim Schenken ,0.1255873143672943
1971,Tim Schenken ,0.17268967628479004
1972,Tim Schenken ,0.12949390709400177
1973,Tim Schenken ,0.12191933393478394
1974,Tim Schenken ,0.1212778091430664
1975,Tim Schenken ,0.1238957941532135
1976,Tim Schenken ,0.1254214644432068
1977,Tim Schenken ,0.1258646845817566
1978,Tim Schenken ,0.1257329285144806
1979,Tim Schenken ,0.12540537118911743
1980,Tim Schenken ,0.1250697672367096
1981,Tim Schenken ,0.12479418516159058
1982,Tim Schenken ,0.1245901882648468
1983,Tim Schenken ,0.12444786727428436
1984,Tim Schenken ,0.12435264885425568
1985,Tim Schenken ,0.12429110705852509
1986,Tim Schenken ,0.1242527961730957
1987,Tim Schenken ,0.1242302805185318
1988,Tim Schenken ,0.12421828508377075
1989,Tim Schenken ,0.12421348690986633
1990,Tim Schenken ,0.12421366572380066
1991,Tim Schenken ,0.12421761453151703
1992,Tim Schenken ,0.12422457337379456
1993,Tim Schenken ,0.12423436343669891
1994,Tim Schenken ,0.1242469847202301
1995,Tim Schenken ,0.12426269054412842
1996,Tim Schenken ,0.12428201735019684
1997,Tim Schenken ,0.12430554628372192
1998,Tim Schenken ,0.12433421611785889
1999,Tim Schenken ,0.12436904013156891
2000,Tim Schenken ,0.12441134452819824
2001,Tim Schenken ,0.1244627833366394
2002,Tim Schenken ,0.12452533841133118
2003,Tim Schenken ,0.12460149824619293
2004,Tim Schenken ,0.12469427287578583
2005,Tim Schenken ,0.12480735778808594
2006,Tim Schenken ,0.12494529783725739
2007,Tim Schenken ,0.1251136213541031
2008,Tim Schenken ,0.12531892955303192
2009,Tim Schenken ,0.12556910514831543
2010,Tim Schenken ,0.12587302923202515
2011,Tim Schenken ,0.1262402981519699
2012,Tim Schenken ,0.12667980790138245
2013,Tim Schenken ,0.12719719111919403
2014,Tim Schenken ,0.1277894377708435
2015,Tim Schenken ,0.12843531370162964
2016,Tim Schenken ,0.12907952070236206
2017,Tim Schenken ,0.1296088844537735
2018,Tim Schenken ,0.1298215091228485
2019,Tim Schenken ,0.12939642369747162
2020,Tim Schenken ,0.12786978483200073
2021,Tim Schenken ,0.12457975745201111
2022,Tim Schenken ,0.11832524836063385
2023,Tim Schenken ,0.10611218214035034
2024,Tim Schenken ,0.08146986365318298
2025,Tim Schenken ,0.039903052151203156
2026,Tim Schenken ,-0.06969387829303741
2027,Tim Schenken ,-0.07349970936775208
2028,Tim Schenken ,-0.07349970936775208
2029,Tim Schenken ,-0.07349970936775208
2030,Tim Schenken ,-0.07349970936775208
1958,Timo  Glock ,0.11337584257125854
1959,Timo  Glock ,0.11132761836051941
1960,Timo  Glock ,0.11172258853912354
1961,Timo  Glock ,0.11313849687576294
1962,Timo  Glock ,0.1150471568107605
1963,Timo  Glock ,0.11702698469161987
1964,Timo  Glock ,0.11880819499492645
1965,Timo  Glock ,0.12027376890182495
1966,Timo  Glock ,0.12140941619873047
1967,Timo  Glock ,0.12225309014320374
1968,Timo  Glock ,0.12286074459552765
1969,Timo  Glock ,0.12328828871250153
1970,Timo  Glock ,0.12358370423316956
1971,Timo  Glock ,0.12378498911857605
1972,Timo  Glock ,0.12392066419124603
1973,Timo  Glock ,0.12401151657104492
1974,Timo  Glock ,0.12407222390174866
1975,Timo  Glock ,0.12411297857761383
1976,Timo  Glock ,0.12414075434207916
1977,Timo  Glock ,0.1241602897644043
1978,Timo  Glock ,0.1241748034954071
1979,Timo  Glock ,0.12418647110462189
1980,Timo  Glock ,0.1241968423128128
1981,Timo  Glock ,0.12420696020126343
1982,Timo  Glock ,0.12421771883964539
1983,Timo  Glock ,0.12422981858253479
1984,Timo  Glock ,0.12424400448799133
1985,Timo  Glock ,0.12426090240478516
1986,Timo  Glock ,0.12428140640258789
1987,Timo  Glock ,0.12430641055107117
1988,Timo  Glock ,0.12433706223964691
1989,Timo  Glock ,0.12437465786933899
1990,Timo  Glock ,0.12442067265510559
1991,Timo  Glock ,0.1244768351316452
1992,Timo  Glock ,0.12454470992088318
1993,Timo  Glock ,0.12462553381919861
1994,Timo  Glock ,0.12471911311149597
1995,Timo  Glock ,0.12482210993766785
1996,Timo  Glock ,0.12492409348487854
1997,Timo  Glock ,0.12500131130218506
1998,Timo  Glock ,0.1250065565109253
1999,Timo  Glock ,0.12486235797405243
2000,Timo  Glock ,0.12448075413703918
2001,Timo  Glock ,0.12389855086803436
2002,Timo  Glock ,0.12364843487739563
2003,Timo  Glock ,0.12702059745788574
2004,Timo  Glock ,0.12315681576728821
2005,Timo  Glock ,0.121848464012146
2006,Timo  Glock ,0.1203201413154602
2007,Timo  Glock ,0.1289118379354477
2008,Timo  Glock ,0.2346886396408081
2009,Timo  Glock ,0.23648664355278015
2010,Timo  Glock ,0.06541284173727036
2011,Timo  Glock ,0.06582389771938324
2012,Timo  Glock ,0.1152925193309784
2013,Timo  Glock ,0.13259834051132202
2014,Timo  Glock ,0.13291898369789124
2015,Timo  Glock ,0.13403314352035522
2016,Timo  Glock ,0.13409310579299927
2017,Timo  Glock ,0.13358375430107117
2018,Timo  Glock ,0.1327342391014099
2019,Timo  Glock ,0.13142436742782593
2020,Timo  Glock ,0.12923428416252136
2021,Timo  Glock ,0.12547656893730164
2022,Timo  Glock ,0.11890509724617004
2023,Timo  Glock ,0.10648205876350403
2024,Timo  Glock ,0.08169952034950256
2025,Timo  Glock ,0.039903052151203156
2026,Timo  Glock ,-0.06969387829303741
2027,Timo  Glock ,-0.07349970936775208
2028,Timo  Glock ,-0.07349970936775208
2029,Timo  Glock ,-0.07349970936775208
2030,Timo  Glock ,-0.07349970936775208
1958,Tom  Pryce ,0.11342222988605499
1959,Tom  Pryce ,0.11143743991851807
1960,Tom  Pryce ,0.11188264191150665
1961,Tom  Pryce ,0.1133502721786499
1962,Tom  Pryce ,0.11531679332256317
1963,Tom  Pryce ,0.11736103892326355
1964,Tom  Pryce ,0.11921048164367676
1965,Tom  Pryce ,0.12073957920074463
1966,Tom  Pryce ,0.1219141036272049
1967,Tom  Pryce ,0.12272875010967255
1968,Tom  Pryce ,0.12315283715724945
1969,Tom  Pryce ,0.12308770418167114
1970,Tom  Pryce ,0.12236300110816956
1971,Tom  Pryce ,0.1209079921245575
1972,Tom  Pryce ,0.11939133703708649
1973,Tom  Pryce ,0.12294676899909973
1974,Tom  Pryce ,0.13107872009277344
1975,Tom  Pryce ,0.21284142136573792
1976,Tom  Pryce ,0.20437529683113098
1977,Tom  Pryce ,0.12591679394245148
1978,Tom  Pryce ,0.12144078314304352
1979,Tom  Pryce ,0.12371276319026947
1980,Tom  Pryce ,0.12570412456989288
1981,Tom  Pryce ,0.1264040470123291
1982,Tom  Pryce ,0.1263069212436676
1983,Tom  Pryce ,0.12590104341506958
1984,Tom  Pryce ,0.12545540928840637
1985,Tom  Pryce ,0.12507745623588562
1986,Tom  Pryce ,0.12479187548160553
1987,Tom  Pryce ,0.12458989024162292
1988,Tom  Pryce ,0.12445329129695892
1989,Tom  Pryce ,0.12436453998088837
1990,Tom  Pryce ,0.12430939078330994
1991,Tom  Pryce ,0.12427745759487152
1992,Tom  Pryce ,0.12426155805587769
1993,Tom  Pryce ,0.12425696849822998
1994,Tom  Pryce ,0.12426063418388367
1995,Tom  Pryce ,0.12427085638046265
1996,Tom  Pryce ,0.12428681552410126
1997,Tom  Pryce ,0.12430837750434875
1998,Tom  Pryce ,0.12433585524559021
1999,Tom  Pryce ,0.12436999380588531
2000,Tom  Pryce ,0.12441188097000122
2001,Tom  Pryce ,0.12446311116218567
2002,Tom  Pryce ,0.12452548742294312
2003,Tom  Pryce ,0.12460160255432129
2004,Tom  Pryce ,0.1246943324804306
2005,Tom  Pryce ,0.12480738759040833
2006,Tom  Pryce ,0.12494531273841858
2007,Tom  Pryce ,0.1251136213541031
2008,Tom  Pryce ,0.12531892955303192
2009,Tom  Pryce ,0.12556909024715424
2010,Tom  Pryce ,0.12587302923202515
2011,Tom  Pryce ,0.12624028325080872
2012,Tom  Pryce ,0.12667980790138245
2013,Tom  Pryce ,0.12719720602035522
2014,Tom  Pryce ,0.1277894377708435
2015,Tom  Pryce ,0.12843531370162964
2016,Tom  Pryce ,0.12907952070236206
2017,Tom  Pryce ,0.1296088695526123
2018,Tom  Pryce ,0.1298215091228485
2019,Tom  Pryce ,0.12939642369747162
2020,Tom  Pryce ,0.12786978483200073
2021,Tom  Pryce ,0.12457975745201111
2022,Tom  Pryce ,0.11832524836063385
2023,Tom  Pryce ,0.10611218214035034
2024,Tom  Pryce ,0.08146984875202179
2025,Tom  Pryce ,0.039903052151203156
2026,Tom  Pryce ,-0.06969387829303741
2027,Tom  Pryce ,-0.07349970936775208
2028,Tom  Pryce ,-0.07349970936775208
2029,Tom  Pryce ,-0.07349970936775208
2030,Tom  Pryce ,-0.07349970936775208
1958,Tony  Brise ,0.11339074373245239
1959,Tony  Brise ,0.11136257648468018
1960,Tony  Brise ,0.11177375912666321
1961,Tony  Brise ,0.11320680379867554
1962,Tony  Brise ,0.1151350736618042
1963,Tony  Brise ,0.11713743209838867
1964,Tony  Brise ,0.11894358694553375
1965,Tony  Brise ,0.12043435871601105
1966,Tony  Brise ,0.1215900182723999
1967,Tony  Brise ,0.12243637442588806
1968,Tony  Brise ,0.12300482392311096
1969,Tony  Brise ,0.1233057975769043
1970,Tony  Brise ,0.12331584095954895
1971,Tony  Brise ,0.12299719452857971
1972,Tony  Brise ,0.12243318557739258
1973,Tony  Brise ,0.12217268347740173
1974,Tony  Brise ,0.12566129863262177
1975,Tony  Brise ,0.12059901654720306
1976,Tony  Brise ,0.12369243800640106
1977,Tony  Brise ,0.12280489504337311
1978,Tony  Brise ,0.12405700981616974
1979,Tony  Brise ,0.12482163310050964
1980,Tony  Brise ,0.1250540018081665
1981,Tony  Brise ,0.12498971819877625
1982,Tony  Brise ,0.1248212605714798
1983,Tony  Brise ,0.12464700639247894
1984,Tony  Brise ,0.12450370192527771
1985,Tony  Brise ,0.12439800798892975
1986,Tony  Brise ,0.1243252158164978
1987,Tony  Brise ,0.12427777051925659
1988,Tony  Brise ,0.12424865365028381
1989,Tony  Brise ,0.12423241138458252
1990,Tony  Brise ,0.12422524392604828
1991,Tony  Brise ,0.1242244690656662
1992,Tony  Brise ,0.1242285817861557
1993,Tony  Brise ,0.12423661351203918
1994,Tony  Brise ,0.1242481917142868
1995,Tony  Brise ,0.12426333129405975
1996,Tony  Brise ,0.12428231537342072
1997,Tony  Brise ,0.12430569529533386
1998,Tony  Brise ,0.12433427572250366
1999,Tony  Brise ,0.1243690550327301
2000,Tony  Brise ,0.12441132962703705
2001,Tony  Brise ,0.1244627833366394
2002,Tony  Brise ,0.12452532351016998
2003,Tony  Brise ,0.12460148334503174
2004,Tony  Brise ,0.12469425797462463
2005,Tony  Brise ,0.12480735778808594
2006,Tony  Brise ,0.12494528293609619
2007,Tony  Brise ,0.1251136064529419
2008,Tony  Brise ,0.12531892955303192
2009,Tony  Brise ,0.12556907534599304
2010,Tony  Brise ,0.12587302923202515
2011,Tony  Brise ,0.1262402981519699
2012,Tony  Brise ,0.12667980790138245
2013,Tony  Brise ,0.12719719111919403
2014,Tony  Brise ,0.1277894377708435
2015,Tony  Brise ,0.12843531370162964
2016,Tony  Brise ,0.12907952070236206
2017,Tony  Brise ,0.1296088695526123
2018,Tony  Brise ,0.1298215091228485
2019,Tony  Brise ,0.12939642369747162
2020,Tony  Brise ,0.12786978483200073
2021,Tony  Brise ,0.12457975745201111
2022,Tony  Brise ,0.11832526326179504
2023,Tony  Brise ,0.10611216723918915
2024,Tony  Brise ,0.08146984875202179
2025,Tony  Brise ,0.039903052151203156
2026,Tony  Brise ,-0.06969387829303741
2027,Tony  Brise ,-0.07349970936775208
2028,Tony  Brise ,-0.07349970936775208
2029,Tony  Brise ,-0.07349970936775208
2030,Tony  Brise ,-0.07349970936775208
1958,Tony  Brooks ,0.26639556884765625
1959,Tony  Brooks ,0.31826338171958923
1960,Tony  Brooks ,0.2251289188861847
1961,Tony  Brooks ,0.20198556780815125
1962,Tony  Brooks ,0.10909265279769897
1963,Tony  Brooks ,0.11020766198635101
1964,Tony  Brooks ,0.11714337766170502
1965,Tony  Brooks ,0.12202984094619751
1966,Tony  Brooks ,0.12434294819831848
1967,Tony  Brooks ,0.12511838972568512
1968,Tony  Brooks ,0.12519066035747528
1969,Tony  Brooks ,0.12501630187034607
1970,Tony  Brooks ,0.12479810416698456
1971,Tony  Brooks ,0.12460891902446747
1972,Tony  Brooks ,0.12446540594100952
1973,Tony  Brooks ,0.12436375021934509
1974,Tony  Brooks ,0.12429466843605042
1975,Tony  Brooks ,0.1242491602897644
1976,Tony  Brooks ,0.12421992421150208
1977,Tony  Brooks ,0.1242016851902008
1978,Tony  Brooks ,0.12419062852859497
1979,Tony  Brooks ,0.12418428063392639
1980,Tony  Brooks ,0.12418095767498016
1981,Tony  Brooks ,0.12417954206466675
1982,Tony  Brooks ,0.12417948246002197
1983,Tony  Brooks ,0.12418030202388763
1984,Tony  Brooks ,0.1241818219423294
1985,Tony  Brooks ,0.12418396770954132
1986,Tony  Brooks ,0.12418672442436218
1987,Tony  Brooks ,0.12419016659259796
1988,Tony  Brooks ,0.12419432401657104
1989,Tony  Brooks ,0.12419940531253815
1990,Tony  Brooks ,0.1242055594921112
1991,Tony  Brooks ,0.12421303987503052
1992,Tony  Brooks ,0.12422206997871399
1993,Tony  Brooks ,0.12423302233219147
1994,Tony  Brooks ,0.1242462694644928
1995,Tony  Brooks ,0.12426236271858215
1996,Tony  Brooks ,0.1242818683385849
1997,Tony  Brooks ,0.12430550158023834
1998,Tony  Brooks ,0.12433421611785889
1999,Tony  Brooks ,0.12436904013156891
2000,Tony  Brooks ,0.12441134452819824
2001,Tony  Brooks ,0.12446282804012299
2002,Tony  Brooks ,0.12452536821365356
2003,Tony  Brooks ,0.12460151314735413
2004,Tony  Brooks ,0.12469427287578583
2005,Tony  Brooks ,0.12480735778808594
2006,Tony  Brooks ,0.12494528293609619
2007,Tony  Brooks ,0.1251136064529419
2008,Tony  Brooks ,0.12531894445419312
2009,Tony  Brooks ,0.12556907534599304
2010,Tony  Brooks ,0.12587301433086395
2011,Tony  Brooks ,0.12624028325080872
2012,Tony  Brooks ,0.12667980790138245
2013,Tony  Brooks ,0.12719720602035522
2014,Tony  Brooks ,0.1277894377708435
2015,Tony  Brooks ,0.12843531370162964
2016,Tony  Brooks ,0.12907952070236206
2017,Tony  Brooks ,0.1296088695526123
2018,Tony  Brooks ,0.1298215091228485
2019,Tony  Brooks ,0.12939642369747162
2020,Tony  Brooks ,0.12786978483200073
2021,Tony  Brooks ,0.12457975745201111
2022,Tony  Brooks ,0.11832524836063385
2023,Tony  Brooks ,0.10611216723918915
2024,Tony  Brooks ,0.08146986365318298
2025,Tony  Brooks ,0.039903052151203156
2026,Tony  Brooks ,-0.06969387829303741
2027,Tony  Brooks ,-0.07349970936775208
2028,Tony  Brooks ,-0.07349970936775208
2029,Tony  Brooks ,-0.07349970936775208
2030,Tony  Brooks ,-0.07349970936775208
1958,Tony  Maggs ,0.11087183654308319
1959,Tony  Maggs ,0.10709542036056519
1960,Tony  Maggs ,0.10626190900802612
1961,Tony  Maggs ,0.11220648884773254
1962,Tony  Maggs ,0.24514001607894897
1963,Tony  Maggs ,0.24296608567237854
1964,Tony  Maggs ,0.20398610830307007
1965,Tony  Maggs ,0.11508208513259888
1966,Tony  Maggs ,0.11456725001335144
1967,Tony  Maggs ,0.12005537748336792
1968,Tony  Maggs ,0.12395283579826355
1969,Tony  Maggs ,0.12562748789787292
1970,Tony  Maggs ,0.1259889006614685
1971,Tony  Maggs ,0.12578503787517548
1972,Tony  Maggs ,0.12542209029197693
1973,Tony  Maggs ,0.12507374584674835
1974,Tony  Maggs ,0.12479479610919952
1975,Tony  Maggs ,0.12458987534046173
1976,Tony  Maggs ,0.12444664537906647
1977,Tony  Maggs ,0.12434984743595123
1978,Tony  Maggs ,0.1242859810590744
1979,Tony  Maggs ,0.12424485385417938
1980,Tony  Maggs ,0.12421897053718567
1981,Tony  Maggs ,0.1242031455039978
1982,Tony  Maggs ,0.12419398128986359
1983,Tony  Maggs ,0.12418913841247559
1984,Tony  Maggs ,0.1241871565580368
1985,Tony  Maggs ,0.1241871565580368
1986,Tony  Maggs ,0.124188631772995
1987,Tony  Maggs ,0.1241912692785263
1988,Tony  Maggs ,0.12419499456882477
1989,Tony  Maggs ,0.12419980764389038
1990,Tony  Maggs ,0.12420579791069031
1991,Tony  Maggs ,0.12421317398548126
1992,Tony  Maggs ,0.12422214448451996
1993,Tony  Maggs ,0.12423306703567505
1994,Tony  Maggs ,0.12424629926681519
1995,Tony  Maggs ,0.12426239252090454
1996,Tony  Maggs ,0.1242818832397461
1997,Tony  Maggs ,0.12430551648139954
1998,Tony  Maggs ,0.12433421611785889
1999,Tony  Maggs ,0.1243690550327301
2000,Tony  Maggs ,0.12441135942935944
2001,Tony  Maggs ,0.12446281313896179
2002,Tony  Maggs ,0.12452535331249237
2003,Tony  Maggs ,0.12460151314735413
2004,Tony  Maggs ,0.12469428777694702
2005,Tony  Maggs ,0.12480735778808594
2006,Tony  Maggs ,0.12494528293609619
2007,Tony  Maggs ,0.1251136064529419
2008,Tony  Maggs ,0.12531892955303192
2009,Tony  Maggs ,0.12556909024715424
2010,Tony  Maggs ,0.12587301433086395
2011,Tony  Maggs ,0.12624028325080872
2012,Tony  Maggs ,0.12667979300022125
2013,Tony  Maggs ,0.12719720602035522
2014,Tony  Maggs ,0.1277894377708435
2015,Tony  Maggs ,0.12843531370162964
2016,Tony  Maggs ,0.12907952070236206
2017,Tony  Maggs ,0.1296088844537735
2018,Tony  Maggs ,0.1298215091228485
2019,Tony  Maggs ,0.12939642369747162
2020,Tony  Maggs ,0.12786978483200073
2021,Tony  Maggs ,0.12457975745201111
2022,Tony  Maggs ,0.11832524836063385
2023,Tony  Maggs ,0.10611218214035034
2024,Tony  Maggs ,0.0814698338508606
2025,Tony  Maggs ,0.039903052151203156
2026,Tony  Maggs ,-0.06969387829303741
2027,Tony  Maggs ,-0.07349970936775208
2028,Tony  Maggs ,-0.07349970936775208
2029,Tony  Maggs ,-0.07349970936775208
2030,Tony  Maggs ,-0.07349970936775208
1958,Tony Bettenhausen ,0.103469118475914
1959,Tony Bettenhausen ,0.10216179490089417
1960,Tony Bettenhausen ,0.11604216694831848
1961,Tony Bettenhausen ,0.11631479859352112
1962,Tony Bettenhausen ,0.11764493584632874
1963,Tony Bettenhausen ,0.11906832456588745
1964,Tony Bettenhausen ,0.12033131718635559
1965,Tony Bettenhausen ,0.12135542929172516
1966,Tony Bettenhausen ,0.12214657664299011
1967,Tony Bettenhausen ,0.12273851037025452
1968,Tony Bettenhausen ,0.12317094206809998
1969,Tony Bettenhausen ,0.12348076701164246
1970,Tony Bettenhausen ,0.12369921803474426
1971,Tony Bettenhausen ,0.1238512247800827
1972,Tony Bettenhausen ,0.12395583093166351
1973,Tony Bettenhausen ,0.12402716279029846
1974,Tony Bettenhausen ,0.12407553195953369
1975,Tony Bettenhausen ,0.12410816550254822
1976,Tony Bettenhausen ,0.12413014471530914
1977,Tony Bettenhausen ,0.12414504587650299
1978,Tony Bettenhausen ,0.12415517866611481
1979,Tony Bettenhausen ,0.12416227161884308
1980,Tony Bettenhausen ,0.12416736781597137
1981,Tony Bettenhausen ,0.1241711974143982
1982,Tony Bettenhausen ,0.12417438626289368
1983,Tony Bettenhausen ,0.12417718768119812
1984,Tony Bettenhausen ,0.12417992949485779
1985,Tony Bettenhausen ,0.1241828203201294
1986,Tony Bettenhausen ,0.12418603897094727
1987,Tony Bettenhausen ,0.12418976426124573
1988,Tony Bettenhausen ,0.12419408559799194
1989,Tony Bettenhausen ,0.12419925630092621
1990,Tony Bettenhausen ,0.12420547008514404
1991,Tony Bettenhausen ,0.12421298027038574
1992,Tony Bettenhausen ,0.1242220401763916
1993,Tony Bettenhausen ,0.12423300743103027
1994,Tony Bettenhausen ,0.1242462694644928
1995,Tony Bettenhausen ,0.12426234781742096
1996,Tony Bettenhausen ,0.1242818683385849
1997,Tony Bettenhausen ,0.12430548667907715
1998,Tony Bettenhausen ,0.12433421611785889
1999,Tony Bettenhausen ,0.1243690550327301
2000,Tony Bettenhausen ,0.12441134452819824
2001,Tony Bettenhausen ,0.12446281313896179
2002,Tony Bettenhausen ,0.12452535331249237
2003,Tony Bettenhausen ,0.12460151314735413
2004,Tony Bettenhausen ,0.12469427287578583
2005,Tony Bettenhausen ,0.12480735778808594
2006,Tony Bettenhausen ,0.12494529783725739
2007,Tony Bettenhausen ,0.1251136213541031
2008,Tony Bettenhausen ,0.12531894445419312
2009,Tony Bettenhausen ,0.12556907534599304
2010,Tony Bettenhausen ,0.12587301433086395
2011,Tony Bettenhausen ,0.1262403130531311
2012,Tony Bettenhausen ,0.12667980790138245
2013,Tony Bettenhausen ,0.12719720602035522
2014,Tony Bettenhausen ,0.1277894675731659
2015,Tony Bettenhausen ,0.12843531370162964
2016,Tony Bettenhausen ,0.12907953560352325
2017,Tony Bettenhausen ,0.1296088695526123
2018,Tony Bettenhausen ,0.1298215091228485
2019,Tony Bettenhausen ,0.12939642369747162
2020,Tony Bettenhausen ,0.12786978483200073
2021,Tony Bettenhausen ,0.12457975745201111
2022,Tony Bettenhausen ,0.11832524836063385
2023,Tony Bettenhausen ,0.10611216723918915
2024,Tony Bettenhausen ,0.08146986365318298
2025,Tony Bettenhausen ,0.039903052151203156
2026,Tony Bettenhausen ,-0.06969387829303741
2027,Tony Bettenhausen ,-0.07349970936775208
2028,Tony Bettenhausen ,-0.07349970936775208
2029,Tony Bettenhausen ,-0.07349970936775208
2030,Tony Bettenhausen ,-0.07349970936775208
1958,Tony Settember,0.11324264109134674
1959,Tony Settember,0.11113083362579346
1960,Tony Settember,0.11149847507476807
1961,Tony Settember,0.11310812830924988
1962,Tony Settember,0.11681365966796875
1963,Tony Settember,0.07321588695049286
1964,Tony Settember,0.11912848055362701
1965,Tony Settember,0.12218084931373596
1966,Tony Settember,0.12360930442810059
1967,Tony Settember,0.12397941946983337
1968,Tony Settember,0.12406480312347412
1969,Tony Settember,0.12407946586608887
1970,Tony Settember,0.12408588826656342
1971,Tony Settember,0.12409557402133942
1972,Tony Settember,0.1241077184677124
1973,Tony Settember,0.12412005662918091
1974,Tony Settember,0.12413129210472107
1975,Tony Settember,0.12414085865020752
1976,Tony Settember,0.12414875626564026
1977,Tony Settember,0.124155193567276
1978,Tony Settember,0.12416046857833862
1979,Tony Settember,0.12416476011276245
1980,Tony Settember,0.12416835129261017
1981,Tony Settember,0.1241714209318161
1982,Tony Settember,0.12417425215244293
1983,Tony Settember,0.12417694926261902
1984,Tony Settember,0.1241796612739563
1985,Tony Settember,0.12418258190155029
1986,Tony Settember,0.12418584525585175
1987,Tony Settember,0.1241895854473114
1988,Tony Settember,0.1241939514875412
1989,Tony Settember,0.12419918179512024
1990,Tony Settember,0.12420541048049927
1991,Tony Settember,0.12421293556690216
1992,Tony Settember,0.12422201037406921
1993,Tony Settember,0.12423297762870789
1994,Tony Settember,0.12424623966217041
1995,Tony Settember,0.12426234781742096
1996,Tony Settember,0.1242818534374237
1997,Tony Settember,0.12430548667907715
1998,Tony Settember,0.12433421611785889
1999,Tony Settember,0.1243690550327301
2000,Tony Settember,0.12441137433052063
2001,Tony Settember,0.12446282804012299
2002,Tony Settember,0.12452535331249237
2003,Tony Settember,0.12460151314735413
2004,Tony Settember,0.12469428777694702
2005,Tony Settember,0.12480737268924713
2006,Tony Settember,0.12494528293609619
2007,Tony Settember,0.1251136213541031
2008,Tony Settember,0.12531894445419312
2009,Tony Settember,0.12556907534599304
2010,Tony Settember,0.12587301433086395
2011,Tony Settember,0.1262402981519699
2012,Tony Settember,0.12667980790138245
2013,Tony Settember,0.12719719111919403
2014,Tony Settember,0.1277894526720047
2015,Tony Settember,0.12843531370162964
2016,Tony Settember,0.12907953560352325
2017,Tony Settember,0.1296088695526123
2018,Tony Settember,0.1298215091228485
2019,Tony Settember,0.12939642369747162
2020,Tony Settember,0.12786978483200073
2021,Tony Settember,0.12457975745201111
2022,Tony Settember,0.11832524836063385
2023,Tony Settember,0.10611218214035034
2024,Tony Settember,0.08146986365318298
2025,Tony Settember,0.039903052151203156
2026,Tony Settember,-0.06969387829303741
2027,Tony Settember,-0.07349970936775208
2028,Tony Settember,-0.07349970936775208
2029,Tony Settember,-0.07349970936775208
2030,Tony Settember,-0.07349970936775208
1958,Toranosuke  Takagi ,0.11337587237358093
1959,Toranosuke  Takagi ,0.1113276481628418
1960,Toranosuke  Takagi ,0.11172261834144592
1961,Toranosuke  Takagi ,0.11313855648040771
1962,Toranosuke  Takagi ,0.11504724621772766
1963,Toranosuke  Takagi ,0.11702710390090942
1964,Toranosuke  Takagi ,0.11880829930305481
1965,Toranosuke  Takagi ,0.1202738881111145
1966,Toranosuke  Takagi ,0.12140956521034241
1967,Toranosuke  Takagi ,0.12225326895713806
1968,Toranosuke  Takagi ,0.12286099791526794
1969,Toranosuke  Takagi ,0.1232886016368866
1970,Toranosuke  Takagi ,0.12358410656452179
1971,Toranosuke  Takagi ,0.12378546595573425
1972,Toranosuke  Takagi ,0.12392127513885498
1973,Toranosuke  Takagi ,0.124012291431427
1974,Toranosuke  Takagi ,0.12407322227954865
1975,Toranosuke  Takagi ,0.12411424517631531
1976,Toranosuke  Takagi ,0.12414240837097168
1977,Toranosuke  Takagi ,0.12416248023509979
1978,Toranosuke  Takagi ,0.12417769432067871
1979,Toranosuke  Takagi ,0.1241903305053711
1980,Toranosuke  Takagi ,0.12420196831226349
1981,Toranosuke  Takagi ,0.1242138147354126
1982,Toranosuke  Takagi ,0.12422682344913483
1983,Toranosuke  Takagi ,0.12424184381961823
1984,Toranosuke  Takagi ,0.12425960600376129
1985,Toranosuke  Takagi ,0.124280646443367
1986,Toranosuke  Takagi ,0.12430527806282043
1987,Toranosuke  Takagi ,0.12433311343193054
1988,Toranosuke  Takagi ,0.12436211109161377
1989,Toranosuke  Takagi ,0.1243869811296463
1990,Toranosuke  Takagi ,0.12439551949501038
1991,Toranosuke  Takagi ,0.1243622899055481
1992,Toranosuke  Takagi ,0.12423941493034363
1993,Toranosuke  Takagi ,0.12394919991493225
1994,Toranosuke  Takagi ,0.12340354919433594
1995,Toranosuke  Takagi ,0.12263751029968262
1996,Toranosuke  Takagi ,0.12216153740882874
1997,Toranosuke  Takagi ,0.12544390559196472
1998,Toranosuke  Takagi ,0.12031304836273193
1999,Toranosuke  Takagi ,0.12323875725269318
2000,Toranosuke  Takagi ,0.12258647382259369
2001,Toranosuke  Takagi ,0.12413264811038971
2002,Toranosuke  Takagi ,0.12510374188423157
2003,Toranosuke  Takagi ,0.12547719478607178
2004,Toranosuke  Takagi ,0.12552696466445923
2005,Toranosuke  Takagi ,0.12547346949577332
2006,Toranosuke  Takagi ,0.12543195486068726
2007,Toranosuke  Takagi ,0.12545016407966614
2008,Toranosuke  Takagi ,0.12554317712783813
2009,Toranosuke  Takagi ,0.12571445107460022
2010,Toranosuke  Takagi ,0.1259651482105255
2011,Toranosuke  Takagi ,0.1262974888086319
2012,Toranosuke  Takagi ,0.12671467661857605
2013,Toranosuke  Takagi ,0.12721803784370422
2014,Toranosuke  Takagi ,0.12780162692070007
2015,Toranosuke  Takagi ,0.12844230234622955
2016,Toranosuke  Takagi ,0.12908339500427246
2017,Toranosuke  Takagi ,0.12961095571517944
2018,Toranosuke  Takagi ,0.12982258200645447
2019,Toranosuke  Takagi ,0.12939691543579102
2020,Toranosuke  Takagi ,0.12786999344825745
2021,Toranosuke  Takagi ,0.12457983195781708
2022,Toranosuke  Takagi ,0.11832524836063385
2023,Toranosuke  Takagi ,0.10611213743686676
2024,Toranosuke  Takagi ,0.08146980404853821
2025,Toranosuke  Takagi ,0.039903052151203156
2026,Toranosuke  Takagi ,-0.06969387829303741
2027,Toranosuke  Takagi ,-0.07349970936775208
2028,Toranosuke  Takagi ,-0.07349970936775208
2029,Toranosuke  Takagi ,-0.07349970936775208
2030,Toranosuke  Takagi ,-0.07349970936775208
1958,Trevor  Blokdyk ,0.11286613345146179
1959,Trevor  Blokdyk ,0.11030210554599762
1960,Trevor  Blokdyk ,0.10987840592861176
1961,Trevor  Blokdyk ,0.11091110110282898
1962,Trevor  Blokdyk ,0.11688125133514404
1963,Trevor  Blokdyk ,0.13803283870220184
1964,Trevor  Blokdyk ,0.1185348629951477
1965,Trevor  Blokdyk ,0.11788828670978546
1966,Trevor  Blokdyk ,0.12042605876922607
1967,Trevor  Blokdyk ,0.12245549261569977
1968,Trevor  Blokdyk ,0.12357531487941742
1969,Trevor  Blokdyk ,0.12407611310482025
1970,Trevor  Blokdyk ,0.12425467371940613
1971,Trevor  Blokdyk ,0.12429176270961761
1972,Trevor  Blokdyk ,0.12427736818790436
1973,Trevor  Blokdyk ,0.12425044178962708
1974,Trevor  Blokdyk ,0.12422548234462738
1975,Trevor  Blokdyk ,0.12420640885829926
1976,Trevor  Blokdyk ,0.12419325113296509
1977,Trevor  Blokdyk ,0.12418492138385773
1978,Trevor  Blokdyk ,0.12417995929718018
1979,Trevor  Blokdyk ,0.12417745590209961
1980,Trevor  Blokdyk ,0.12417653203010559
1981,Trevor  Blokdyk ,0.12417671084403992
1982,Trevor  Blokdyk ,0.12417757511138916
1983,Trevor  Blokdyk ,0.12417906522750854
1984,Trevor  Blokdyk ,0.12418101727962494
1985,Trevor  Blokdyk ,0.12418343126773834
1986,Trevor  Blokdyk ,0.12418636679649353
1987,Trevor  Blokdyk ,0.12418994307518005
1988,Trevor  Blokdyk ,0.1241941750049591
1989,Trevor  Blokdyk ,0.12419930100440979
1990,Trevor  Blokdyk ,0.12420549988746643
1991,Trevor  Blokdyk ,0.12421298027038574
1992,Trevor  Blokdyk ,0.1242220401763916
1993,Trevor  Blokdyk ,0.12423299252986908
1994,Trevor  Blokdyk ,0.1242462545633316
1995,Trevor  Blokdyk ,0.12426236271858215
1996,Trevor  Blokdyk ,0.1242818683385849
1997,Trevor  Blokdyk ,0.12430551648139954
1998,Trevor  Blokdyk ,0.12433421611785889
1999,Trevor  Blokdyk ,0.1243690550327301
2000,Trevor  Blokdyk ,0.12441134452819824
2001,Trevor  Blokdyk ,0.12446281313896179
2002,Trevor  Blokdyk ,0.12452535331249237
2003,Trevor  Blokdyk ,0.12460151314735413
2004,Trevor  Blokdyk ,0.12469427287578583
2005,Trevor  Blokdyk ,0.12480735778808594
2006,Trevor  Blokdyk ,0.12494529783725739
2007,Trevor  Blokdyk ,0.1251136213541031
2008,Trevor  Blokdyk ,0.12531894445419312
2009,Trevor  Blokdyk ,0.12556907534599304
2010,Trevor  Blokdyk ,0.12587301433086395
2011,Trevor  Blokdyk ,0.1262402981519699
2012,Trevor  Blokdyk ,0.12667982280254364
2013,Trevor  Blokdyk ,0.12719720602035522
2014,Trevor  Blokdyk ,0.1277894526720047
2015,Trevor  Blokdyk ,0.12843531370162964
2016,Trevor  Blokdyk ,0.12907952070236206
2017,Trevor  Blokdyk ,0.1296088695526123
2018,Trevor  Blokdyk ,0.1298215091228485
2019,Trevor  Blokdyk ,0.12939642369747162
2020,Trevor  Blokdyk ,0.12786979973316193
2021,Trevor  Blokdyk ,0.12457975745201111
2022,Trevor  Blokdyk ,0.11832526326179504
2023,Trevor  Blokdyk ,0.10611218214035034
2024,Trevor  Blokdyk ,0.08146986365318298
2025,Trevor  Blokdyk ,0.039903052151203156
2026,Trevor  Blokdyk ,-0.06969387829303741
2027,Trevor  Blokdyk ,-0.07349970936775208
2028,Trevor  Blokdyk ,-0.07349970936775208
2029,Trevor  Blokdyk ,-0.07349970936775208
2030,Trevor  Blokdyk ,-0.07349970936775208
1958,Trevor Taylor,0.11115486919879913
1959,Trevor Taylor,0.10751786828041077
1960,Trevor Taylor,0.10679207742214203
1961,Trevor Taylor,0.1131686121225357
1962,Trevor Taylor,0.22108039259910583
1963,Trevor Taylor,0.18055276572704315
1964,Trevor Taylor,0.12021537125110626
1965,Trevor Taylor,0.11420303583145142
1966,Trevor Taylor,0.11727750301361084
1967,Trevor Taylor,0.12235313653945923
1968,Trevor Taylor,0.12506365776062012
1969,Trevor Taylor,0.12596341967582703
1970,Trevor Taylor,0.1259513944387436
1971,Trevor Taylor,0.12561437487602234
1972,Trevor Taylor,0.1252325475215912
1973,Trevor Taylor,0.12490919232368469
1974,Trevor Taylor,0.12466616928577423
1975,Trevor Taylor,0.12449482083320618
1976,Trevor Taylor,0.1243787556886673
1977,Trevor Taylor,0.12430243194103241
1978,Trevor Taylor,0.12425343692302704
1979,Trevor Taylor,0.1242227852344513
1980,Trevor Taylor,0.12420415878295898
1981,Trevor Taylor,0.12419334053993225
1982,Trevor Taylor,0.12418748438358307
1983,Trevor Taylor,0.12418486177921295
1984,Trevor Taylor,0.12418439984321594
1985,Trevor Taylor,0.12418533861637115
1986,Trevor Taylor,0.12418743968009949
1987,Trevor Taylor,0.12419052422046661
1988,Trevor Taylor,0.12419450283050537
1989,Trevor Taylor,0.12419947981834412
1990,Trevor Taylor,0.1242055892944336
1991,Trevor Taylor,0.12421303987503052
1992,Trevor Taylor,0.1242220550775528
1993,Trevor Taylor,0.12423300743103027
1994,Trevor Taylor,0.1242462694644928
1995,Trevor Taylor,0.12426236271858215
1996,Trevor Taylor,0.1242818534374237
1997,Trevor Taylor,0.12430548667907715
1998,Trevor Taylor,0.12433421611785889
1999,Trevor Taylor,0.1243690550327301
2000,Trevor Taylor,0.12441134452819824
2001,Trevor Taylor,0.12446284294128418
2002,Trevor Taylor,0.12452535331249237
2003,Trevor Taylor,0.12460151314735413
2004,Trevor Taylor,0.12469428777694702
2005,Trevor Taylor,0.12480737268924713
2006,Trevor Taylor,0.12494529783725739
2007,Trevor Taylor,0.1251136213541031
2008,Trevor Taylor,0.12531894445419312
2009,Trevor Taylor,0.12556907534599304
2010,Trevor Taylor,0.12587301433086395
2011,Trevor Taylor,0.12624028325080872
2012,Trevor Taylor,0.12667982280254364
2013,Trevor Taylor,0.12719720602035522
2014,Trevor Taylor,0.1277894377708435
2015,Trevor Taylor,0.12843531370162964
2016,Trevor Taylor,0.12907952070236206
2017,Trevor Taylor,0.1296088844537735
2018,Trevor Taylor,0.1298215091228485
2019,Trevor Taylor,0.12939642369747162
2020,Trevor Taylor,0.12786979973316193
2021,Trevor Taylor,0.12457975745201111
2022,Trevor Taylor,0.11832524836063385
2023,Trevor Taylor,0.10611218214035034
2024,Trevor Taylor,0.08146986365318298
2025,Trevor Taylor,0.039903052151203156
2026,Trevor Taylor,-0.06969387829303741
2027,Trevor Taylor,-0.07349970936775208
2028,Trevor Taylor,-0.07349970936775208
2029,Trevor Taylor,-0.07349970936775208
2030,Trevor Taylor,-0.07349970936775208
1958,Ukyo  Katayama ,0.1133759617805481
1959,Ukyo  Katayama ,0.11132803559303284
1960,Ukyo  Katayama ,0.11172321438789368
1961,Ukyo  Katayama ,0.1131393313407898
1962,Ukyo  Katayama ,0.11504822969436646
1963,Ukyo  Katayama ,0.11702834069728851
1964,Ukyo  Katayama ,0.11880983412265778
1965,Ukyo  Katayama ,0.12027578055858612
1966,Ukyo  Katayama ,0.12141194939613342
1967,Ukyo  Katayama ,0.12225617468357086
1968,Ukyo  Katayama ,0.12286451458930969
1969,Ukyo  Katayama ,0.12329292297363281
1970,Ukyo  Katayama ,0.12358936667442322
1971,Ukyo  Katayama ,0.12379194796085358
1972,Ukyo  Katayama ,0.1239292323589325
1973,Ukyo  Katayama ,0.12402206659317017
1974,Ukyo  Katayama ,0.12408524751663208
1975,Ukyo  Katayama ,0.12412913143634796
1976,Ukyo  Katayama ,0.12416079640388489
1977,Ukyo  Katayama ,0.1241852194070816
1978,Ukyo  Katayama ,0.12420585751533508
1979,Ukyo  Katayama ,0.12422508001327515
1980,Ukyo  Katayama ,0.12424463033676147
1981,Ukyo  Katayama ,0.12426571547985077
1982,Ukyo  Katayama ,0.12428885698318481
1983,Ukyo  Katayama ,0.12431381642818451
1984,Ukyo  Katayama ,0.12433856725692749
1985,Ukyo  Katayama ,0.12435761094093323
1986,Ukyo  Katayama ,0.1243584156036377
1987,Ukyo  Katayama ,0.12431462109088898
1988,Ukyo  Katayama ,0.12417623400688171
1989,Ukyo  Katayama ,0.1238621175289154
1990,Ukyo  Katayama ,0.12328571081161499
1991,Ukyo  Katayama ,0.12251953780651093
1992,Ukyo  Katayama ,0.12230649590492249
1993,Ukyo  Katayama ,0.12665483355522156
1994,Ukyo  Katayama ,0.14384371042251587
1995,Ukyo  Katayama ,0.12504899501800537
1996,Ukyo  Katayama ,0.12264984846115112
1997,Ukyo  Katayama ,0.1237255334854126
1998,Ukyo  Katayama ,0.12470798194408417
1999,Ukyo  Katayama ,0.12513962388038635
2000,Ukyo  Katayama ,0.1252080351114273
2001,Ukyo  Katayama ,0.12512807548046112
2002,Ukyo  Katayama ,0.12502509355545044
2003,Ukyo  Katayama ,0.12495425343513489
2004,Ukyo  Katayama ,0.12493333220481873
2005,Ukyo  Katayama ,0.12496471405029297
2006,Ukyo  Katayama ,0.1250465363264084
2007,Ukyo  Katayama ,0.1251775175333023
2008,Ukyo  Katayama ,0.12535855174064636
2009,Ukyo  Katayama ,0.12559327483177185
2010,Ukyo  Katayama ,0.12588751316070557
2011,Ukyo  Katayama ,0.12624885141849518
2012,Ukyo  Katayama ,0.1266847550868988
2013,Ukyo  Katayama ,0.12720000743865967
2014,Ukyo  Katayama ,0.12779098749160767
2015,Ukyo  Katayama ,0.1284361630678177
2016,Ukyo  Katayama ,0.12907996773719788
2017,Ukyo  Katayama ,0.1296090930700302
2018,Ukyo  Katayama ,0.12982162833213806
2019,Ukyo  Katayama ,0.1293964684009552
2020,Ukyo  Katayama ,0.12786979973316193
2021,Ukyo  Katayama ,0.12457975745201111
2022,Ukyo  Katayama ,0.11832524836063385
2023,Ukyo  Katayama ,0.10611216723918915
2024,Ukyo  Katayama ,0.0814698338508606
2025,Ukyo  Katayama ,0.039903052151203156
2026,Ukyo  Katayama ,-0.06969387829303741
2027,Ukyo  Katayama ,-0.07349970936775208
2028,Ukyo  Katayama ,-0.07349970936775208
2029,Ukyo  Katayama ,-0.07349970936775208
2030,Ukyo  Katayama ,-0.07349970936775208
1958,Valtteri  Bottas ,0.11337575316429138
1959,Valtteri  Bottas ,0.11132737994194031
1960,Valtteri  Bottas ,0.11172223091125488
1961,Valtteri  Bottas ,0.11313802003860474
1962,Valtteri  Bottas ,0.11504657566547394
1963,Valtteri  Bottas ,0.11702623963356018
1964,Valtteri  Bottas ,0.11880725622177124
1965,Valtteri  Bottas ,0.12027257680892944
1966,Valtteri  Bottas ,0.12140798568725586
1967,Valtteri  Bottas ,0.12225133180618286
1968,Valtteri  Bottas ,0.12285862863063812
1969,Valtteri  Bottas ,0.12328571081161499
1970,Valtteri  Bottas ,0.12358056008815765
1971,Valtteri  Bottas ,0.12378117442131042
1972,Valtteri  Bottas ,0.12391602993011475
1973,Valtteri  Bottas ,0.12400592863559723
1974,Valtteri  Bottas ,0.12406542897224426
1975,Valtteri  Bottas ,0.12410472333431244
1976,Valtteri  Bottas ,0.12413075566291809
1977,Valtteri  Bottas ,0.1241481602191925
1978,Valtteri  Bottas ,0.12416008114814758
1979,Valtteri  Bottas ,0.12416857481002808
1980,Valtteri  Bottas ,0.1241750419139862
1981,Valtteri  Bottas ,0.12418046593666077
1982,Valtteri  Bottas ,0.12418544292449951
1983,Valtteri  Bottas ,0.12419041991233826
1984,Valtteri  Bottas ,0.12419584393501282
1985,Valtteri  Bottas ,0.12420201301574707
1986,Valtteri  Bottas ,0.1242091953754425
1987,Valtteri  Bottas ,0.12421774864196777
1988,Valtteri  Bottas ,0.12422797083854675
1989,Valtteri  Bottas ,0.12424033880233765
1990,Valtteri  Bottas ,0.12425526976585388
1991,Valtteri  Bottas ,0.12427332997322083
1992,Valtteri  Bottas ,0.12429524958133698
1993,Valtteri  Bottas ,0.124321848154068
1994,Valtteri  Bottas ,0.12435418367385864
1995,Valtteri  Bottas ,0.12439346313476562
1996,Valtteri  Bottas ,0.12444126605987549
1997,Valtteri  Bottas ,0.12449944019317627
1998,Valtteri  Bottas ,0.12457028031349182
1999,Valtteri  Bottas ,0.12465658783912659
2000,Valtteri  Bottas ,0.1247616857290268
2001,Valtteri  Bottas ,0.12488961219787598
2002,Valtteri  Bottas ,0.1250450760126114
2003,Valtteri  Bottas ,0.12523362040519714
2004,Valtteri  Bottas ,0.12546147406101227
2005,Valtteri  Bottas ,0.12573552131652832
2006,Valtteri  Bottas ,0.12606295943260193
2007,Valtteri  Bottas ,0.12645049393177032
2008,Valtteri  Bottas ,0.12690213322639465
2009,Valtteri  Bottas ,0.12741339206695557
2010,Valtteri  Bottas ,0.12795694172382355
2011,Valtteri  Bottas ,0.1284516453742981
2012,Valtteri  Bottas ,0.12870901823043823
2013,Valtteri  Bottas ,0.12838560342788696
2014,Valtteri  Bottas ,0.12711383402347565
2015,Valtteri  Bottas ,0.12540608644485474
2016,Valtteri  Bottas ,0.12822018563747406
2017,Valtteri  Bottas ,0.14604181051254272
2018,Valtteri  Bottas ,0.5037335157394409
2019,Valtteri  Bottas ,0.6609886884689331
2020,Valtteri  Bottas ,0.6015560626983643
2021,Valtteri  Bottas ,0.5429022312164307
2022,Valtteri  Bottas ,0.25867971777915955
2023,Valtteri  Bottas ,0.1648074984550476
2024,Valtteri  Bottas ,0.09930494427680969
2025,Valtteri  Bottas ,0.059218280017375946
2026,Valtteri  Bottas ,0.023970164358615875
2027,Valtteri  Bottas ,0.018512755632400513
2028,Valtteri  Bottas ,0.01767374575138092
2029,Valtteri  Bottas ,0.017544910311698914
2030,Valtteri  Bottas ,0.017525114119052887
1958,Valtteri Bottas ,0.11337581276893616
1959,Valtteri Bottas ,0.1113274097442627
1960,Valtteri Bottas ,0.11172229051589966
1961,Valtteri Bottas ,0.1131381243467331
1962,Valtteri Bottas ,0.11504665017127991
1963,Valtteri Bottas ,0.11702637374401093
1964,Valtteri Bottas ,0.11880740523338318
1965,Valtteri Bottas ,0.12027275562286377
1966,Valtteri Bottas ,0.12140822410583496
1967,Valtteri Bottas ,0.12225160002708435
1968,Valtteri Bottas ,0.1228589415550232
1969,Valtteri Bottas ,0.12328611314296722
1970,Valtteri Bottas ,0.12358105182647705
1971,Valtteri Bottas ,0.12378174066543579
1972,Valtteri Bottas ,0.12391671538352966
1973,Valtteri Bottas ,0.12400674819946289
1974,Valtteri Bottas ,0.12406644225120544
1975,Valtteri Bottas ,0.12410597503185272
1976,Valtteri Bottas ,0.12413224577903748
1977,Valtteri Bottas ,0.12414999306201935
1978,Valtteri Bottas ,0.12416228652000427
1979,Valtteri Bottas ,0.12417125701904297
1980,Valtteri Bottas ,0.12417832016944885
1981,Valtteri Bottas ,0.12418442964553833
1982,Valtteri Bottas ,0.12419024109840393
1983,Valtteri Bottas ,0.12419627606868744
1984,Valtteri Bottas ,0.12420293688774109
1985,Valtteri Bottas ,0.12421061098575592
1986,Valtteri Bottas ,0.1242196261882782
1987,Valtteri Bottas ,0.12423041462898254
1988,Valtteri Bottas ,0.12424343824386597
1989,Valtteri Bottas ,0.12425915896892548
1990,Valtteri Bottas ,0.12427827715873718
1991,Valtteri Bottas ,0.12430152297019958
1992,Valtteri Bottas ,0.12432980537414551
1993,Valtteri Bottas ,0.12436428666114807
1994,Valtteri Bottas ,0.1244063526391983
1995,Valtteri Bottas ,0.12445768713951111
1996,Valtteri Bottas ,0.12452033162117004
1997,Valtteri Bottas ,0.12459662556648254
1998,Valtteri Bottas ,0.12468931078910828
1999,Valtteri Bottas ,0.12480142712593079
2000,Valtteri Bottas ,0.12493613362312317
2001,Valtteri Bottas ,0.12509629130363464
2002,Valtteri Bottas ,0.12528377771377563
2003,Valtteri Bottas ,0.12549805641174316
2004,Valtteri Bottas ,0.12573260068893433
2005,Valtteri Bottas ,0.1259680688381195
2006,Valtteri Bottas ,0.1261567622423172
2007,Valtteri Bottas ,0.12619484961032867
2008,Valtteri Bottas ,0.12588241696357727
2009,Valtteri Bottas ,0.12491342425346375
2010,Valtteri Bottas ,0.12307825684547424
2011,Valtteri Bottas ,0.12119276821613312
2012,Valtteri Bottas ,0.1253945231437683
2013,Valtteri Bottas ,0.14042972028255463
2014,Valtteri Bottas ,0.41460251808166504
2015,Valtteri Bottas ,0.40818843245506287
2016,Valtteri Bottas ,0.33315399289131165
2017,Valtteri Bottas ,0.5607073307037354
2018,Valtteri Bottas ,0.1451301872730255
2019,Valtteri Bottas ,0.126155287027359
2020,Valtteri Bottas ,0.126941978931427
2021,Valtteri Bottas ,0.12803001701831818
2022,Valtteri Bottas ,0.12361814081668854
2023,Valtteri Bottas ,0.11142531037330627
2024,Valtteri Bottas ,0.08590507507324219
2025,Valtteri Bottas ,0.039903052151203156
2026,Valtteri Bottas ,-0.06969387829303741
2027,Valtteri Bottas ,-0.07349970936775208
2028,Valtteri Bottas ,-0.07349970936775208
2029,Valtteri Bottas ,-0.07349970936775208
2030,Valtteri Bottas ,-0.07349970936775208
1958,Vic Elford,0.11350798606872559
1959,Vic Elford,0.11157140135765076
1960,Vic Elford,0.11201097071170807
1961,Vic Elford,0.11339567601680756
1962,Vic Elford,0.11512798070907593
1963,Vic Elford,0.11665096879005432
1964,Vic Elford,0.11751115322113037
1965,Vic Elford,0.11754991114139557
1966,Vic Elford,0.11753934621810913
1967,Vic Elford,0.1225883960723877
1968,Vic Elford,0.14432400465011597
1969,Vic Elford,0.19185231626033783
1970,Vic Elford,0.12457063794136047
1971,Vic Elford,0.12060555815696716
1972,Vic Elford,0.12270519137382507
1973,Vic Elford,0.12466931343078613
1974,Vic Elford,0.12550786137580872
1975,Vic Elford,0.12560759484767914
1976,Vic Elford,0.12538878619670868
1977,Vic Elford,0.12509411573410034
1978,Vic Elford,0.12482774257659912
1979,Vic Elford,0.1246202290058136
1980,Vic Elford,0.12447059154510498
1981,Vic Elford,0.12436777353286743
1982,Vic Elford,0.124299556016922
1983,Vic Elford,0.12425573170185089
1984,Vic Elford,0.12422847747802734
1985,Vic Elford,0.12421244382858276
1986,Vic Elford,0.12420383095741272
1987,Vic Elford,0.12420032918453217
1988,Vic Elford,0.12420026957988739
1989,Vic Elford,0.12420281767845154
1990,Vic Elford,0.1242074966430664
1991,Vic Elford,0.12421411275863647
1992,Vic Elford,0.12422266602516174
1993,Vic Elford,0.12423333525657654
1994,Vic Elford,0.12424643337726593
1995,Vic Elford,0.12426246702671051
1996,Vic Elford,0.12428189814090729
1997,Vic Elford,0.12430551648139954
1998,Vic Elford,0.12433421611785889
1999,Vic Elford,0.1243690699338913
2000,Vic Elford,0.12441137433052063
2001,Vic Elford,0.12446281313896179
2002,Vic Elford,0.12452536821365356
2003,Vic Elford,0.12460151314735413
2004,Vic Elford,0.12469428777694702
2005,Vic Elford,0.12480735778808594
2006,Vic Elford,0.12494529783725739
2007,Vic Elford,0.1251136213541031
2008,Vic Elford,0.12531894445419312
2009,Vic Elford,0.12556907534599304
2010,Vic Elford,0.12587301433086395
2011,Vic Elford,0.12624028325080872
2012,Vic Elford,0.12667980790138245
2013,Vic Elford,0.12719719111919403
2014,Vic Elford,0.1277894377708435
2015,Vic Elford,0.12843531370162964
2016,Vic Elford,0.12907952070236206
2017,Vic Elford,0.1296088695526123
2018,Vic Elford,0.1298215091228485
2019,Vic Elford,0.12939642369747162
2020,Vic Elford,0.12786978483200073
2021,Vic Elford,0.12457975745201111
2022,Vic Elford,0.11832524836063385
2023,Vic Elford,0.10611218214035034
2024,Vic Elford,0.08146986365318298
2025,Vic Elford,0.039903052151203156
2026,Vic Elford,-0.06969387829303741
2027,Vic Elford,-0.07349970936775208
2028,Vic Elford,-0.07349970936775208
2029,Vic Elford,-0.07349970936775208
2030,Vic Elford,-0.07349970936775208
1958,Vitaly  Petrov ,0.11337576806545258
1959,Vitaly  Petrov ,0.11132737994194031
1960,Vitaly  Petrov ,0.11172224581241608
1961,Vitaly  Petrov ,0.11313804984092712
1962,Vitaly  Petrov ,0.11504663527011871
1963,Vitaly  Petrov ,0.11702631413936615
1964,Vitaly  Petrov ,0.11880731582641602
1965,Vitaly  Petrov ,0.12027265131473541
1966,Vitaly  Petrov ,0.12140807509422302
1967,Vitaly  Petrov ,0.12225145101547241
1968,Vitaly  Petrov ,0.12285876274108887
1969,Vitaly  Petrov ,0.12328588962554932
1970,Vitaly  Petrov ,0.12358076870441437
1971,Vitaly  Petrov ,0.12378141283988953
1972,Vitaly  Petrov ,0.12391634285449982
1973,Vitaly  Petrov ,0.12400627136230469
1974,Vitaly  Petrov ,0.12406584620475769
1975,Vitaly  Petrov ,0.12410525977611542
1976,Vitaly  Petrov ,0.12413141131401062
1977,Vitaly  Petrov ,0.12414894998073578
1978,Vitaly  Petrov ,0.12416103482246399
1979,Vitaly  Petrov ,0.1241697371006012
1980,Vitaly  Petrov ,0.12417648732662201
1981,Vitaly  Petrov ,0.12418219447135925
1982,Vitaly  Petrov ,0.12418757379055023
1983,Vitaly  Petrov ,0.12419307231903076
1984,Vitaly  Petrov ,0.12419907748699188
1985,Vitaly  Petrov ,0.12420597672462463
1986,Vitaly  Petrov ,0.12421411275863647
1987,Vitaly  Petrov ,0.12422382831573486
1988,Vitaly  Petrov ,0.1242356151342392
1989,Vitaly  Petrov ,0.12424987554550171
1990,Vitaly  Petrov ,0.12426730990409851
1991,Vitaly  Petrov ,0.12428861856460571
1992,Vitaly  Petrov ,0.12431463599205017
1993,Vitaly  Petrov ,0.12434646487236023
1994,Vitaly  Petrov ,0.12438535690307617
1995,Vitaly  Petrov ,0.12443280220031738
1996,Vitaly  Petrov ,0.12449032068252563
1997,Vitaly  Petrov ,0.12455953657627106
1998,Vitaly  Petrov ,0.12464174628257751
1999,Vitaly  Petrov ,0.12473730742931366
2000,Vitaly  Petrov ,0.12484428286552429
2001,Vitaly  Petrov ,0.12495513260364532
2002,Vitaly  Petrov ,0.12504974007606506
2003,Vitaly  Petrov ,0.12508165836334229
2004,Vitaly  Petrov ,0.12495425343513489
2005,Vitaly  Petrov ,0.12449507415294647
2006,Vitaly  Petrov ,0.12348276376724243
2007,Vitaly  Petrov ,0.1219378411769867
2008,Vitaly  Petrov ,0.12127569317817688
2009,Vitaly  Petrov ,0.12784045934677124
2010,Vitaly  Petrov ,0.2044101059436798
2011,Vitaly  Petrov ,0.24224936962127686
2012,Vitaly  Petrov ,0.12217473983764648
2013,Vitaly  Petrov ,0.12414401769638062
2014,Vitaly  Petrov ,0.12520644068717957
2015,Vitaly  Petrov ,0.12931214272975922
2016,Vitaly  Petrov ,0.13163131475448608
2017,Vitaly  Petrov ,0.13244342803955078
2018,Vitaly  Petrov ,0.1322750300168991
2019,Vitaly  Petrov ,0.1312863528728485
2020,Vitaly  Petrov ,0.1292344033718109
2021,Vitaly  Petrov ,0.12552788853645325
2022,Vitaly  Petrov ,0.11896872520446777
2023,Vitaly  Petrov ,0.10654193162918091
2024,Vitaly  Petrov ,0.08174948394298553
2025,Vitaly  Petrov ,0.039903052151203156
2026,Vitaly  Petrov ,-0.06969387829303741
2027,Vitaly  Petrov ,-0.07349970936775208
2028,Vitaly  Petrov ,-0.07349970936775208
2029,Vitaly  Petrov ,-0.07349970936775208
2030,Vitaly  Petrov ,-0.07349970936775208
1958,Vitantonio  Liuzzi ,0.11337585747241974
1959,Vitantonio  Liuzzi ,0.11132766306400299
1960,Vitantonio  Liuzzi ,0.11172270774841309
1961,Vitantonio  Liuzzi ,0.11313861608505249
1962,Vitantonio  Liuzzi ,0.11504730582237244
1963,Vitantonio  Liuzzi ,0.11702722311019897
1964,Vitantonio  Liuzzi ,0.11880841851234436
1965,Vitantonio  Liuzzi ,0.12027403712272644
1966,Vitantonio  Liuzzi ,0.12140978872776031
1967,Vitantonio  Liuzzi ,0.12225350737571716
1968,Vitantonio  Liuzzi ,0.12286128103733063
1969,Vitantonio  Liuzzi ,0.12328895926475525
1970,Vitantonio  Liuzzi ,0.12358450889587402
1971,Vitantonio  Liuzzi ,0.12378591299057007
1972,Vitantonio  Liuzzi ,0.12392181158065796
1973,Vitantonio  Liuzzi ,0.12401291728019714
1974,Vitantonio  Liuzzi ,0.12407390773296356
1975,Vitantonio  Liuzzi ,0.12411502003669739
1976,Vitantonio  Liuzzi ,0.12414324283599854
1977,Vitantonio  Liuzzi ,0.12416332960128784
1978,Vitantonio  Liuzzi ,0.12417849898338318
1979,Vitantonio  Liuzzi ,0.12419095635414124
1980,Vitantonio  Liuzzi ,0.12420223653316498
1981,Vitantonio  Liuzzi ,0.12421354651451111
1982,Vitantonio  Liuzzi ,0.12422570586204529
1983,Vitantonio  Liuzzi ,0.12423959374427795
1984,Vitantonio  Liuzzi ,0.12425588071346283
1985,Vitantonio  Liuzzi ,0.12427547574043274
1986,Vitantonio  Liuzzi ,0.12429925799369812
1987,Vitantonio  Liuzzi ,0.12432843446731567
1988,Vitantonio  Liuzzi ,0.12436425685882568
1989,Vitantonio  Liuzzi ,0.12440843880176544
1990,Vitantonio  Liuzzi ,0.12446287274360657
1991,Vitantonio  Liuzzi ,0.1245298683643341
1992,Vitantonio  Liuzzi ,0.1246117353439331
1993,Vitantonio  Liuzzi ,0.12471085786819458
1994,Vitantonio  Liuzzi ,0.12482860684394836
1995,Vitantonio  Liuzzi ,0.1249639093875885
1996,Vitantonio  Liuzzi ,0.1251102238893509
1997,Vitantonio  Liuzzi ,0.125249445438385
1998,Vitantonio  Liuzzi ,0.12534168362617493
1999,Vitantonio  Liuzzi ,0.1253095120191574
2000,Vitantonio  Liuzzi ,0.12502345442771912
2001,Vitantonio  Liuzzi ,0.12431599199771881
2002,Vitantonio  Liuzzi ,0.12312197685241699
2003,Vitantonio  Liuzzi ,0.12178459763526917
2004,Vitantonio  Liuzzi ,0.12390224635601044
2005,Vitantonio  Liuzzi ,0.08621262013912201
2006,Vitantonio  Liuzzi ,0.1225547045469284
2007,Vitantonio  Liuzzi ,0.13620495796203613
2008,Vitantonio  Liuzzi ,0.1265178620815277
2009,Vitantonio  Liuzzi ,0.10247188806533813
2010,Vitantonio  Liuzzi ,0.17926135659217834
2011,Vitantonio  Liuzzi ,0.09376771748065948
2012,Vitantonio  Liuzzi ,0.12962870299816132
2013,Vitantonio  Liuzzi ,0.13029557466506958
2014,Vitantonio  Liuzzi ,0.13226988911628723
2015,Vitantonio  Liuzzi ,0.13282445073127747
2016,Vitantonio  Liuzzi ,0.13270136713981628
2017,Vitantonio  Liuzzi ,0.1323145180940628
2018,Vitantonio  Liuzzi ,0.13172295689582825
2019,Vitantonio  Liuzzi ,0.13068056106567383
2020,Vitantonio  Liuzzi ,0.1287137120962143
2021,Vitantonio  Liuzzi ,0.12512360513210297
2022,Vitantonio  Liuzzi ,0.11867059767246246
2023,Vitantonio  Liuzzi ,0.1063285768032074
2024,Vitantonio  Liuzzi ,0.08160172402858734
2025,Vitantonio  Liuzzi ,0.039903052151203156
2026,Vitantonio  Liuzzi ,-0.06969387829303741
2027,Vitantonio  Liuzzi ,-0.07349970936775208
2028,Vitantonio  Liuzzi ,-0.07349970936775208
2029,Vitantonio  Liuzzi ,-0.07349970936775208
2030,Vitantonio  Liuzzi ,-0.07349970936775208
1958,Vittorio  Brambilla ,0.1134418249130249
1959,Vittorio  Brambilla ,0.11148771643638611
1960,Vittorio  Brambilla ,0.11195731163024902
1961,Vittorio  Brambilla ,0.11345060169696808
1962,Vittorio  Brambilla ,0.11544698476791382
1963,Vittorio  Brambilla ,0.11752694845199585
1964,Vittorio  Brambilla ,0.11941882967948914
1965,Vittorio  Brambilla ,0.12099763751029968
1966,Vittorio  Brambilla ,0.12222853302955627
1967,Vittorio  Brambilla ,0.1231037974357605
1968,Vittorio  Brambilla ,0.1235882043838501
1969,Vittorio  Brambilla ,0.1235780417919159
1970,Vittorio  Brambilla ,0.12290613353252411
1971,Vittorio  Brambilla ,0.12153610587120056
1972,Vittorio  Brambilla ,0.12024229764938354
1973,Vittorio  Brambilla ,0.12431347370147705
1974,Vittorio  Brambilla ,0.13190236687660217
1975,Vittorio  Brambilla ,0.19772571325302124
1976,Vittorio  Brambilla ,0.12876489758491516
1977,Vittorio  Brambilla ,0.15469124913215637
1978,Vittorio  Brambilla ,0.12243005633354187
1979,Vittorio  Brambilla ,0.1267256885766983
1980,Vittorio  Brambilla ,0.1262645721435547
1981,Vittorio  Brambilla ,0.1279880702495575
1982,Vittorio  Brambilla ,0.12837332487106323
1983,Vittorio  Brambilla ,0.12786516547203064
1984,Vittorio  Brambilla ,0.12704221904277802
1985,Vittorio  Brambilla ,0.12624582648277283
1986,Vittorio  Brambilla ,0.12560388445854187
1987,Vittorio  Brambilla ,0.1251329630613327
1988,Vittorio  Brambilla ,0.12480658292770386
1989,Vittorio  Brambilla ,0.12458932399749756
1990,Vittorio  Brambilla ,0.12444964051246643
1991,Vittorio  Brambilla ,0.12436342239379883
1992,Vittorio  Brambilla ,0.12431326508522034
1993,Vittorio  Brambilla ,0.12428741157054901
1994,Vittorio  Brambilla ,0.12427815794944763
1995,Vittorio  Brambilla ,0.12428069114685059
1996,Vittorio  Brambilla ,0.12429217994213104
1997,Vittorio  Brambilla ,0.124311164021492
1998,Vittorio  Brambilla ,0.12433719635009766
1999,Vittorio  Brambilla ,0.12437057495117188
2000,Vittorio  Brambilla ,0.12441207468509674
2001,Vittorio  Brambilla ,0.12446311116218567
2002,Vittorio  Brambilla ,0.12452542781829834
2003,Vittorio  Brambilla ,0.12460151314735413
2004,Vittorio  Brambilla ,0.12469422817230225
2005,Vittorio  Brambilla ,0.12480731308460236
2006,Vittorio  Brambilla ,0.12494522333145142
2007,Vittorio  Brambilla ,0.1251135766506195
2008,Vittorio  Brambilla ,0.12531889975070953
2009,Vittorio  Brambilla ,0.12556906044483185
2010,Vittorio  Brambilla ,0.12587299942970276
2011,Vittorio  Brambilla ,0.12624028325080872
2012,Vittorio  Brambilla ,0.12667980790138245
2013,Vittorio  Brambilla ,0.12719720602035522
2014,Vittorio  Brambilla ,0.1277894526720047
2015,Vittorio  Brambilla ,0.12843531370162964
2016,Vittorio  Brambilla ,0.12907952070236206
2017,Vittorio  Brambilla ,0.1296088695526123
2018,Vittorio  Brambilla ,0.1298215091228485
2019,Vittorio  Brambilla ,0.12939642369747162
2020,Vittorio  Brambilla ,0.12786978483200073
2021,Vittorio  Brambilla ,0.12457975745201111
2022,Vittorio  Brambilla ,0.11832524836063385
2023,Vittorio  Brambilla ,0.10611218214035034
2024,Vittorio  Brambilla ,0.08146986365318298
2025,Vittorio  Brambilla ,0.039903052151203156
2026,Vittorio  Brambilla ,-0.06969387829303741
2027,Vittorio  Brambilla ,-0.07349970936775208
2028,Vittorio  Brambilla ,-0.07349970936775208
2029,Vittorio  Brambilla ,-0.07349970936775208
2030,Vittorio  Brambilla ,-0.07349970936775208
1958,Walt Hansgen ,0.11316011846065521
1959,Walt Hansgen ,0.1108209490776062
1960,Walt Hansgen ,0.11053712666034698
1961,Walt Hansgen ,0.11095815896987915
1962,Walt Hansgen ,0.11249274015426636
1963,Walt Hansgen ,0.11920373141765594
1964,Walt Hansgen ,0.16697043180465698
1965,Walt Hansgen ,0.12097960710525513
1966,Walt Hansgen ,0.11838343739509583
1967,Walt Hansgen ,0.1205810010433197
1968,Walt Hansgen ,0.12269000709056854
1969,Walt Hansgen ,0.12386353313922882
1970,Walt Hansgen ,0.12435364723205566
1971,Walt Hansgen ,0.12448643147945404
1972,Walt Hansgen ,0.12446954846382141
1973,Walt Hansgen ,0.12440672516822815
1974,Walt Hansgen ,0.1243414580821991
1975,Walt Hansgen ,0.12428805232048035
1976,Walt Hansgen ,0.12424884736537933
1977,Walt Hansgen ,0.1242218166589737
1978,Walt Hansgen ,0.12420402467250824
1979,Walt Hansgen ,0.12419289350509644
1980,Walt Hansgen ,0.12418632209300995
1981,Walt Hansgen ,0.124182790517807
1982,Walt Hansgen ,0.1241813600063324
1983,Walt Hansgen ,0.1241813600063324
1984,Walt Hansgen ,0.12418238818645477
1985,Walt Hansgen ,0.124184250831604
1986,Walt Hansgen ,0.12418685853481293
1987,Walt Hansgen ,0.12419021129608154
1988,Walt Hansgen ,0.12419433891773224
1989,Walt Hansgen ,0.12419940531253815
1990,Walt Hansgen ,0.1242055594921112
1991,Walt Hansgen ,0.12421301007270813
1992,Walt Hansgen ,0.1242220550775528
1993,Walt Hansgen ,0.12423302233219147
1994,Walt Hansgen ,0.1242462694644928
1995,Walt Hansgen ,0.12426233291625977
1996,Walt Hansgen ,0.1242818534374237
1997,Walt Hansgen ,0.12430550158023834
1998,Walt Hansgen ,0.12433421611785889
1999,Walt Hansgen ,0.1243690550327301
2000,Walt Hansgen ,0.12441134452819824
2001,Walt Hansgen ,0.12446281313896179
2002,Walt Hansgen ,0.12452533841133118
2003,Walt Hansgen ,0.12460151314735413
2004,Walt Hansgen ,0.12469428777694702
2005,Walt Hansgen ,0.12480735778808594
2006,Walt Hansgen ,0.12494529783725739
2007,Walt Hansgen ,0.1251136064529419
2008,Walt Hansgen ,0.12531891465187073
2009,Walt Hansgen ,0.12556907534599304
2010,Walt Hansgen ,0.12587301433086395
2011,Walt Hansgen ,0.12624028325080872
2012,Walt Hansgen ,0.12667980790138245
2013,Walt Hansgen ,0.12719719111919403
2014,Walt Hansgen ,0.1277894377708435
2015,Walt Hansgen ,0.12843531370162964
2016,Walt Hansgen ,0.12907952070236206
2017,Walt Hansgen ,0.1296088844537735
2018,Walt Hansgen ,0.1298215091228485
2019,Walt Hansgen ,0.12939642369747162
2020,Walt Hansgen ,0.12786978483200073
2021,Walt Hansgen ,0.12457975745201111
2022,Walt Hansgen ,0.11832526326179504
2023,Walt Hansgen ,0.10611216723918915
2024,Walt Hansgen ,0.08146984875202179
2025,Walt Hansgen ,0.039903052151203156
2026,Walt Hansgen ,-0.06969387829303741
2027,Walt Hansgen ,-0.07349970936775208
2028,Walt Hansgen ,-0.07349970936775208
2029,Walt Hansgen ,-0.07349970936775208
2030,Walt Hansgen ,-0.07349970936775208
1958,Will  Stevens ,0.11337573826313019
1959,Will  Stevens ,0.11132732033729553
1960,Will  Stevens ,0.11172214150428772
1961,Will  Stevens ,0.11313793063163757
1962,Will  Stevens ,0.1150464415550232
1963,Will  Stevens ,0.11702609062194824
1964,Will  Stevens ,0.11880703270435333
1965,Will  Stevens ,0.12027232348918915
1966,Will  Stevens ,0.12140767276287079
1967,Will  Stevens ,0.12225097417831421
1968,Will  Stevens ,0.12285816669464111
1969,Will  Stevens ,0.12328515946865082
1970,Will  Stevens ,0.12357988953590393
1971,Will  Stevens ,0.12378033995628357
1972,Will  Stevens ,0.12391504645347595
1973,Will  Stevens ,0.12400469183921814
1974,Will  Stevens ,0.12406396865844727
1975,Will  Stevens ,0.12410295009613037
1976,Will  Stevens ,0.12412858009338379
1977,Will  Stevens ,0.12414553761482239
1978,Will  Stevens ,0.12415692210197449
1979,Will  Stevens ,0.12416477501392365
1980,Will  Stevens ,0.12417048215866089
1981,Will  Stevens ,0.12417490780353546
1982,Will  Stevens ,0.12417870759963989
1983,Will  Stevens ,0.12418228387832642
1984,Will  Stevens ,0.12418600916862488
1985,Will  Stevens ,0.12419009208679199
1986,Will  Stevens ,0.12419477105140686
1987,Will  Stevens ,0.12420026957988739
1988,Will  Stevens ,0.12420687079429626
1989,Will  Stevens ,0.12421479821205139
1990,Will  Stevens ,0.12422436475753784
1991,Will  Stevens ,0.12423598766326904
1992,Will  Stevens ,0.1242501437664032
1993,Will  Stevens ,0.12426738440990448
1994,Will  Stevens ,0.12428845465183258
1995,Will  Stevens ,0.12431421875953674
1996,Will  Stevens ,0.12434574961662292
1997,Will  Stevens ,0.12438441812992096
1998,Will  Stevens ,0.12443190813064575
1999,Will  Stevens ,0.12449008226394653
2000,Will  Stevens ,0.1245613545179367
2001,Will  Stevens ,0.12464825809001923
2002,Will  Stevens ,0.12475332617759705
2003,Will  Stevens ,0.12487863004207611
2004,Will  Stevens ,0.12502442300319672
2005,Will  Stevens ,0.12518686056137085
2006,Will  Stevens ,0.12535357475280762
2007,Will  Stevens ,0.12549613416194916
2008,Will  Stevens ,0.12556031346321106
2009,Will  Stevens ,0.12545913457870483
2010,Will  Stevens ,0.12509259581565857
2011,Will  Stevens ,0.12446630001068115
2012,Will  Stevens ,0.1238909661769867
2013,Will  Stevens ,0.1259821057319641
2014,Will  Stevens ,0.08810245990753174
2015,Will  Stevens ,0.10862725973129272
2016,Will  Stevens ,0.1287667453289032
2017,Will  Stevens ,0.12981440126895905
2018,Will  Stevens ,0.13152755796909332
2019,Will  Stevens ,0.13156065344810486
2020,Will  Stevens ,0.12986622750759125
2021,Will  Stevens ,0.1261695921421051
2022,Will  Stevens ,0.11949437856674194
2023,Will  Stevens ,0.10693202912807465
2024,Will  Stevens ,0.08201780915260315
2025,Will  Stevens ,0.039903052151203156
2026,Will  Stevens ,-0.06969387829303741
2027,Will  Stevens ,-0.07349970936775208
2028,Will  Stevens ,-0.07349970936775208
2029,Will  Stevens ,-0.07349970936775208
2030,Will  Stevens ,-0.07349970936775208
1958,Willy  Mairesse ,0.10949259996414185
1959,Willy  Mairesse ,0.1121770441532135
1960,Willy  Mairesse ,0.16432030498981476
1961,Willy  Mairesse ,0.11639478802680969
1962,Willy  Mairesse ,0.17288577556610107
1963,Willy  Mairesse ,0.14258117973804474
1964,Willy  Mairesse ,0.1162092387676239
1965,Willy  Mairesse ,0.11693909764289856
1966,Willy  Mairesse ,0.1212126761674881
1967,Willy  Mairesse ,0.12394404411315918
1968,Willy  Mairesse ,0.1250811219215393
1969,Willy  Mairesse ,0.12531718611717224
1970,Willy  Mairesse ,0.12517866492271423
1971,Willy  Mairesse ,0.12494049966335297
1972,Willy  Mairesse ,0.12471631169319153
1973,Willy  Mairesse ,0.12454003095626831
1974,Willy  Mairesse ,0.12441293895244598
1975,Willy  Mairesse ,0.12432591617107391
1976,Willy  Mairesse ,0.12426841259002686
1977,Willy  Mairesse ,0.12423157691955566
1978,Willy  Mairesse ,0.12420862913131714
1979,Willy  Mairesse ,0.12419483065605164
1980,Willy  Mairesse ,0.12418696284294128
1981,Willy  Mairesse ,0.12418286502361298
1982,Willy  Mairesse ,0.12418121099472046
1983,Willy  Mairesse ,0.12418118119239807
1984,Willy  Mairesse ,0.12418220937252045
1985,Willy  Mairesse ,0.12418407201766968
1986,Willy  Mairesse ,0.12418672442436218
1987,Willy  Mairesse ,0.12419012188911438
1988,Willy  Mairesse ,0.12419427931308746
1989,Willy  Mairesse ,0.12419936060905457
1990,Willy  Mairesse ,0.12420552968978882
1991,Willy  Mairesse ,0.12421301007270813
1992,Willy  Mairesse ,0.1242220401763916
1993,Willy  Mairesse ,0.12423300743103027
1994,Willy  Mairesse ,0.12424628436565399
1995,Willy  Mairesse ,0.12426236271858215
1996,Willy  Mairesse ,0.1242818534374237
1997,Willy  Mairesse ,0.12430550158023834
1998,Willy  Mairesse ,0.12433421611785889
1999,Willy  Mairesse ,0.1243690550327301
2000,Willy  Mairesse ,0.12441134452819824
2001,Willy  Mairesse ,0.12446281313896179
2002,Willy  Mairesse ,0.12452536821365356
2003,Willy  Mairesse ,0.12460151314735413
2004,Willy  Mairesse ,0.12469428777694702
2005,Willy  Mairesse ,0.12480735778808594
2006,Willy  Mairesse ,0.12494528293609619
2007,Willy  Mairesse ,0.1251136064529419
2008,Willy  Mairesse ,0.12531891465187073
2009,Willy  Mairesse ,0.12556907534599304
2010,Willy  Mairesse ,0.12587301433086395
2011,Willy  Mairesse ,0.1262402981519699
2012,Willy  Mairesse ,0.12667980790138245
2013,Willy  Mairesse ,0.12719720602035522
2014,Willy  Mairesse ,0.1277894377708435
2015,Willy  Mairesse ,0.12843531370162964
2016,Willy  Mairesse ,0.12907952070236206
2017,Willy  Mairesse ,0.1296088695526123
2018,Willy  Mairesse ,0.1298215091228485
2019,Willy  Mairesse ,0.12939642369747162
2020,Willy  Mairesse ,0.12786979973316193
2021,Willy  Mairesse ,0.12457975745201111
2022,Willy  Mairesse ,0.11832526326179504
2023,Willy  Mairesse ,0.10611218214035034
2024,Willy  Mairesse ,0.08146984875202179
2025,Willy  Mairesse ,0.039903052151203156
2026,Willy  Mairesse ,-0.06969387829303741
2027,Willy  Mairesse ,-0.07349970936775208
2028,Willy  Mairesse ,-0.07349970936775208
2029,Willy  Mairesse ,-0.07349970936775208
2030,Willy  Mairesse ,-0.07349970936775208
1958,Wilson  Fittipaldi ,0.11339947581291199
1959,Wilson  Fittipaldi ,0.11137934029102325
1960,Wilson  Fittipaldi ,0.11179637908935547
1961,Wilson  Fittipaldi ,0.1132342517375946
1962,Wilson  Fittipaldi ,0.11516574025154114
1963,Wilson  Fittipaldi ,0.11716742813587189
1964,Wilson  Fittipaldi ,0.11896362900733948
1965,Wilson  Fittipaldi ,0.12042383849620819
1966,Wilson  Fittipaldi ,0.12150509655475616
1967,Wilson  Fittipaldi ,0.12218910455703735
1968,Wilson  Fittipaldi ,0.12243779003620148
1969,Wilson  Fittipaldi ,0.12220154702663422
1970,Wilson  Fittipaldi ,0.1216026246547699
1971,Wilson  Fittipaldi ,0.12160544097423553
1972,Wilson  Fittipaldi ,0.12665151059627533
1973,Wilson  Fittipaldi ,0.16729886829853058
1974,Wilson  Fittipaldi ,0.12558378279209137
1975,Wilson  Fittipaldi ,0.12187939882278442
1976,Wilson  Fittipaldi ,0.1229185163974762
1977,Wilson  Fittipaldi ,0.12417107820510864
1978,Wilson  Fittipaldi ,0.12478843331336975
1979,Wilson  Fittipaldi ,0.12493255734443665
1980,Wilson  Fittipaldi ,0.12485215067863464
1981,Wilson  Fittipaldi ,0.1247033178806305
1982,Wilson  Fittipaldi ,0.12455832958221436
1983,Wilson  Fittipaldi ,0.12444174289703369
1984,Wilson  Fittipaldi ,0.12435653805732727
1985,Wilson  Fittipaldi ,0.12429791688919067
1986,Wilson  Fittipaldi ,0.1242595911026001
1987,Wilson  Fittipaldi ,0.12423601746559143
1988,Wilson  Fittipaldi ,0.12422272562980652
1989,Wilson  Fittipaldi ,0.12421676516532898
1990,Wilson  Fittipaldi ,0.1242159903049469
1991,Wilson  Fittipaldi ,0.12421920895576477
1992,Wilson  Fittipaldi ,0.1242256760597229
1993,Wilson  Fittipaldi ,0.12423509359359741
1994,Wilson  Fittipaldi ,0.1242474615573883
1995,Wilson  Fittipaldi ,0.12426301836967468
1996,Wilson  Fittipaldi ,0.12428224086761475
1997,Wilson  Fittipaldi ,0.12430569529533386
1998,Wilson  Fittipaldi ,0.12433433532714844
1999,Wilson  Fittipaldi ,0.12436908483505249
2000,Wilson  Fittipaldi ,0.12441137433052063
2001,Wilson  Fittipaldi ,0.12446284294128418
2002,Wilson  Fittipaldi ,0.12452533841133118
2003,Wilson  Fittipaldi ,0.12460151314735413
2004,Wilson  Fittipaldi ,0.12469428777694702
2005,Wilson  Fittipaldi ,0.12480735778808594
2006,Wilson  Fittipaldi ,0.12494528293609619
2007,Wilson  Fittipaldi ,0.1251136064529419
2008,Wilson  Fittipaldi ,0.12531892955303192
2009,Wilson  Fittipaldi ,0.12556907534599304
2010,Wilson  Fittipaldi ,0.12587299942970276
2011,Wilson  Fittipaldi ,0.12624028325080872
2012,Wilson  Fittipaldi ,0.12667980790138245
2013,Wilson  Fittipaldi ,0.12719720602035522
2014,Wilson  Fittipaldi ,0.1277894377708435
2015,Wilson  Fittipaldi ,0.12843531370162964
2016,Wilson  Fittipaldi ,0.12907952070236206
2017,Wilson  Fittipaldi ,0.1296088695526123
2018,Wilson  Fittipaldi ,0.1298215091228485
2019,Wilson  Fittipaldi ,0.12939642369747162
2020,Wilson  Fittipaldi ,0.12786978483200073
2021,Wilson  Fittipaldi ,0.12457975745201111
2022,Wilson  Fittipaldi ,0.11832524836063385
2023,Wilson  Fittipaldi ,0.10611218214035034
2024,Wilson  Fittipaldi ,0.08146984875202179
2025,Wilson  Fittipaldi ,0.039903052151203156
2026,Wilson  Fittipaldi ,-0.06969387829303741
2027,Wilson  Fittipaldi ,-0.07349970936775208
2028,Wilson  Fittipaldi ,-0.07349970936775208
2029,Wilson  Fittipaldi ,-0.07349970936775208
2030,Wilson  Fittipaldi ,-0.07349970936775208
1958,Wolfgang  von Trips ,0.19855397939682007
1959,Wolfgang  von Trips ,0.12223991751670837
1960,Wolfgang  von Trips ,0.24199962615966797
1961,Wolfgang  von Trips ,0.3158663809299469
1962,Wolfgang  von Trips ,0.1200857013463974
1963,Wolfgang  von Trips ,0.1105007529258728
1964,Wolfgang  von Trips ,0.11478009819984436
1965,Wolfgang  von Trips ,0.11980107426643372
1966,Wolfgang  von Trips ,0.12276291847229004
1967,Wolfgang  von Trips ,0.124112069606781
1968,Wolfgang  von Trips ,0.12457965314388275
1969,Wolfgang  von Trips ,0.12465324997901917
1970,Wolfgang  von Trips ,0.12458443641662598
1971,Wolfgang  von Trips ,0.12448389828205109
1972,Wolfgang  von Trips ,0.12439277768135071
1973,Wolfgang  von Trips ,0.12432196736335754
1974,Wolfgang  von Trips ,0.12427100539207458
1975,Wolfgang  von Trips ,0.12423604726791382
1976,Wolfgang  von Trips ,0.12421287596225739
1977,Wolfgang  von Trips ,0.1241980493068695
1978,Wolfgang  von Trips ,0.12418884038925171
1979,Wolfgang  von Trips ,0.1241835206747055
1980,Wolfgang  von Trips ,0.12418067455291748
1981,Wolfgang  von Trips ,0.12417952716350555
1982,Wolfgang  von Trips ,0.12417954206466675
1983,Wolfgang  von Trips ,0.12418040633201599
1984,Wolfgang  von Trips ,0.12418192625045776
1985,Wolfgang  von Trips ,0.12418407201766968
1986,Wolfgang  von Trips ,0.12418681383132935
1987,Wolfgang  von Trips ,0.12419022619724274
1988,Wolfgang  von Trips ,0.12419436872005463
1989,Wolfgang  von Trips ,0.12419943511486053
1990,Wolfgang  von Trips ,0.1242055892944336
1991,Wolfgang  von Trips ,0.12421303987503052
1992,Wolfgang  von Trips ,0.12422206997871399
1993,Wolfgang  von Trips ,0.12423302233219147
1994,Wolfgang  von Trips ,0.12424629926681519
1995,Wolfgang  von Trips ,0.12426236271858215
1996,Wolfgang  von Trips ,0.1242818683385849
1997,Wolfgang  von Trips ,0.12430548667907715
1998,Wolfgang  von Trips ,0.12433423101902008
1999,Wolfgang  von Trips ,0.1243690550327301
2000,Wolfgang  von Trips ,0.12441135942935944
2001,Wolfgang  von Trips ,0.12446281313896179
2002,Wolfgang  von Trips ,0.12452535331249237
2003,Wolfgang  von Trips ,0.12460151314735413
2004,Wolfgang  von Trips ,0.12469427287578583
2005,Wolfgang  von Trips ,0.12480735778808594
2006,Wolfgang  von Trips ,0.12494528293609619
2007,Wolfgang  von Trips ,0.1251136064529419
2008,Wolfgang  von Trips ,0.12531892955303192
2009,Wolfgang  von Trips ,0.12556907534599304
2010,Wolfgang  von Trips ,0.12587299942970276
2011,Wolfgang  von Trips ,0.12624028325080872
2012,Wolfgang  von Trips ,0.12667980790138245
2013,Wolfgang  von Trips ,0.12719720602035522
2014,Wolfgang  von Trips ,0.1277894377708435
2015,Wolfgang  von Trips ,0.12843531370162964
2016,Wolfgang  von Trips ,0.12907952070236206
2017,Wolfgang  von Trips ,0.1296088695526123
2018,Wolfgang  von Trips ,0.1298215091228485
2019,Wolfgang  von Trips ,0.12939642369747162
2020,Wolfgang  von Trips ,0.12786978483200073
2021,Wolfgang  von Trips ,0.12457975745201111
2022,Wolfgang  von Trips ,0.11832524836063385
2023,Wolfgang  von Trips ,0.10611216723918915
2024,Wolfgang  von Trips ,0.08146984875202179
2025,Wolfgang  von Trips ,0.039903052151203156
2026,Wolfgang  von Trips ,-0.06969387829303741
2027,Wolfgang  von Trips ,-0.07349970936775208
2028,Wolfgang  von Trips ,-0.07349970936775208
2029,Wolfgang  von Trips ,-0.07349970936775208
2030,Wolfgang  von Trips ,-0.07349970936775208
1958,Yuji  Ide ,0.11337576806545258
1959,Yuji  Ide ,0.11132737994194031
1960,Yuji  Ide ,0.11172223091125488
1961,Yuji  Ide ,0.11313802003860474
1962,Yuji  Ide ,0.11504656076431274
1963,Yuji  Ide ,0.11702623963356018
1964,Yuji  Ide ,0.11880725622177124
1965,Yuji  Ide ,0.12027256190776825
1966,Yuji  Ide ,0.12140798568725586
1967,Yuji  Ide ,0.12225130200386047
1968,Yuji  Ide ,0.12285859882831573
1969,Yuji  Ide ,0.1232856810092926
1970,Yuji  Ide ,0.12358056008815765
1971,Yuji  Ide ,0.12378112971782684
1972,Yuji  Ide ,0.12391597032546997
1973,Yuji  Ide ,0.12400585412979126
1974,Yuji  Ide ,0.12406536936759949
1975,Yuji  Ide ,0.12410467863082886
1976,Yuji  Ide ,0.12413066625595093
1977,Yuji  Ide ,0.12414808571338654
1978,Yuji  Ide ,0.12416000664234161
1979,Yuji  Ide ,0.12416848540306091
1980,Yuji  Ide ,0.12417499721050262
1981,Yuji  Ide ,0.12418043613433838
1982,Yuji  Ide ,0.1241854578256607
1983,Yuji  Ide ,0.1241905689239502
1984,Yuji  Ide ,0.12419617176055908
1985,Yuji  Ide ,0.12420256435871124
1986,Yuji  Ide ,0.1242101788520813
1987,Yuji  Ide ,0.12421935796737671
1988,Yuji  Ide ,0.12423059344291687
1989,Yuji  Ide ,0.12424437701702118
1990,Yuji  Ide ,0.12426140904426575
1991,Yuji  Ide ,0.12428237497806549
1992,Yuji  Ide ,0.12430819869041443
1993,Yuji  Ide ,0.12433966994285583
1994,Yuji  Ide ,0.12437757849693298
1995,Yuji  Ide ,0.12442193925380707
1996,Yuji  Ide ,0.124471515417099
1997,Yuji  Ide ,0.12452191114425659
1998,Yuji  Ide ,0.1245630532503128
1999,Yuji  Ide ,0.12457466125488281
2000,Yuji  Ide ,0.12452107667922974
2001,Yuji  Ide ,0.12434910237789154
2002,Yuji  Ide ,0.12400056421756744
2003,Yuji  Ide ,0.12347735464572906
2004,Yuji  Ide ,0.12279106676578522
2005,Yuji  Ide ,0.123588427901268
2006,Yuji  Ide ,0.07125547528266907
2007,Yuji  Ide ,0.12140592932701111
2008,Yuji  Ide ,0.1242741048336029
2009,Yuji  Ide ,0.12640564143657684
2010,Yuji  Ide ,0.12714660167694092
2011,Yuji  Ide ,0.12740816175937653
2012,Yuji  Ide ,0.1275797337293625
2013,Yuji  Ide ,0.12783269584178925
2014,Yuji  Ide ,0.12821540236473083
2015,Yuji  Ide ,0.12871083617210388
2016,Yuji  Ide ,0.12925288081169128
2017,Yuji  Ide ,0.12971524894237518
2018,Yuji  Ide ,0.12988519668579102
2019,Yuji  Ide ,0.12943346798419952
2020,Yuji  Ide ,0.12789060175418854
2021,Yuji  Ide ,0.12459096312522888
2022,Yuji  Ide ,0.11833088099956512
2023,Yuji  Ide ,0.1061147153377533
2024,Yuji  Ide ,0.08147068321704865
2025,Yuji  Ide ,0.039903052151203156
2026,Yuji  Ide ,-0.06969387829303741
2027,Yuji  Ide ,-0.07349970936775208
2028,Yuji  Ide ,-0.07349970936775208
2029,Yuji  Ide ,-0.07349970936775208
2030,Yuji  Ide ,-0.07349970936775208
1958,Yuki  Tsunoda ,0.11337573826313019
1959,Yuki  Tsunoda ,0.11132732033729553
1960,Yuki  Tsunoda ,0.11172215640544891
1961,Yuki  Tsunoda ,0.11313790082931519
1962,Yuki  Tsunoda ,0.115046426653862
1963,Yuki  Tsunoda ,0.11702604591846466
1964,Yuki  Tsunoda ,0.11880698800086975
1965,Yuki  Tsunoda ,0.12027226388454437
1966,Yuki  Tsunoda ,0.12140758335590363
1967,Yuki  Tsunoda ,0.12225088477134705
1968,Yuki  Tsunoda ,0.12285804748535156
1969,Yuki  Tsunoda ,0.12328505516052246
1970,Yuki  Tsunoda ,0.12357975542545319
1971,Yuki  Tsunoda ,0.12378016114234924
1972,Yuki  Tsunoda ,0.12391483783721924
1973,Yuki  Tsunoda ,0.12400445342063904
1974,Yuki  Tsunoda ,0.12406367063522339
1975,Yuki  Tsunoda ,0.12410257756710052
1976,Yuki  Tsunoda ,0.12412816286087036
1977,Yuki  Tsunoda ,0.1241450309753418
1978,Yuki  Tsunoda ,0.12415629625320435
1979,Yuki  Tsunoda ,0.12416398525238037
1980,Yuki  Tsunoda ,0.1241694986820221
1981,Yuki  Tsunoda ,0.12417373061180115
1982,Yuki  Tsunoda ,0.12417729198932648
1983,Yuki  Tsunoda ,0.12418058514595032
1984,Yuki  Tsunoda ,0.12418392300605774
1985,Yuki  Tsunoda ,0.12418755888938904
1986,Yuki  Tsunoda ,0.12419170141220093
1987,Yuki  Tsunoda ,0.12419652938842773
1988,Yuki  Tsunoda ,0.12420225143432617
1989,Yuki  Tsunoda ,0.12420913577079773
1990,Yuki  Tsunoda ,0.1242174506187439
1991,Yuki  Tsunoda ,0.12422750890254974
1992,Yuki  Tsunoda ,0.12423965334892273
1993,Yuki  Tsunoda ,0.12425434589385986
1994,Yuki  Tsunoda ,0.1242721825838089
1995,Yuki  Tsunoda ,0.12429384887218475
1996,Yuki  Tsunoda ,0.1243201494216919
1997,Yuki  Tsunoda ,0.12435206770896912
1998,Yuki  Tsunoda ,0.12439092993736267
1999,Yuki  Tsunoda ,0.12443822622299194
2000,Yuki  Tsunoda ,0.12449586391448975
2001,Yuki  Tsunoda ,0.12456613779067993
2002,Yuki  Tsunoda ,0.1246519535779953
2003,Yuki  Tsunoda ,0.1247568130493164
2004,Yuki  Tsunoda ,0.12488509714603424
2005,Yuki  Tsunoda ,0.12504208087921143
2006,Yuki  Tsunoda ,0.1252342313528061
2007,Yuki  Tsunoda ,0.1254691183567047
2008,Yuki  Tsunoda ,0.12575578689575195
2009,Yuki  Tsunoda ,0.12610414624214172
2010,Yuki  Tsunoda ,0.12652446329593658
2011,Yuki  Tsunoda ,0.12702500820159912
2012,Yuki  Tsunoda ,0.127607524394989
2013,Yuki  Tsunoda ,0.1282566785812378
2014,Yuki  Tsunoda ,0.12892085313796997
2015,Yuki  Tsunoda ,0.12948116660118103
2016,Yuki  Tsunoda ,0.12972435355186462
2017,Yuki  Tsunoda ,0.12939339876174927
2018,Yuki  Tsunoda ,0.12856325507164001
2019,Yuki  Tsunoda ,0.12899738550186157
2020,Yuki  Tsunoda ,0.1382836252450943
2021,Yuki  Tsunoda ,0.20623090863227844
2022,Yuki  Tsunoda ,0.17184385657310486
2023,Yuki  Tsunoda ,0.1989929974079132
2024,Yuki  Tsunoda ,0.19421811401844025
2025,Yuki  Tsunoda ,0.12886673212051392
2026,Yuki  Tsunoda ,0.038522884249687195
2027,Yuki  Tsunoda ,0.02416086196899414
2028,Yuki  Tsunoda ,0.02191822975873947
2029,Yuki  Tsunoda ,0.02156902849674225
2030,Yuki  Tsunoda ,0.021514683961868286
1958,Zhou  Guanyu ,0.113375723361969
1959,Zhou  Guanyu ,0.11132732033729553
1960,Zhou  Guanyu ,0.11172214150428772
1961,Zhou  Guanyu ,0.1131378710269928
1962,Zhou  Guanyu ,0.11504638195037842
1963,Zhou  Guanyu ,0.11702604591846466
1964,Zhou  Guanyu ,0.11880697309970856
1965,Zhou  Guanyu ,0.12027224898338318
1966,Zhou  Guanyu ,0.12140756845474243
1967,Zhou  Guanyu ,0.12225082516670227
1968,Zhou  Guanyu ,0.12285800278186798
1969,Zhou  Guanyu ,0.1232849657535553
1970,Zhou  Guanyu ,0.12357963621616364
1971,Zhou  Guanyu ,0.12378007173538208
1972,Zhou  Guanyu ,0.1239146739244461
1973,Zhou  Guanyu ,0.12400427460670471
1974,Zhou  Guanyu ,0.12406344711780548
1975,Zhou  Guanyu ,0.12410230934619904
1976,Zhou  Guanyu ,0.12412780523300171
1977,Zhou  Guanyu ,0.12414462864398956
1978,Zhou  Guanyu ,0.12415580451488495
1979,Zhou  Guanyu ,0.12416340410709381
1980,Zhou  Guanyu ,0.12416881322860718
1981,Zhou  Guanyu ,0.12417289614677429
1982,Zhou  Guanyu ,0.1241762638092041
1983,Zhou  Guanyu ,0.12417934834957123
1984,Zhou  Guanyu ,0.12418241798877716
1985,Zhou  Guanyu ,0.12418568134307861
1986,Zhou  Guanyu ,0.12418945133686066
1987,Zhou  Guanyu ,0.12419378757476807
1988,Zhou  Guanyu ,0.12419898808002472
1989,Zhou  Guanyu ,0.12420517206192017
1990,Zhou  Guanyu ,0.1242126077413559
1991,Zhou  Guanyu ,0.12422159314155579
1992,Zhou  Guanyu ,0.12423250079154968
1993,Zhou  Guanyu ,0.12424567341804504
1994,Zhou  Guanyu ,0.12426167726516724
1995,Zhou  Guanyu ,0.12428106367588043
1996,Zhou  Guanyu ,0.12430459260940552
1997,Zhou  Guanyu ,0.12433317303657532
1998,Zhou  Guanyu ,0.12436790764331818
1999,Zhou  Guanyu ,0.12441013753414154
2000,Zhou  Guanyu ,0.1244615763425827
2001,Zhou  Guanyu ,0.12452426552772522
2002,Zhou  Guanyu ,0.12460070848464966
2003,Zhou  Guanyu ,0.12469413876533508
2004,Zhou  Guanyu ,0.12480834126472473
2005,Zhou  Guanyu ,0.12494811415672302
2006,Zhou  Guanyu ,0.12511929869651794
2007,Zhou  Guanyu ,0.12532898783683777
2008,Zhou  Guanyu ,0.12558557093143463
2009,Zhou  Guanyu ,0.1258988082408905
2010,Zhou  Guanyu ,0.12627939879894257
2011,Zhou  Guanyu ,0.12673768401145935
2012,Zhou  Guanyu ,0.127281054854393
2013,Zhou  Guanyu ,0.12790797650814056
2014,Zhou  Guanyu ,0.12859627604484558
2015,Zhou  Guanyu ,0.12928250432014465
2016,Zhou  Guanyu ,0.1298314332962036
2017,Zhou  Guanyu ,0.13000920414924622
2018,Zhou  Guanyu ,0.1295226365327835
2019,Zhou  Guanyu ,0.12830978631973267
2020,Zhou  Guanyu ,0.1274782419204712
2021,Zhou  Guanyu ,0.13181132078170776
2022,Zhou  Guanyu ,0.14998698234558105
2023,Zhou  Guanyu ,0.142521470785141
2024,Zhou  Guanyu ,0.10544294118881226
2025,Zhou  Guanyu ,0.06496046483516693
2026,Zhou  Guanyu ,0.024865522980690002
2027,Zhou  Guanyu ,0.018650561571121216
2028,Zhou  Guanyu ,0.017694920301437378
2029,Zhou  Guanyu ,0.017548158764839172
2030,Zhou  Guanyu ,0.017525628209114075
1958,Zsolt  Baumgartner ,0.11337582767009735
1959,Zsolt  Baumgartner ,0.11132755875587463
1960,Zsolt  Baumgartner ,0.11172249913215637
1961,Zsolt  Baumgartner ,0.11313837766647339
1962,Zsolt  Baumgartner ,0.11504703760147095
1963,Zsolt  Baumgartner ,0.11702683568000793
1964,Zsolt  Baumgartner ,0.11880797147750854
1965,Zsolt  Baumgartner ,0.12027347087860107
1966,Zsolt  Baumgartner ,0.12140905857086182
1967,Zsolt  Baumgartner ,0.12225264310836792
1968,Zsolt  Baumgartner ,0.12286022305488586
1969,Zsolt  Baumgartner ,0.12328767776489258
1970,Zsolt  Baumgartner ,0.12358294427394867
1971,Zsolt  Baumgartner ,0.12378405034542084
1972,Zsolt  Baumgartner ,0.1239195466041565
1973,Zsolt  Baumgartner ,0.12401014566421509
1974,Zsolt  Baumgartner ,0.12407059967517853
1975,Zsolt  Baumgartner ,0.12411099672317505
1976,Zsolt  Baumgartner ,0.12413841485977173
1977,Zsolt  Baumgartner ,0.12415745854377747
1978,Zsolt  Baumgartner ,0.12417140603065491
1979,Zsolt  Baumgartner ,0.12418240308761597
1980,Zsolt  Baumgartner ,0.12419195473194122
1981,Zsolt  Baumgartner ,0.12420114874839783
1982,Zsolt  Baumgartner ,0.12421080470085144
1983,Zsolt  Baumgartner ,0.12422168254852295
1984,Zsolt  Baumgartner ,0.1242344081401825
1985,Zsolt  Baumgartner ,0.12424972653388977
1986,Zsolt  Baumgartner ,0.12426838278770447
1987,Zsolt  Baumgartner ,0.12429136037826538
1988,Zsolt  Baumgartner ,0.12431967258453369
1989,Zsolt  Baumgartner ,0.12435449659824371
1990,Zsolt  Baumgartner ,0.12439693510532379
1991,Zsolt  Baumgartner ,0.1244477927684784
1992,Zsolt  Baumgartner ,0.12450700998306274
1993,Zsolt  Baumgartner ,0.12457221746444702
1994,Zsolt  Baumgartner ,0.12463632225990295
1995,Zsolt  Baumgartner ,0.12468282878398895
1996,Zsolt  Baumgartner ,0.12467783689498901
1997,Zsolt  Baumgartner ,0.12455898523330688
1998,Zsolt  Baumgartner ,0.12422630190849304
1999,Zsolt  Baumgartner ,0.12355813384056091
2000,Zsolt  Baumgartner ,0.12252922356128693
2001,Zsolt  Baumgartner ,0.12139350175857544
2002,Zsolt  Baumgartner ,0.12330856919288635
2003,Zsolt  Baumgartner ,0.08181263506412506
2004,Zsolt  Baumgartner ,0.11021310091018677
2005,Zsolt  Baumgartner ,0.12426568567752838
2006,Zsolt  Baumgartner ,0.12478111684322357
2007,Zsolt  Baumgartner ,0.12652470171451569
2008,Zsolt  Baumgartner ,0.12728789448738098
2009,Zsolt  Baumgartner ,0.12743671238422394
2010,Zsolt  Baumgartner ,0.12737096846103668
2011,Zsolt  Baumgartner ,0.12733601033687592
2012,Zsolt  Baumgartner ,0.12743687629699707
2013,Zsolt  Baumgartner ,0.12770047783851624
2014,Zsolt  Baumgartner ,0.12811453640460968
2015,Zsolt  Baumgartner ,0.12864047288894653
2016,Zsolt  Baumgartner ,0.12920626997947693
2017,Zsolt  Baumgartner ,0.12968555092811584
2018,Zsolt  Baumgartner ,0.12986689805984497
2019,Zsolt  Baumgartner ,0.1294226050376892
2020,Zsolt  Baumgartner ,0.12788447737693787
2021,Zsolt  Baumgartner ,0.12458769977092743
2022,Zsolt  Baumgartner ,0.11832934617996216
2023,Zsolt  Baumgartner ,0.10611410439014435
2024,Zsolt  Baumgartner ,0.08147060871124268
2025,Zsolt  Baumgartner ,0.039903052151203156
2026,Zsolt  Baumgartner ,-0.06969387829303741
2027,Zsolt  Baumgartner ,-0.07349970936775208
2028,Zsolt  Baumgartner ,-0.07349970936775208
2029,Zsolt  Baumgartner ,-0.07349970936775208
2030,Zsolt  Baumgartner ,-0.07349970936775208
